1769.033476
0.208528,1,2
0.153859,1,3
0.026667,1,5
0.0848,1,8
0.026667,1,9
0.153051,1,12
0.206989,2,1
5.682949,2,3
4.476957,2,4
12.02968,2,5
25.6256,2,6
0.54712,2,7
27.699208,2,8
5.565605,2,9
0.324325,2,10
2.880283,2,11
26.979704,2,12
6.090368,3,1
10.71376,3,2
4.829125,3,4
2.897245,3,5
39.469811,3,6
7.498992,3,7
47.546619,3,8
6.4634,3,9
0.179659,3,10
5.271331,3,11
39.919405,3,12
0.227947,4,1
3.810195,4,2
29.213597,4,3
20.174784,4,5
28.089056,4,6
22.220944,4,7
25.867595,4,8
11.546141,4,9
3.5622,4,10
11.908395,4,11
29.472704,4,12
0.117611,5,1
11.389475,5,2
9.967885,5,3
5.219448,5,4
0.370072,5,6
0.563848,5,7
4.855493,5,8
0.678608,5,9
6.849779,5,11
0.793277,5,12
10.347261,6,2
31.819936,6,3
23.554984,6,4
0.121549,6,5
1.421525,6,7
9.509339,6,8
18.637347,6,9
0.19328,6,10
4.292376,6,11
7.530024,6,12
0.026667,7,1
1.348955,7,2
10.446165,7,3
7.466539,7,4
2.262917,7,5
14.113707,7,6
6.324144,7,8
1.845821,7,9
1.226701,7,10
2.760064,7,11
8.300792,7,12
7.998259,8,2
56.817189,8,3
20.45408,8,4
3.166309,8,5
15.52688,8,6
2.670789,8,7
33.591301,8,9
10.071851,8,10
28.353347,8,11
16.858648,8,12
1.195296,9,1
15.682459,9,2
8.284173,9,3
24.227229,9,4
3.227205,9,5
12.444755,9,6
6.519317,9,7
66.0566,9,8
0.425763,9,10
10.237184,9,11
124.998459,9,12
0.053333,10,2
10.627816,10,4
0.039637,10,5
0.193259,10,6
0.026667,10,7
29.240355,10,8
0.259435,10,9
20.463992,10,11
6.042653,11,2
16.719984,11,3
0.725813,11,4
0.91988,11,5
2.675235,11,6
1.413237,11,7
12.882533,11,8
7.185163,11,9
1.747331,11,10
7.260248,11,12
0.026667,12,1
65.809808,12,2
60.40204,12,3
67.41848,12,4
8.751187,12,5
33.784027,12,6
26.759616,12,7
60.554757,12,8
136.566189,12,9
6.083835,12,10
41.592352,12,11
succeed
0.0,0.208528,0.153859,0.0,0.026667,0.0,0.0,0.0848,0.026667,0.0,0.0,0.153051
0.206989,0.0,5.682949,4.476957,12.02968,25.6256,0.54712,27.699208,5.565605,0.324325,2.880283,26.979704
6.090368,10.71376,0.0,4.829125,2.897245,39.469811,7.498992,47.546619,6.4634,0.179659,5.271331,39.919405
0.227947,3.810195,29.213597,0.0,20.174784,28.089056,22.220944,25.867595,11.546141,3.5622,11.908395,29.472704
0.117611,11.389475,9.967885,5.219448,0.0,0.370072,0.563848,4.855493,0.678608,0.0,6.849779,0.793277
0.0,10.347261,31.819936,23.554984,0.121549,0.0,1.421525,9.509339,18.637347,0.19328,4.292376,7.530024
0.026667,1.348955,10.446165,7.466539,2.262917,14.113707,0.0,6.324144,1.845821,1.226701,2.760064,8.300792
0.0,7.998259,56.817189,20.45408,3.166309,15.52688,2.670789,0.0,33.591301,10.071851,28.353347,16.858648
1.195296,15.682459,8.284173,24.227229,3.227205,12.444755,6.519317,66.0566,0.0,0.425763,10.237184,124.998459
0.0,0.053333,0.0,10.627816,0.039637,0.193259,0.026667,29.240355,0.259435,0.0,20.463992,0.0
0.0,6.042653,16.719984,0.725813,0.91988,2.675235,1.413237,12.882533,7.185163,1.747331,0.0,7.260248
0.026667,65.809808,60.40204,67.41848,8.751187,33.784027,26.759616,60.554757,136.566189,6.083835,41.592352,0.0
