3257.412495
1.033027,1,2
1.354099,1,3
1.979333,1,5
0.651112,1,6
0.101536,1,7
0.053333,1,9
0.995219,1,12
17.449219,2,3
0.211403,2,4
34.105464,2,5
25.836645,2,6
3.700917,2,7
0.026667,2,8
9.183013,2,9
0.629013,2,11
40.50692,2,12
25.463643,3,2
20.536024,3,4
134.368696,3,5
69.219968,3,6
12.281827,3,7
0.424555,3,8
42.432947,3,9
0.053333,3,10
1.216816,3,11
41.172291,3,12
3.755776,4,2
51.756949,4,3
54.688243,4,5
37.117152,4,6
9.484032,4,7
0.052917,4,8
19.884653,4,9
8.515883,4,10
0.164141,4,11
36.406035,4,12
39.019805,5,2
0.825968,5,3
0.08,5,6
0.279163,5,7
5.37296,5,9
0.184152,5,10
0.193085,5,11
109.723733,5,12
23.539264,6,2
114.462357,6,3
20.318445,6,4
94.569645,6,5
8.967904,6,7
0.197397,6,8
62.642968,6,9
0.186907,6,10
2.015733,6,11
54.908877,6,12
5.040533,7,2
31.345189,7,3
5.943659,7,4
16.837483,7,5
14.386811,7,6
0.027283,7,8
8.300893,7,9
1.054848,7,11
22.280629,7,12
28.205861,8,2
5.398109,8,3
23.847469,8,4
192.042477,8,5
0.401251,8,6
1.275336,8,7
76.494544,8,9
14.377835,8,10
19.685304,8,11
101.176608,8,12
32.677424,9,2
89.711256,9,3
40.428253,9,4
146.636507,9,5
56.037909,9,6
16.380405,9,7
0.365229,9,8
0.164603,9,10
5.447888,9,11
123.853544,9,12
0.43788,10,2
7.831797,10,3
8.674715,10,4
3.336643,10,5
0.158525,10,7
46.988515,10,8
7.380899,10,9
46.969077,10,11
1.042939,10,12
9.639597,11,2
0.693493,11,3
5.494264,11,4
28.287627,11,5
0.125589,11,6
4.687491,11,7
24.236768,11,8
10.575312,11,9
5.085373,11,10
14.875301,11,12
139.940768,12,2
75.429608,12,3
8.057608,12,4
215.43088,12,5
77.148187,12,6
18.754341,12,7
0.053333,12,8
167.000869,12,9
0.053333,12,10
4.895459,12,11
succeed
0.0,1.033027,1.354099,0.0,1.979333,0.651112,0.101536,0.0,0.053333,0.0,0.0,0.995219
0.0,0.0,17.449219,0.211403,34.105464,25.836645,3.700917,0.026667,9.183013,0.0,0.629013,40.50692
0.0,25.463643,0.0,20.536024,134.368696,69.219968,12.281827,0.424555,42.432947,0.053333,1.216816,41.172291
0.0,3.755776,51.756949,0.0,54.688243,37.117152,9.484032,0.052917,19.884653,8.515883,0.164141,36.406035
0.0,39.019805,0.825968,0.0,0.0,0.08,0.279163,0.0,5.37296,0.184152,0.193085,109.723733
0.0,23.539264,114.462357,20.318445,94.569645,0.0,8.967904,0.197397,62.642968,0.186907,2.015733,54.908877
0.0,5.040533,31.345189,5.943659,16.837483,14.386811,0.0,0.027283,8.300893,0.0,1.054848,22.280629
0.0,28.205861,5.398109,23.847469,192.042477,0.401251,1.275336,0.0,76.494544,14.377835,19.685304,101.176608
0.0,32.677424,89.711256,40.428253,146.636507,56.037909,16.380405,0.365229,0.0,0.164603,5.447888,123.853544
0.0,0.43788,7.831797,8.674715,3.336643,0.0,0.158525,46.988515,7.380899,0.0,46.969077,1.042939
0.0,9.639597,0.693493,5.494264,28.287627,0.125589,4.687491,24.236768,10.575312,5.085373,0.0,14.875301
0.0,139.940768,75.429608,8.057608,215.43088,77.148187,18.754341,0.053333,167.000869,0.053333,4.895459,0.0
