2385.889955
0.091131,1,3
0.058211,1,5
0.081789,1,6
0.028685,1,7
0.189603,1,8
0.026667,1,11
0.209963,1,12
0.092368,2,1
9.723907,2,3
5.740864,2,4
4.773677,2,5
14.929995,2,6
1.465621,2,7
14.404805,2,8
4.576109,2,9
0.065389,2,10
4.072504,2,11
27.571019,2,12
0.139285,3,1
10.827776,3,2
17.536248,3,4
4.8708,3,5
37.497357,3,6
14.864019,3,7
63.446381,3,8
6.874496,3,9
0.265773,3,10
8.969539,3,11
19.470392,3,12
7.924768,4,2
46.607997,4,3
19.194091,4,5
21.734363,4,6
13.669067,4,7
8.535845,4,8
23.156211,4,9
6.366157,4,10
6.736277,4,11
42.551317,4,12
2.009443,5,1
3.493824,5,2
13.935179,5,3
2.540016,5,4
0.464021,5,6
1.710717,5,7
14.101984,5,8
2.132909,5,9
0.880349,5,11
2.571677,5,12
9.114899,6,2
64.546141,6,3
4.664192,6,4
3.59488,6,5
3.969677,6,7
69.58396,6,8
26.273309,6,9
1.313829,6,10
13.229848,6,11
6.79144,6,12
0.026667,7,1
1.171544,7,2
22.120757,7,3
12.114432,7,4
2.215125,7,5
9.150112,7,6
4.931275,7,8
2.581125,7,9
0.367435,7,10
1.217384,7,11
7.321443,7,12
0.053333,8,1
11.642208,8,2
102.06948,8,3
7.079093,8,4
15.071408,8,5
30.043797,8,6
5.350523,8,7
65.847091,8,9
5.840589,8,10
56.596672,8,11
93.953797,8,12
0.978056,9,1
25.016195,9,2
48.08772,9,3
112.213253,9,4
14.190176,9,5
26.602517,9,6
8.942664,9,7
92.646787,9,8
1.541467,9,10
27.648635,9,11
56.180051,9,12
0.026667,10,2
0.275893,10,3
0.808752,10,4
0.06304,10,5
0.295616,10,6
19.118696,10,7
38.759205,10,8
0.163755,10,9
31.037824,10,11
0.053333,10,12
0.054237,11,1
9.513101,11,2
26.563371,11,3
1.771187,11,4
0.696909,11,5
4.480243,11,6
2.772747,11,7
27.058059,11,8
8.196219,11,9
2.856744,11,10
5.189923,11,12
0.113544,12,1
62.945512,12,2
83.80756,12,3
36.802781,12,4
14.536627,12,5
45.478749,12,6
8.170917,12,7
132.955541,12,8
177.153104,12,9
5.244568,12,10
51.84996,12,11
succeed
0.0,0.0,0.091131,0.0,0.058211,0.081789,0.028685,0.189603,0.0,0.0,0.026667,0.209963
0.092368,0.0,9.723907,5.740864,4.773677,14.929995,1.465621,14.404805,4.576109,0.065389,4.072504,27.571019
0.139285,10.827776,0.0,17.536248,4.8708,37.497357,14.864019,63.446381,6.874496,0.265773,8.969539,19.470392
0.0,7.924768,46.607997,0.0,19.194091,21.734363,13.669067,8.535845,23.156211,6.366157,6.736277,42.551317
2.009443,3.493824,13.935179,2.540016,0.0,0.464021,1.710717,14.101984,2.132909,0.0,0.880349,2.571677
0.0,9.114899,64.546141,4.664192,3.59488,0.0,3.969677,69.58396,26.273309,1.313829,13.229848,6.79144
0.026667,1.171544,22.120757,12.114432,2.215125,9.150112,0.0,4.931275,2.581125,0.367435,1.217384,7.321443
0.053333,11.642208,102.06948,7.079093,15.071408,30.043797,5.350523,0.0,65.847091,5.840589,56.596672,93.953797
0.978056,25.016195,48.08772,112.213253,14.190176,26.602517,8.942664,92.646787,0.0,1.541467,27.648635,56.180051
0.0,0.026667,0.275893,0.808752,0.06304,0.295616,19.118696,38.759205,0.163755,0.0,31.037824,0.053333
0.054237,9.513101,26.563371,1.771187,0.696909,4.480243,2.772747,27.058059,8.196219,2.856744,0.0,5.189923
0.113544,62.945512,83.80756,36.802781,14.536627,45.478749,8.170917,132.955541,177.153104,5.244568,51.84996,0.0
