3997.260721
0.539581,1,2
0.968955,1,3
3.764093,1,5
1.003805,1,6
0.852619,1,7
0.718784,1,9
0.057899,1,11
1.132413,1,12
30.756237,2,3
0.026667,2,4
58.497349,2,5
39.557909,2,6
5.604443,2,7
0.026667,2,8
15.591181,2,9
0.041899,2,10
0.285675,2,11
55.191752,2,12
44.036472,3,2
39.059765,3,4
150.601021,3,5
88.234581,3,6
18.263624,3,7
0.093736,3,8
69.128931,3,9
2.856387,3,11
46.017677,3,12
7.698432,4,2
73.43312,4,3
34.703237,4,5
29.493203,4,6
9.877973,4,7
0.036,4,8
21.230021,4,9
6.132152,4,10
0.355787,4,11
36.77092,4,12
46.098419,5,2
2.561312,5,3
0.053333,5,6
8.461752,5,9
0.106667,5,11
138.800912,5,12
27.47564,6,2
150.810915,6,3
18.979168,6,4
75.349973,6,5
10.345155,6,7
0.297227,6,8
94.561725,6,9
0.286453,6,10
0.888808,6,11
63.271589,6,12
9.29708,7,2
29.583584,7,3
18.691659,7,4
24.856515,7,5
16.280232,7,6
0.04,7,8
7.5554,7,9
0.174933,7,11
19.666349,7,12
35.681445,8,2
11.493949,8,3
12.005349,8,4
258.553155,8,5
0.472312,8,6
0.236597,8,7
96.902885,8,9
13.735517,8,10
39.890213,8,11
123.340789,8,12
63.995421,9,2
107.362099,9,3
38.131392,9,4
176.801133,9,5
65.586952,9,6
24.678675,9,7
0.133939,9,8
0.026667,9,10
3.58592,9,11
153.332803,9,12
3.712595,10,2
0.117728,10,3
2.428363,10,4
7.441843,10,5
0.233259,10,7
56.578037,10,8
1.1782,10,9
62.045429,10,11
0.475299,10,12
10.916408,11,2
1.505296,11,3
7.175541,11,4
36.307165,11,5
0.106667,11,6
4.971437,11,7
49.342901,11,8
15.046533,11,9
4.501523,11,10
16.470181,11,12
123.045256,12,2
190.166011,12,3
13.260224,12,4
236.236715,12,5
38.462011,12,6
22.841888,12,7
0.08,12,8
198.368965,12,9
0.026667,12,10
11.1356,12,11
succeed
0.0,0.539581,0.968955,0.0,3.764093,1.003805,0.852619,0.0,0.718784,0.0,0.057899,1.132413
0.0,0.0,30.756237,0.026667,58.497349,39.557909,5.604443,0.026667,15.591181,0.041899,0.285675,55.191752
0.0,44.036472,0.0,39.059765,150.601021,88.234581,18.263624,0.093736,69.128931,0.0,2.856387,46.017677
0.0,7.698432,73.43312,0.0,34.703237,29.493203,9.877973,0.036,21.230021,6.132152,0.355787,36.77092
0.0,46.098419,2.561312,0.0,0.0,0.053333,0.0,0.0,8.461752,0.0,0.106667,138.800912
0.0,27.47564,150.810915,18.979168,75.349973,0.0,10.345155,0.297227,94.561725,0.286453,0.888808,63.271589
0.0,9.29708,29.583584,18.691659,24.856515,16.280232,0.0,0.04,7.5554,0.0,0.174933,19.666349
0.0,35.681445,11.493949,12.005349,258.553155,0.472312,0.236597,0.0,96.902885,13.735517,39.890213,123.340789
0.0,63.995421,107.362099,38.131392,176.801133,65.586952,24.678675,0.133939,0.0,0.026667,3.58592,153.332803
0.0,3.712595,0.117728,2.428363,7.441843,0.0,0.233259,56.578037,1.1782,0.0,62.045429,0.475299
0.0,10.916408,1.505296,7.175541,36.307165,0.106667,4.971437,49.342901,15.046533,4.501523,0.0,16.470181
0.0,123.045256,190.166011,13.260224,236.236715,38.462011,22.841888,0.08,198.368965,0.026667,11.1356,0.0
