3960.962397
0.217525,1,2
0.404632,1,3
0.112221,1,4
0.114984,1,5
0.401749,1,6
0.173248,1,7
0.497555,1,8
0.272819,1,9
0.013333,1,10
0.421003,1,11
1.781416,1,12
2.716627,2,1
22.50256,2,3
5.87516,2,4
10.339115,2,5
19.862675,2,6
20.873024,2,7
20.693319,2,8
5.142637,2,9
4.513756,2,10
8.313704,2,11
78.409032,2,12
1.076384,3,1
22.846627,3,2
21.788621,3,4
21.991613,3,5
64.604821,3,6
16.823419,3,7
86.703403,3,8
34.660253,3,9
8.529168,3,10
20.469253,3,11
36.326395,3,12
0.147371,4,1
11.435075,4,2
83.501923,4,3
28.252091,4,5
25.7428,4,6
27.609037,4,7
104.313368,4,8
28.929896,4,9
22.09344,4,10
10.621616,4,11
56.135861,4,12
5.005269,5,1
8.628144,5,2
41.253493,5,3
4.313024,5,4
13.307125,5,6
7.119125,5,7
16.255464,5,8
7.765083,5,9
1.288149,5,10
7.049125,5,11
11.863435,5,12
0.281443,6,1
32.241829,6,2
145.116237,6,3
10.007789,6,4
10.851261,6,5
12.796315,6,7
34.053496,6,8
41.691741,6,9
3.250219,6,10
23.405677,6,11
48.905573,6,12
0.788707,7,1
3.823731,7,2
32.795875,7,3
7.390251,7,4
4.067763,7,5
12.886901,7,6
21.002141,7,8
4.348187,7,9
1.439904,7,10
2.638379,7,11
24.578267,7,12
3.384432,8,1
25.544016,8,2
161.825688,8,3
27.35484,8,4
22.672656,8,5
80.372523,8,6
23.110821,8,7
119.536795,8,9
23.221845,8,10
37.255288,8,11
141.988589,8,12
1.556184,9,1
41.924125,9,2
133.65684,9,3
49.733037,9,4
21.384555,9,5
67.300877,9,6
22.057091,9,7
110.572323,9,8
7.170608,9,10
28.263493,9,11
159.782896,9,12
0.026667,10,1
0.640275,10,2
2.117013,10,3
5.139179,10,4
1.057579,10,5
2.637909,10,6
0.686728,10,7
65.494155,10,8
1.076584,10,9
41.388024,10,11
1.418733,10,12
0.026667,11,1
25.536024,11,2
37.517701,11,3
4.470557,11,4
4.718136,11,5
11.512952,11,6
6.957989,11,7
31.441981,11,8
14.444296,11,9
6.941763,11,10
35.32124,11,12
2.898093,12,1
138.876891,12,2
110.148947,12,3
77.019381,12,4
40.986891,12,5
90.264688,12,6
26.639744,12,7
127.791256,12,8
143.002997,12,9
9.031203,12,10
43.596981,12,11
succeed
0.0,0.217525,0.404632,0.112221,0.114984,0.401749,0.173248,0.497555,0.272819,0.013333,0.421003,1.781416
2.716627,0.0,22.50256,5.87516,10.339115,19.862675,20.873024,20.693319,5.142637,4.513756,8.313704,78.409032
1.076384,22.846627,0.0,21.788621,21.991613,64.604821,16.823419,86.703403,34.660253,8.529168,20.469253,36.326395
0.147371,11.435075,83.501923,0.0,28.252091,25.7428,27.609037,104.313368,28.929896,22.09344,10.621616,56.135861
5.005269,8.628144,41.253493,4.313024,0.0,13.307125,7.119125,16.255464,7.765083,1.288149,7.049125,11.863435
0.281443,32.241829,145.116237,10.007789,10.851261,0.0,12.796315,34.053496,41.691741,3.250219,23.405677,48.905573
0.788707,3.823731,32.795875,7.390251,4.067763,12.886901,0.0,21.002141,4.348187,1.439904,2.638379,24.578267
3.384432,25.544016,161.825688,27.35484,22.672656,80.372523,23.110821,0.0,119.536795,23.221845,37.255288,141.988589
1.556184,41.924125,133.65684,49.733037,21.384555,67.300877,22.057091,110.572323,0.0,7.170608,28.263493,159.782896
0.026667,0.640275,2.117013,5.139179,1.057579,2.637909,0.686728,65.494155,1.076584,0.0,41.388024,1.418733
0.026667,25.536024,37.517701,4.470557,4.718136,11.512952,6.957989,31.441981,14.444296,6.941763,0.0,35.32124
2.898093,138.876891,110.148947,77.019381,40.986891,90.264688,26.639744,127.791256,143.002997,9.031203,43.596981,0.0
