1901.614149
0.062275,1,2
0.853925,1,3
0.02888,1,5
0.053333,1,6
0.297579,1,7
0.053333,1,8
1.17024,1,9
0.040416,1,11
0.630933,1,12
0.14364,2,1
8.541992,2,3
3.190005,2,4
1.619827,2,5
11.050595,2,6
1.572899,2,7
18.073532,2,8
5.173189,2,9
0.190455,2,10
6.524221,2,11
18.130851,2,12
0.620877,3,1
17.012784,3,2
21.344379,3,4
10.111448,3,5
52.654459,3,6
8.832797,3,7
35.786352,3,8
21.644016,3,9
1.900048,3,10
8.239019,3,11
24.144872,3,12
0.182157,4,1
5.018059,4,2
50.010443,4,3
19.943064,4,5
25.974171,4,6
10.231656,4,7
9.269493,4,8
12.786813,4,9
10.988899,4,10
25.552179,4,11
52.204637,4,12
0.100725,5,1
1.471741,5,2
8.119792,5,3
0.962915,5,4
4.047987,5,6
2.797917,5,7
5.022661,5,8
2.720283,5,9
1.890491,5,10
2.179072,5,11
6.5566,5,12
0.814893,6,1
7.69556,6,2
20.262168,6,3
10.418088,6,4
2.268128,6,5
3.284208,6,7
8.613224,6,8
8.796933,6,9
1.407213,6,10
16.967875,6,11
9.295595,6,12
3.214189,7,1
2.178344,7,2
14.21868,7,3
5.089189,7,4
4.484872,7,5
14.65772,7,6
8.104931,7,8
2.823979,7,9
2.628805,7,10
4.961123,7,11
17.226811,7,12
0.649016,8,1
21.502701,8,2
55.846848,8,3
9.480667,8,4
16.23244,8,5
20.353973,8,6
4.398867,8,7
35.82024,8,9
23.967355,8,10
36.479179,8,11
50.376152,8,12
0.327613,9,1
17.825035,9,2
19.662283,9,3
23.511997,9,4
7.049749,9,5
24.002464,9,6
16.85472,9,7
62.424653,9,8
0.805328,9,10
29.201469,9,11
52.080261,9,12
10.051509,10,4
1.15032,10,6
32.189016,10,8
36.897701,10,11
0.389643,10,12
7.854653,11,2
46.560917,11,3
3.012032,11,4
2.103352,11,5
2.606619,11,6
5.963176,11,7
17.201304,11,8
5.842517,11,9
17.587296,11,10
9.704235,11,12
0.240624,12,1
69.534635,12,2
69.399536,12,3
34.89864,12,4
34.752288,12,5
26.272867,12,6
8.398749,12,7
75.645003,12,8
112.38956,12,9
1.963608,12,10
33.013885,12,11
succeed
0.0,0.062275,0.853925,0.0,0.02888,0.053333,0.297579,0.053333,1.17024,0.0,0.040416,0.630933
0.14364,0.0,8.541992,3.190005,1.619827,11.050595,1.572899,18.073532,5.173189,0.190455,6.524221,18.130851
0.620877,17.012784,0.0,21.344379,10.111448,52.654459,8.832797,35.786352,21.644016,1.900048,8.239019,24.144872
0.182157,5.018059,50.010443,0.0,19.943064,25.974171,10.231656,9.269493,12.786813,10.988899,25.552179,52.204637
0.100725,1.471741,8.119792,0.962915,0.0,4.047987,2.797917,5.022661,2.720283,1.890491,2.179072,6.5566
0.814893,7.69556,20.262168,10.418088,2.268128,0.0,3.284208,8.613224,8.796933,1.407213,16.967875,9.295595
3.214189,2.178344,14.21868,5.089189,4.484872,14.65772,0.0,8.104931,2.823979,2.628805,4.961123,17.226811
0.649016,21.502701,55.846848,9.480667,16.23244,20.353973,4.398867,0.0,35.82024,23.967355,36.479179,50.376152
0.327613,17.825035,19.662283,23.511997,7.049749,24.002464,16.85472,62.424653,0.0,0.805328,29.201469,52.080261
0.0,0.0,0.0,10.051509,0.0,1.15032,0.0,32.189016,0.0,0.0,36.897701,0.389643
0.0,7.854653,46.560917,3.012032,2.103352,2.606619,5.963176,17.201304,5.842517,17.587296,0.0,9.704235
0.240624,69.534635,69.399536,34.89864,34.752288,26.272867,8.398749,75.645003,112.38956,1.963608,33.013885,0.0
