3093.705295
0.384669,1,2
2.009096,1,3
0.152699,1,4
0.186232,1,5
0.906432,1,6
0.452368,1,7
2.273813,1,8
1.596675,1,9
0.207424,1,10
0.480435,1,11
0.690101,1,12
0.51684,2,1
22.652493,2,3
3.992339,2,4
4.247277,2,5
18.277472,2,6
4.489384,2,7
19.805172,2,8
4.920347,2,9
0.608524,2,10
6.609139,2,11
34.768544,2,12
2.832896,3,1
23.734139,3,2
20.680933,3,4
19.476755,3,5
52.243512,3,6
17.69808,3,7
101.760813,3,8
25.803739,3,9
2.679693,3,10
9.312837,3,11
36.335275,3,12
0.329963,4,1
5.643045,4,2
94.948915,4,3
14.136333,4,5
28.63284,4,6
15.455832,4,7
15.345328,4,8
27.724443,4,9
3.115739,4,10
5.585464,4,11
39.887731,4,12
1.727093,5,1
4.728253,5,2
19.022835,5,3
3.890219,5,4
8.718347,5,6
2.688205,5,7
12.303395,5,8
6.978381,5,9
0.471925,5,10
2.637341,5,11
10.662643,5,12
1.151968,6,1
17.402469,6,2
111.508149,6,3
19.070845,6,4
12.902837,6,5
11.020387,6,7
64.822469,6,8
78.607808,6,9
1.575397,6,10
13.077008,6,11
40.267827,6,12
0.2838,7,1
4.777816,7,2
40.711221,7,3
9.154445,7,4
3.587259,7,5
13.607821,7,6
8.379507,7,8
10.478141,7,9
0.400781,7,10
5.394296,7,11
22.125675,7,12
2.294072,8,1
20.771219,8,2
93.754883,8,3
11.326197,8,4
46.377504,8,5
53.225227,8,6
14.337704,8,7
87.187624,8,9
9.843293,8,10
19.488008,8,11
102.656352,8,12
3.290563,9,1
14.141653,9,2
70.068933,9,3
41.773992,9,4
16.857211,9,5
58.180597,9,6
23.054685,9,7
98.433307,9,8
6.920541,9,10
27.880003,9,11
234.618603,9,12
0.182325,10,1
0.37304,10,2
1.275093,10,3
1.778013,10,4
0.800224,10,5
1.393245,10,6
0.818088,10,7
40.165723,10,8
0.795544,10,9
47.253547,10,11
0.275227,10,12
0.673664,11,1
8.397632,11,2
16.477861,11,3
3.990691,11,4
8.59684,11,5
11.760051,11,6
3.350616,11,7
25.228469,11,8
11.060397,11,9
3.762045,11,10
7.635245,11,12
0.667,12,1
55.582008,12,2
81.768085,12,3
73.395101,12,4
13.129781,12,5
33.485765,12,6
16.22572,12,7
115.108885,12,8
159.833736,12,9
2.613152,12,10
31.641968,12,11
succeed
0.0,0.384669,2.009096,0.152699,0.186232,0.906432,0.452368,2.273813,1.596675,0.207424,0.480435,0.690101
0.51684,0.0,22.652493,3.992339,4.247277,18.277472,4.489384,19.805172,4.920347,0.608524,6.609139,34.768544
2.832896,23.734139,0.0,20.680933,19.476755,52.243512,17.69808,101.760813,25.803739,2.679693,9.312837,36.335275
0.329963,5.643045,94.948915,0.0,14.136333,28.63284,15.455832,15.345328,27.724443,3.115739,5.585464,39.887731
1.727093,4.728253,19.022835,3.890219,0.0,8.718347,2.688205,12.303395,6.978381,0.471925,2.637341,10.662643
1.151968,17.402469,111.508149,19.070845,12.902837,0.0,11.020387,64.822469,78.607808,1.575397,13.077008,40.267827
0.2838,4.777816,40.711221,9.154445,3.587259,13.607821,0.0,8.379507,10.478141,0.400781,5.394296,22.125675
2.294072,20.771219,93.754883,11.326197,46.377504,53.225227,14.337704,0.0,87.187624,9.843293,19.488008,102.656352
3.290563,14.141653,70.068933,41.773992,16.857211,58.180597,23.054685,98.433307,0.0,6.920541,27.880003,234.618603
0.182325,0.37304,1.275093,1.778013,0.800224,1.393245,0.818088,40.165723,0.795544,0.0,47.253547,0.275227
0.673664,8.397632,16.477861,3.990691,8.59684,11.760051,3.350616,25.228469,11.060397,3.762045,0.0,7.635245
0.667,55.582008,81.768085,73.395101,13.129781,33.485765,16.22572,115.108885,159.833736,2.613152,31.641968,0.0
