4310.060337
1.314445,1,2
1.018349,1,3
0.129853,1,4
0.56072,1,5
0.671755,1,6
0.288765,1,7
0.281957,1,8
2.358203,1,9
0.202483,1,10
1.488565,1,11
2.084749,1,12
1.787403,2,1
32.675635,2,3
5.432995,2,4
18.57256,2,5
33.213424,2,6
13.95544,2,7
18.57254,2,8
23.145381,2,9
1.822209,2,10
22.244088,2,11
64.407893,2,12
4.494408,3,1
69.136931,3,2
18.407789,3,4
19.918677,3,5
71.728395,3,6
20.478163,3,7
58.459811,3,8
28.136501,3,9
8.098709,3,10
35.503685,3,11
64.781811,3,12
0.854461,4,1
13.00928,4,2
55.155389,4,3
19.306109,4,5
21.628437,4,6
31.162611,4,7
27.690307,4,8
13.029245,4,9
24.447416,4,10
30.015291,4,11
45.569515,4,12
3.51516,5,1
8.640117,5,2
21.005632,5,3
2.109197,5,4
11.634992,5,6
14.228627,5,7
10.553491,5,8
9.446627,5,9
0.589197,5,10
22.839365,5,11
13.067829,5,12
2.899216,6,1
20.999413,6,2
140.747093,6,3
18.151752,6,4
17.367288,6,5
22.928968,6,7
23.052277,6,8
25.805104,6,9
4.134405,6,10
50.996741,6,11
55.697032,6,12
0.379219,7,1
16.771168,7,2
32.992685,7,3
14.755576,7,4
7.507485,7,5
18.756224,7,6
5.236083,7,8
14.671416,7,9
11.605176,7,10
17.428512,7,11
15.037515,7,12
0.839568,8,1
26.476387,8,2
102.984869,8,3
19.654469,8,4
21.610685,8,5
26.984629,8,6
13.4858,8,7
54.762659,8,9
28.562035,8,10
67.468989,8,11
109.941624,8,12
4.505512,9,1
67.785064,9,2
49.823803,9,3
29.207683,9,4
28.677363,9,5
72.729163,9,6
28.711032,9,7
81.30348,9,8
8.552955,9,10
33.080208,9,11
187.616733,9,12
0.206275,10,3
6.956963,10,4
0.343147,10,5
5.848067,10,6
0.106568,10,7
15.196208,10,8
0.186187,10,9
22.324928,10,11
0.290757,10,12
2.22952,11,1
70.754381,11,2
119.119216,11,3
66.457141,11,4
49.238077,11,5
94.66824,11,6
66.186787,11,7
33.570461,11,8
23.749848,11,9
12.558808,11,10
98.47192,11,12
9.561133,12,1
116.516309,12,2
115.021707,12,3
103.797579,12,4
61.214147,12,5
74.761656,12,6
36.041456,12,7
112.53128,12,8
254.743715,12,9
24.520971,12,10
65.32924,12,11
succeed
0.0,1.314445,1.018349,0.129853,0.56072,0.671755,0.288765,0.281957,2.358203,0.202483,1.488565,2.084749
1.787403,0.0,32.675635,5.432995,18.57256,33.213424,13.95544,18.57254,23.145381,1.822209,22.244088,64.407893
4.494408,69.136931,0.0,18.407789,19.918677,71.728395,20.478163,58.459811,28.136501,8.098709,35.503685,64.781811
0.854461,13.00928,55.155389,0.0,19.306109,21.628437,31.162611,27.690307,13.029245,24.447416,30.015291,45.569515
3.51516,8.640117,21.005632,2.109197,0.0,11.634992,14.228627,10.553491,9.446627,0.589197,22.839365,13.067829
2.899216,20.999413,140.747093,18.151752,17.367288,0.0,22.928968,23.052277,25.805104,4.134405,50.996741,55.697032
0.379219,16.771168,32.992685,14.755576,7.507485,18.756224,0.0,5.236083,14.671416,11.605176,17.428512,15.037515
0.839568,26.476387,102.984869,19.654469,21.610685,26.984629,13.4858,0.0,54.762659,28.562035,67.468989,109.941624
4.505512,67.785064,49.823803,29.207683,28.677363,72.729163,28.711032,81.30348,0.0,8.552955,33.080208,187.616733
0.0,0.0,0.206275,6.956963,0.343147,5.848067,0.106568,15.196208,0.186187,0.0,22.324928,0.290757
2.22952,70.754381,119.119216,66.457141,49.238077,94.66824,66.186787,33.570461,23.749848,12.558808,0.0,98.47192
9.561133,116.516309,115.021707,103.797579,61.214147,74.761656,36.041456,112.53128,254.743715,24.520971,65.32924,0.0
