2555.104106
0.136269,1,2
0.340264,1,3
0.592504,1,5
0.625451,1,6
0.026667,1,7
0.026869,1,11
0.391565,1,12
13.791117,2,3
0.277099,2,4
32.818363,2,5
18.284816,2,6
3.550168,2,7
11.689232,2,9
1.113117,2,11
31.188283,2,12
28.269045,3,2
29.595683,3,4
128.441051,3,5
54.986939,3,6
15.46008,3,7
0.176539,3,8
23.716613,3,9
1.890773,3,11
32.398437,3,12
5.694301,4,2
54.070141,4,3
22.208651,4,5
29.1852,4,6
3.43636,4,7
16.877784,4,9
6.470317,4,10
0.291392,4,11
38.734291,4,12
22.247016,5,2
0.742221,5,3
0.053333,5,4
0.026667,5,6
0.026667,5,7
2.683376,5,9
0.08,5,11
90.128061,5,12
10.687107,6,2
105.610685,6,3
8.140379,6,4
79.045837,6,5
6.400419,6,7
0.142397,6,8
32.353859,6,9
0.053333,6,10
0.679755,6,11
32.251611,6,12
3.242157,7,2
27.066693,7,3
5.641813,7,4
17.510147,7,5
16.890819,7,6
0.198701,7,8
5.001829,7,9
0.265429,7,11
10.678408,7,12
14.530149,8,2
13.6508,8,3
16.036163,8,4
114.920933,8,5
0.210227,8,6
0.374477,8,7
53.082432,8,9
15.125616,8,10
26.405352,8,11
84.50224,8,12
25.293467,9,2
51.248587,9,3
33.427821,9,4
122.512763,9,5
54.495395,9,6
12.819731,9,7
0.283875,9,8
2.777917,9,11
70.778008,9,12
0.524128,10,2
7.320208,10,3
1.545909,10,4
7.095027,10,5
0.804043,10,7
37.119763,10,8
2.951331,10,9
49.549595,10,11
0.304528,10,12
8.155603,11,2
1.402173,11,3
3.719597,11,4
23.808819,11,5
0.08108,11,6
2.579547,11,7
27.243611,11,8
6.362336,11,9
3.971784,11,10
8.560077,11,12
83.235536,12,2
72.576384,12,3
6.831637,12,4
201.564333,12,5
52.210384,12,6
11.471661,12,7
0.053333,12,8
129.023544,12,9
0.053333,12,10
7.904749,12,11
succeed
0.0,0.136269,0.340264,0.0,0.592504,0.625451,0.026667,0.0,0.0,0.0,0.026869,0.391565
0.0,0.0,13.791117,0.277099,32.818363,18.284816,3.550168,0.0,11.689232,0.0,1.113117,31.188283
0.0,28.269045,0.0,29.595683,128.441051,54.986939,15.46008,0.176539,23.716613,0.0,1.890773,32.398437
0.0,5.694301,54.070141,0.0,22.208651,29.1852,3.43636,0.0,16.877784,6.470317,0.291392,38.734291
0.0,22.247016,0.742221,0.053333,0.0,0.026667,0.026667,0.0,2.683376,0.0,0.08,90.128061
0.0,10.687107,105.610685,8.140379,79.045837,0.0,6.400419,0.142397,32.353859,0.053333,0.679755,32.251611
0.0,3.242157,27.066693,5.641813,17.510147,16.890819,0.0,0.198701,5.001829,0.0,0.265429,10.678408
0.0,14.530149,13.6508,16.036163,114.920933,0.210227,0.374477,0.0,53.082432,15.125616,26.405352,84.50224
0.0,25.293467,51.248587,33.427821,122.512763,54.495395,12.819731,0.283875,0.0,0.0,2.777917,70.778008
0.0,0.524128,7.320208,1.545909,7.095027,0.0,0.804043,37.119763,2.951331,0.0,49.549595,0.304528
0.0,8.155603,1.402173,3.719597,23.808819,0.08108,2.579547,27.243611,6.362336,3.971784,0.0,8.560077
0.0,83.235536,72.576384,6.831637,201.564333,52.210384,11.471661,0.053333,129.023544,0.053333,7.904749,0.0
