2786.034694
0.217125,1,2
0.990475,1,3
0.212533,1,4
0.063347,1,5
0.921371,1,6
0.11936,1,7
0.139125,1,8
0.227581,1,9
0.08,1,11
0.626085,1,12
0.101075,2,1
15.294043,2,3
5.388568,2,4
31.858731,2,5
14.283595,2,6
4.071421,2,7
13.360016,2,8
9.899589,2,9
1.006643,2,10
4.639725,2,11
39.275048,2,12
0.379859,3,1
23.696976,3,2
33.03316,3,4
9.967579,3,5
29.744611,3,6
13.083155,3,7
24.233603,3,8
23.580456,3,9
4.338637,3,10
8.724563,3,11
54.5862,3,12
0.450501,4,1
8.205032,4,2
88.140176,4,3
23.747373,4,5
28.157792,4,6
28.037771,4,7
25.8766,4,8
13.605232,4,9
11.322048,4,10
59.012533,4,11
58.063501,4,12
0.278624,5,1
4.279075,5,2
13.664813,5,3
2.079232,5,4
9.511541,5,6
2.714565,5,7
4.8724,5,8
5.393821,5,9
0.181683,5,10
1.402072,5,11
10.495523,5,12
2.912144,6,1
27.766803,6,2
71.189739,6,3
14.349792,6,4
3.682808,6,5
9.337307,6,7
15.757355,6,8
39.962411,6,9
1.912507,6,10
9.103389,6,11
29.976104,6,12
0.541611,7,1
2.810168,7,2
19.812997,7,3
16.242864,7,4
4.502472,7,5
17.599053,7,6
1.976627,7,8
7.154677,7,9
0.397549,7,10
4.384624,7,11
9.082784,7,12
0.230701,8,1
12.516987,8,2
58.589613,8,3
26.071205,8,4
15.754576,8,5
44.395491,8,6
10.750941,8,7
30.384325,8,9
19.230493,8,10
19.676283,8,11
124.085987,8,12
1.992824,9,1
41.609371,9,2
46.481808,9,3
30.868333,9,4
15.094797,9,5
17.625264,9,6
7.265096,9,7
71.388979,9,8
10.771576,9,10
22.8894,9,11
82.180229,9,12
0.053333,10,2
3.71876,10,3
9.204336,10,4
1.078045,10,5
0.311648,10,6
0.026667,10,7
32.486373,10,8
0.08,10,9
41.469261,10,11
0.106667,10,12
0.488547,11,1
11.708091,11,2
24.079013,11,3
18.83892,11,4
8.414208,11,5
13.080507,11,6
4.896016,11,7
28.689856,11,8
22.20368,11,9
14.310005,11,10
11.103643,11,12
8.567715,12,1
108.256344,12,2
119.78912,12,3
56.112069,12,4
27.250893,12,5
41.949907,12,6
27.109475,12,7
140.497981,12,8
176.660923,12,9
8.303459,12,10
37.243005,12,11
succeed
0.0,0.217125,0.990475,0.212533,0.063347,0.921371,0.11936,0.139125,0.227581,0.0,0.08,0.626085
0.101075,0.0,15.294043,5.388568,31.858731,14.283595,4.071421,13.360016,9.899589,1.006643,4.639725,39.275048
0.379859,23.696976,0.0,33.03316,9.967579,29.744611,13.083155,24.233603,23.580456,4.338637,8.724563,54.5862
0.450501,8.205032,88.140176,0.0,23.747373,28.157792,28.037771,25.8766,13.605232,11.322048,59.012533,58.063501
0.278624,4.279075,13.664813,2.079232,0.0,9.511541,2.714565,4.8724,5.393821,0.181683,1.402072,10.495523
2.912144,27.766803,71.189739,14.349792,3.682808,0.0,9.337307,15.757355,39.962411,1.912507,9.103389,29.976104
0.541611,2.810168,19.812997,16.242864,4.502472,17.599053,0.0,1.976627,7.154677,0.397549,4.384624,9.082784
0.230701,12.516987,58.589613,26.071205,15.754576,44.395491,10.750941,0.0,30.384325,19.230493,19.676283,124.085987
1.992824,41.609371,46.481808,30.868333,15.094797,17.625264,7.265096,71.388979,0.0,10.771576,22.8894,82.180229
0.0,0.053333,3.71876,9.204336,1.078045,0.311648,0.026667,32.486373,0.08,0.0,41.469261,0.106667
0.488547,11.708091,24.079013,18.83892,8.414208,13.080507,4.896016,28.689856,22.20368,14.310005,0.0,11.103643
8.567715,108.256344,119.78912,56.112069,27.250893,41.949907,27.109475,140.497981,176.660923,8.303459,37.243005,0.0
