1927.890451
0.028107,1,2
1.413032,1,3
0.073739,1,5
0.053333,1,7
0.053333,1,8
0.027808,1,11
0.178752,1,12
0.026667,2,1
5.582256,2,3
3.667251,2,4
28.439939,2,5
16.181501,2,6
1.611016,2,7
17.818752,2,8
5.339104,2,9
0.069123,2,10
5.748429,2,11
30.485803,2,12
1.277091,3,1
20.221331,3,2
4.873003,3,4
5.923421,3,5
28.016941,3,6
4.218843,3,7
32.9244,3,8
7.836939,3,9
0.423661,3,10
9.204539,3,11
21.782163,3,12
0.147627,4,1
4.873293,4,2
46.174504,4,3
18.368264,4,5
26.609512,4,6
16.321947,4,7
11.968563,4,8
10.454152,4,9
4.687173,4,10
25.170304,4,11
40.033245,4,12
2.227725,5,1
10.715168,5,2
5.982931,5,3
0.694469,5,4
1.761051,5,6
0.754179,5,7
7.732765,5,8
4.410952,5,9
0.026667,5,10
5.676339,5,11
1.1076,5,12
0.048149,6,1
8.172512,6,2
29.635483,6,3
4.995459,6,4
0.30052,6,5
1.068325,6,7
28.303491,6,8
15.024128,6,9
0.089469,6,10
14.740605,6,11
9.405691,6,12
0.026667,7,1
4.685451,7,2
13.232235,7,3
18.233221,7,4
4.333507,7,5
10.050576,7,6
3.516576,7,8
11.840827,7,9
2.422613,7,10
4.252608,7,11
7.462013,7,12
0.167773,8,1
20.032581,8,2
62.445205,8,3
7.133443,8,4
7.3896,8,5
12.897755,8,6
3.043755,8,7
30.610139,8,9
24.1904,8,10
40.382272,8,11
43.810395,8,12
0.971477,9,1
23.632173,9,2
25.226501,9,3
23.368949,9,4
6.428512,9,5
17.352856,9,6
4.22644,9,7
62.28592,9,8
0.726621,9,10
30.849051,9,11
87.611328,9,12
0.7,10,2
0.548192,10,4
0.209509,10,6
36.231808,10,8
0.165472,10,9
47.471699,10,11
6.633549,11,2
17.722213,11,3
2.397013,11,4
4.397248,11,5
23.953627,11,6
2.526331,11,7
15.377797,11,8
5.772152,11,9
9.150501,11,10
5.101011,11,12
66.267283,12,2
129.905299,12,3
51.968968,12,4
12.686803,12,5
40.659667,12,6
18.023635,12,7
43.167789,12,8
106.663837,12,9
0.770573,12,10
53.396496,12,11
succeed
0.0,0.028107,1.413032,0.0,0.073739,0.0,0.053333,0.053333,0.0,0.0,0.027808,0.178752
0.026667,0.0,5.582256,3.667251,28.439939,16.181501,1.611016,17.818752,5.339104,0.069123,5.748429,30.485803
1.277091,20.221331,0.0,4.873003,5.923421,28.016941,4.218843,32.9244,7.836939,0.423661,9.204539,21.782163
0.147627,4.873293,46.174504,0.0,18.368264,26.609512,16.321947,11.968563,10.454152,4.687173,25.170304,40.033245
2.227725,10.715168,5.982931,0.694469,0.0,1.761051,0.754179,7.732765,4.410952,0.026667,5.676339,1.1076
0.048149,8.172512,29.635483,4.995459,0.30052,0.0,1.068325,28.303491,15.024128,0.089469,14.740605,9.405691
0.026667,4.685451,13.232235,18.233221,4.333507,10.050576,0.0,3.516576,11.840827,2.422613,4.252608,7.462013
0.167773,20.032581,62.445205,7.133443,7.3896,12.897755,3.043755,0.0,30.610139,24.1904,40.382272,43.810395
0.971477,23.632173,25.226501,23.368949,6.428512,17.352856,4.22644,62.28592,0.0,0.726621,30.849051,87.611328
0.0,0.7,0.0,0.548192,0.0,0.209509,0.0,36.231808,0.165472,0.0,47.471699,0.0
0.0,6.633549,17.722213,2.397013,4.397248,23.953627,2.526331,15.377797,5.772152,9.150501,0.0,5.101011
0.0,66.267283,129.905299,51.968968,12.686803,40.659667,18.023635,43.167789,106.663837,0.770573,53.396496,0.0
