2568.0778099999998
0.371221,1,2
0.996355,1,3
0.169576,1,5
0.136512,1,6
0.227264,1,7
0.576189,1,8
0.189077,1,9
0.944189,1,12
0.402243,2,1
8.542221,2,3
13.796461,2,4
32.251128,2,5
28.123112,2,6
2.739688,2,7
13.829943,2,8
9.6896,2,9
0.509473,2,10
5.981864,2,11
42.056629,2,12
11.502509,3,1
28.442584,3,2
25.90556,3,4
4.926651,3,5
30.872797,3,6
4.546637,3,7
54.150544,3,8
14.703232,3,9
0.9158,3,10
4.983403,3,11
43.056157,3,12
0.192819,4,1
23.585061,4,2
59.007533,4,3
20.996053,4,5
44.900864,4,6
21.410139,4,7
5.834755,4,8
15.734128,4,9
6.579461,4,10
13.050413,4,11
39.541304,4,12
2.89488,5,1
17.598149,5,2
16.198787,5,3
0.957357,5,4
2.830507,5,6
7.574619,5,7
10.242264,5,8
3.257147,5,9
0.082229,5,10
0.934381,5,11
7.164707,5,12
0.175685,6,1
30.601501,6,2
80.138624,6,3
17.824283,6,4
3.43044,6,5
5.387549,6,7
14.56284,6,8
14.496787,6,9
0.985304,6,10
14.491733,6,11
20.049515,6,12
0.340197,7,1
4.702304,7,2
16.666867,7,3
9.061731,7,4
4.264893,7,5
24.974411,7,6
10.324077,7,8
4.057853,7,9
1.630704,7,10
3.066381,7,11
8.458229,7,12
0.653912,8,1
24.029376,8,2
137.01752,8,3
12.306648,8,4
3.674637,8,5
32.656728,8,6
9.081043,8,7
28.056008,8,9
10.115576,8,10
60.900992,8,11
36.9834,8,12
7.051811,9,1
47.280192,9,2
54.971707,9,3
25.276235,9,4
7.670619,9,5
31.157051,9,6
15.318083,9,7
48.065608,9,8
0.658453,9,10
19.044184,9,11
125.255288,9,12
0.026667,10,1
0.455192,10,2
0.967552,10,3
8.239397,10,4
0.263139,10,5
0.629299,10,6
0.111781,10,7
30.999315,10,8
0.284699,10,9
28.018923,10,11
0.583429,10,12
0.063155,11,1
13.418395,11,2
28.99956,11,3
1.879685,11,4
3.042413,11,5
18.246216,11,6
2.65844,11,7
17.580445,11,8
11.550619,11,9
11.450707,11,10
13.504421,11,12
1.981085,12,1
109.980853,12,2
95.635299,12,3
52.959739,12,4
18.144712,12,5
91.842683,12,6
20.067168,12,7
62.402669,12,8
160.855728,12,9
1.144851,12,10
27.066419,12,11
succeed
0.0,0.371221,0.996355,0.0,0.169576,0.136512,0.227264,0.576189,0.189077,0.0,0.0,0.944189
0.402243,0.0,8.542221,13.796461,32.251128,28.123112,2.739688,13.829943,9.6896,0.509473,5.981864,42.056629
11.502509,28.442584,0.0,25.90556,4.926651,30.872797,4.546637,54.150544,14.703232,0.9158,4.983403,43.056157
0.192819,23.585061,59.007533,0.0,20.996053,44.900864,21.410139,5.834755,15.734128,6.579461,13.050413,39.541304
2.89488,17.598149,16.198787,0.957357,0.0,2.830507,7.574619,10.242264,3.257147,0.082229,0.934381,7.164707
0.175685,30.601501,80.138624,17.824283,3.43044,0.0,5.387549,14.56284,14.496787,0.985304,14.491733,20.049515
0.340197,4.702304,16.666867,9.061731,4.264893,24.974411,0.0,10.324077,4.057853,1.630704,3.066381,8.458229
0.653912,24.029376,137.01752,12.306648,3.674637,32.656728,9.081043,0.0,28.056008,10.115576,60.900992,36.9834
7.051811,47.280192,54.971707,25.276235,7.670619,31.157051,15.318083,48.065608,0.0,0.658453,19.044184,125.255288
0.026667,0.455192,0.967552,8.239397,0.263139,0.629299,0.111781,30.999315,0.284699,0.0,28.018923,0.583429
0.063155,13.418395,28.99956,1.879685,3.042413,18.246216,2.65844,17.580445,11.550619,11.450707,0.0,13.504421
1.981085,109.980853,95.635299,52.959739,18.144712,91.842683,20.067168,62.402669,160.855728,1.144851,27.066419,0.0
