3972.499778
0.545408,1,2
0.361368,1,3
0.179592,1,4
0.280861,1,5
0.335384,1,6
0.053333,1,7
0.404416,1,8
0.445115,1,9
0.013333,1,10
1.304187,1,11
0.545349,1,12
0.693483,2,1
23.465363,2,3
4.325629,2,4
13.535472,2,5
39.070227,2,6
7.404525,2,7
43.280888,2,8
23.799475,2,9
1.248269,2,10
26.246507,2,11
57.090379,2,12
1.847149,3,1
144.130923,3,2
15.397416,3,4
23.167704,3,5
155.779075,3,6
23.020163,3,7
67.811027,3,8
27.136379,3,9
3.954659,3,10
38.661077,3,11
49.273405,3,12
0.512032,4,1
14.952936,4,2
66.42956,4,3
45.564363,4,5
26.097152,4,6
33.823155,4,7
26.768091,4,8
19.429744,4,9
18.455893,4,10
36.79808,4,11
28.646037,4,12
4.057424,5,1
6.10344,5,2
20.33352,5,3
6.736341,5,4
7.436819,5,6
3.787355,5,7
6.889109,5,8
2.542984,5,9
0.223781,5,10
15.560056,5,11
7.040187,5,12
0.947797,6,1
20.039544,6,2
72.461365,6,3
6.807904,6,4
4.342112,6,5
12.188469,6,7
19.138939,6,8
19.430179,6,9
2.403419,6,10
40.168368,6,11
25.598883,6,12
0.607091,7,1
10.322179,7,2
28.870736,7,3
10.711496,7,4
5.194349,7,5
28.221011,7,6
12.859328,7,8
3.089885,7,9
3.481016,7,10
16.328389,7,11
42.224717,7,12
1.003288,8,1
23.289245,8,2
101.896717,8,3
35.222064,8,4
27.749016,8,5
25.106893,8,6
11.782755,8,7
46.762224,8,9
12.854544,8,10
66.868715,8,11
82.915203,8,12
2.189427,9,1
50.49236,9,2
63.163453,9,3
30.664461,9,4
18.8628,9,5
47.433507,9,6
21.839723,9,7
76.086043,9,8
6.686355,9,10
24.274296,9,11
93.300344,9,12
0.279504,10,2
0.152173,10,3
16.449077,10,4
0.085981,10,5
0.532048,10,6
0.113365,10,7
13.75332,10,8
0.047328,10,9
23.40824,10,11
0.109053,10,12
4.044085,11,1
72.746808,11,2
111.185435,11,3
50.319253,11,4
40.041072,11,5
89.042301,11,6
63.020053,11,7
14.449976,11,8
28.013403,11,9
17.565701,11,10
92.258525,11,12
1.469091,12,1
167.092275,12,2
98.588619,12,3
95.739336,12,4
33.272899,12,5
95.666251,12,6
23.073235,12,7
90.716795,12,8
209.137632,12,9
12.141544,12,10
59.109192,12,11
succeed
0.0,0.545408,0.361368,0.179592,0.280861,0.335384,0.053333,0.404416,0.445115,0.013333,1.304187,0.545349
0.693483,0.0,23.465363,4.325629,13.535472,39.070227,7.404525,43.280888,23.799475,1.248269,26.246507,57.090379
1.847149,144.130923,0.0,15.397416,23.167704,155.779075,23.020163,67.811027,27.136379,3.954659,38.661077,49.273405
0.512032,14.952936,66.42956,0.0,45.564363,26.097152,33.823155,26.768091,19.429744,18.455893,36.79808,28.646037
4.057424,6.10344,20.33352,6.736341,0.0,7.436819,3.787355,6.889109,2.542984,0.223781,15.560056,7.040187
0.947797,20.039544,72.461365,6.807904,4.342112,0.0,12.188469,19.138939,19.430179,2.403419,40.168368,25.598883
0.607091,10.322179,28.870736,10.711496,5.194349,28.221011,0.0,12.859328,3.089885,3.481016,16.328389,42.224717
1.003288,23.289245,101.896717,35.222064,27.749016,25.106893,11.782755,0.0,46.762224,12.854544,66.868715,82.915203
2.189427,50.49236,63.163453,30.664461,18.8628,47.433507,21.839723,76.086043,0.0,6.686355,24.274296,93.300344
0.0,0.279504,0.152173,16.449077,0.085981,0.532048,0.113365,13.75332,0.047328,0.0,23.40824,0.109053
4.044085,72.746808,111.185435,50.319253,40.041072,89.042301,63.020053,14.449976,28.013403,17.565701,0.0,92.258525
1.469091,167.092275,98.588619,95.739336,33.272899,95.666251,23.073235,90.716795,209.137632,12.141544,59.109192,0.0
