1804.083038
0.055859,1,2
0.145435,1,3
0.085955,1,5
0.093333,1,8
0.342163,1,9
0.013333,1,10
0.147893,1,12
0.137147,2,1
3.499037,2,3
4.928107,2,4
1.085269,2,5
27.799219,2,6
1.410637,2,7
9.229987,2,8
7.671813,2,9
0.29796,2,10
2.886421,2,11
29.665851,2,12
0.026667,3,1
15.346,3,2
21.658595,3,4
4.932501,3,5
17.408312,3,6
6.758803,3,7
33.847933,3,8
12.943704,3,9
0.158717,3,10
2.938373,3,11
15.234931,3,12
0.153824,4,1
1.737187,4,2
40.57488,4,3
11.950765,4,5
33.486784,4,6
9.565725,4,7
6.802325,4,8
12.210152,4,9
3.8358,4,10
3.459765,4,11
42.096379,4,12
2.100472,5,1
1.754509,5,2
5.084984,5,3
0.744629,5,4
2.252645,5,6
1.283464,5,7
11.936971,5,8
2.952104,5,9
0.450389,5,11
1.979509,5,12
0.028,6,1
25.808339,6,2
45.829933,6,3
21.496461,6,4
1.076213,6,5
3.067403,6,7
38.267557,6,8
25.894624,6,9
0.775888,6,10
8.609768,6,11
18.344595,6,12
0.077077,7,1
1.225891,7,2
15.797691,7,3
6.702549,7,4
2.478277,7,5
10.883211,7,6
9.853965,7,8
2.279621,7,9
0.053333,7,10
4.555309,7,11
9.565869,7,12
0.060149,8,1
15.063707,8,2
75.329128,8,3
4.067589,8,4
5.775168,8,5
23.012803,8,6
7.833992,8,7
41.078768,8,9
15.176219,8,10
18.661349,8,11
14.298715,8,12
0.312267,9,1
15.547955,9,2
8.210995,9,3
24.982696,9,4
22.508504,9,5
15.52168,9,6
6.607309,9,7
69.036733,9,8
1.87256,9,10
11.979077,9,11
66.572384,9,12
0.08,10,2
5.795112,10,4
0.026667,10,5
0.248699,10,6
30.730715,10,8
0.250325,10,9
32.505205,10,11
0.026667,10,12
6.367616,11,2
14.230371,11,3
3.163171,11,4
7.508205,11,5
9.183797,11,6
1.007941,11,7
10.901699,11,8
8.961315,11,9
1.006208,11,10
8.403883,11,12
0.066843,12,1
97.955816,12,2
41.496003,12,3
57.196773,12,4
14.268341,12,5
81.636717,12,6
15.040584,12,7
73.811179,12,8
127.294312,12,9
0.940275,12,10
20.634061,12,11
succeed
0.0,0.055859,0.145435,0.0,0.085955,0.0,0.0,0.093333,0.342163,0.013333,0.0,0.147893
0.137147,0.0,3.499037,4.928107,1.085269,27.799219,1.410637,9.229987,7.671813,0.29796,2.886421,29.665851
0.026667,15.346,0.0,21.658595,4.932501,17.408312,6.758803,33.847933,12.943704,0.158717,2.938373,15.234931
0.153824,1.737187,40.57488,0.0,11.950765,33.486784,9.565725,6.802325,12.210152,3.8358,3.459765,42.096379
2.100472,1.754509,5.084984,0.744629,0.0,2.252645,1.283464,11.936971,2.952104,0.0,0.450389,1.979509
0.028,25.808339,45.829933,21.496461,1.076213,0.0,3.067403,38.267557,25.894624,0.775888,8.609768,18.344595
0.077077,1.225891,15.797691,6.702549,2.478277,10.883211,0.0,9.853965,2.279621,0.053333,4.555309,9.565869
0.060149,15.063707,75.329128,4.067589,5.775168,23.012803,7.833992,0.0,41.078768,15.176219,18.661349,14.298715
0.312267,15.547955,8.210995,24.982696,22.508504,15.52168,6.607309,69.036733,0.0,1.87256,11.979077,66.572384
0.0,0.08,0.0,5.795112,0.026667,0.248699,0.0,30.730715,0.250325,0.0,32.505205,0.026667
0.0,6.367616,14.230371,3.163171,7.508205,9.183797,1.007941,10.901699,8.961315,1.006208,0.0,8.403883
0.066843,97.955816,41.496003,57.196773,14.268341,81.636717,15.040584,73.811179,127.294312,0.940275,20.634061,0.0
