2576.040464
0.08,1,2
0.465483,1,3
0.143893,1,4
0.706555,1,5
0.433523,1,6
0.367155,1,7
2.719925,1,8
2.231581,1,9
0.214448,1,11
1.467973,1,12
1.133824,2,1
14.078755,2,3
6.116344,2,4
2.851568,2,5
10.401501,2,6
5.605933,2,7
13.529341,2,8
6.229024,2,9
2.644093,2,10
4.6266,2,11
47.029245,2,12
0.218763,3,1
7.239501,3,2
16.372696,3,4
10.351941,3,5
30.832688,3,6
14.249563,3,7
32.47304,3,8
2.963253,3,9
3.200536,3,10
10.426981,3,11
5.780323,3,12
0.806749,4,1
4.263573,4,2
67.653885,4,3
22.397115,4,5
29.714147,4,6
19.348227,4,7
8.533019,4,8
23.386403,4,9
12.229149,4,10
11.882952,4,11
56.683109,4,12
2.479197,5,1
2.639696,5,2
19.905459,5,3
2.459851,5,4
7.548512,5,6
3.363088,5,7
97.119291,5,8
8.619896,5,9
0.628139,5,10
3.904085,5,11
3.916224,5,12
0.921741,6,1
5.865011,6,2
92.994093,6,3
12.948915,6,4
5.836403,6,5
10.737819,6,7
26.808112,6,8
21.465837,6,9
5.691483,6,10
18.245251,6,11
32.588485,6,12
0.165117,7,1
1.668517,7,2
31.134928,7,3
11.214832,7,4
7.148069,7,5
13.058381,7,6
9.560485,7,8
12.176643,7,9
2.85724,7,10
4.369829,7,11
8.639501,7,12
1.100984,8,1
7.269368,8,2
122.870096,8,3
20.739803,8,4
16.550947,8,5
24.056267,8,6
9.430816,8,7
40.587008,8,9
9.982141,8,10
26.823813,8,11
46.397016,8,12
1.852045,9,1
23.13952,9,2
93.097965,9,3
35.938355,9,4
25.159621,9,5
28.304368,9,6
14.245021,9,7
73.923528,9,8
5.723024,9,10
33.904077,9,11
53.287267,9,12
0.159579,10,2
3.522552,10,3
6.928733,10,4
1.093203,10,5
0.886296,10,6
0.911827,10,7
36.438112,10,8
1.881912,10,9
83.982288,10,11
0.372387,10,12
0.134077,11,1
5.622944,11,2
56.460005,11,3
5.425152,11,4
4.489597,11,5
12.3112,11,6
9.301032,11,7
30.022504,11,8
17.129235,11,9
11.990211,11,10
8.299104,11,12
120.839603,12,2
70.754565,12,3
38.422336,12,4
16.430256,12,5
28.667531,12,6
35.249448,12,7
74.637621,12,8
140.733565,12,9
1.939235,12,10
33.856797,12,11
succeed
0.0,0.08,0.465483,0.143893,0.706555,0.433523,0.367155,2.719925,2.231581,0.0,0.214448,1.467973
1.133824,0.0,14.078755,6.116344,2.851568,10.401501,5.605933,13.529341,6.229024,2.644093,4.6266,47.029245
0.218763,7.239501,0.0,16.372696,10.351941,30.832688,14.249563,32.47304,2.963253,3.200536,10.426981,5.780323
0.806749,4.263573,67.653885,0.0,22.397115,29.714147,19.348227,8.533019,23.386403,12.229149,11.882952,56.683109
2.479197,2.639696,19.905459,2.459851,0.0,7.548512,3.363088,97.119291,8.619896,0.628139,3.904085,3.916224
0.921741,5.865011,92.994093,12.948915,5.836403,0.0,10.737819,26.808112,21.465837,5.691483,18.245251,32.588485
0.165117,1.668517,31.134928,11.214832,7.148069,13.058381,0.0,9.560485,12.176643,2.85724,4.369829,8.639501
1.100984,7.269368,122.870096,20.739803,16.550947,24.056267,9.430816,0.0,40.587008,9.982141,26.823813,46.397016
1.852045,23.13952,93.097965,35.938355,25.159621,28.304368,14.245021,73.923528,0.0,5.723024,33.904077,53.287267
0.0,0.159579,3.522552,6.928733,1.093203,0.886296,0.911827,36.438112,1.881912,0.0,83.982288,0.372387
0.134077,5.622944,56.460005,5.425152,4.489597,12.3112,9.301032,30.022504,17.129235,11.990211,0.0,8.299104
0.0,120.839603,70.754565,38.422336,16.430256,28.667531,35.249448,74.637621,140.733565,1.939235,33.856797,0.0
