1913.725377
0.030485,1,2
0.278739,1,3
0.033008,1,5
0.026667,1,6
0.026667,1,7
0.473448,1,8
0.026667,1,11
0.992675,1,12
0.085627,2,1
7.722019,2,3
3.028056,2,4
7.278555,2,5
24.00168,2,6
0.392051,2,7
12.175212,2,8
4.553315,2,9
0.354479,2,10
3.319485,2,11
23.112579,2,12
0.123296,3,1
8.322773,3,2
11.208235,3,4
4.039992,3,5
22.469808,3,6
2.985608,3,7
64.329245,3,8
6.852797,3,9
1.993893,3,10
5.817853,3,11
21.141696,3,12
0.16096,4,1
0.891672,4,2
31.994307,4,3
16.182381,4,5
26.567317,4,6
22.737691,4,7
16.403744,4,8
35.810507,4,9
3.506416,4,10
14.575699,4,11
27.057824,4,12
2.216741,5,1
6.523411,5,2
8.996024,5,3
0.887843,5,4
1.538149,5,6
0.746131,5,7
6.001091,5,8
4.070064,5,9
0.39652,5,11
1.481845,5,12
0.122869,6,1
10.707371,6,2
32.070768,6,3
8.180883,6,4
2.412509,6,5
1.611472,6,7
32.486632,6,8
9.919403,6,9
0.063733,6,10
9.887141,6,11
7.455027,6,12
0.669125,7,2
9.956235,7,3
20.180536,7,4
4.745168,7,5
8.661475,7,6
6.105821,7,8
2.830075,7,9
2.123856,7,10
3.255795,7,11
7.895411,7,12
0.216,8,1
22.981845,8,2
70.040472,8,3
8.040787,8,4
4.836528,8,5
20.924224,8,6
6.49424,8,7
51.960008,8,9
9.893496,8,10
37.599525,8,11
74.087432,8,12
0.053333,9,1
21.484224,9,2
29.670531,9,3
25.496395,9,4
18.203133,9,5
21.987456,9,6
8.305496,9,7
94.938037,9,8
1.801467,9,10
24.611475,9,11
36.287101,9,12
1.704616,10,2
0.201699,10,3
0.800963,10,4
0.056875,10,5
0.329384,10,6
37.910152,10,8
0.136,10,9
23.461496,10,11
0.091296,10,12
8.373651,11,2
12.660115,11,3
3.010525,11,4
1.196261,11,5
4.068904,11,6
1.343768,11,7
22.606771,11,8
9.025352,11,9
5.986877,11,10
4.554616,11,12
0.107664,12,1
99.403515,12,2
51.469771,12,3
58.472059,12,4
18.550245,12,5
30.895811,12,6
6.554387,12,7
107.797275,12,8
123.357552,12,9
11.849464,12,10
30.550856,12,11
succeed
0.0,0.030485,0.278739,0.0,0.033008,0.026667,0.026667,0.473448,0.0,0.0,0.026667,0.992675
0.085627,0.0,7.722019,3.028056,7.278555,24.00168,0.392051,12.175212,4.553315,0.354479,3.319485,23.112579
0.123296,8.322773,0.0,11.208235,4.039992,22.469808,2.985608,64.329245,6.852797,1.993893,5.817853,21.141696
0.16096,0.891672,31.994307,0.0,16.182381,26.567317,22.737691,16.403744,35.810507,3.506416,14.575699,27.057824
2.216741,6.523411,8.996024,0.887843,0.0,1.538149,0.746131,6.001091,4.070064,0.0,0.39652,1.481845
0.122869,10.707371,32.070768,8.180883,2.412509,0.0,1.611472,32.486632,9.919403,0.063733,9.887141,7.455027
0.0,0.669125,9.956235,20.180536,4.745168,8.661475,0.0,6.105821,2.830075,2.123856,3.255795,7.895411
0.216,22.981845,70.040472,8.040787,4.836528,20.924224,6.49424,0.0,51.960008,9.893496,37.599525,74.087432
0.053333,21.484224,29.670531,25.496395,18.203133,21.987456,8.305496,94.938037,0.0,1.801467,24.611475,36.287101
0.0,1.704616,0.201699,0.800963,0.056875,0.329384,0.0,37.910152,0.136,0.0,23.461496,0.091296
0.0,8.373651,12.660115,3.010525,1.196261,4.068904,1.343768,22.606771,9.025352,5.986877,0.0,4.554616
0.107664,99.403515,51.469771,58.472059,18.550245,30.895811,6.554387,107.797275,123.357552,11.849464,30.550856,0.0
