2535.0914150000003
0.313976,1,3
0.026667,1,4
0.068029,1,5
0.765941,1,7
0.209899,1,8
0.026667,1,9
0.026667,1,11
0.852269,1,12
0.612128,2,1
2.462125,2,3
3.932981,2,4
3.4426,2,5
10.326877,2,6
17.35604,2,7
22.970648,2,8
7.15952,2,9
0.026667,2,10
2.828717,2,11
27.184072,2,12
0.040371,3,1
14.189184,3,2
5.340296,3,4
5.236488,3,5
38.632856,3,6
6.338317,3,7
43.462101,3,8
11.629173,3,9
0.953104,3,10
9.50072,3,11
18.122925,3,12
0.120587,4,1
5.094485,4,2
68.604011,4,3
33.032619,4,5
26.511907,4,6
21.817912,4,7
22.916027,4,8
24.079299,4,9
4.885875,4,10
17.538155,4,11
49.429563,4,12
1.423552,5,1
1.322568,5,2
10.107965,5,3
1.582653,5,4
0.832432,5,6
1.636931,5,7
2.890405,5,8
1.288,5,9
0.026667,5,10
2.298773,5,11
1.547469,5,12
10.165741,6,2
41.303403,6,3
6.509592,6,4
0.586179,6,5
3.115955,6,7
17.860843,6,8
12.850141,6,9
0.613251,6,10
12.119827,6,11
10.081752,6,12
1.4108,7,2
11.133651,7,3
5.574344,7,4
4.749664,7,5
17.020973,7,6
4.777853,7,8
1.639899,7,9
3.103173,7,10
4.159083,7,11
10.819493,7,12
0.14336,8,1
20.013704,8,2
80.624381,8,3
23.717205,8,4
5.560899,8,5
10.104027,8,6
4.462192,8,7
31.979283,8,9
21.268904,8,10
50.379845,8,11
73.066659,8,12
1.191301,9,1
31.115568,9,2
15.616312,9,3
27.481211,9,4
4.729035,9,5
13.430283,9,6
4.329365,9,7
63.525056,9,8
1.524008,9,10
26.136592,9,11
31.971083,9,12
0.026667,10,1
0.428629,10,2
0.026667,10,3
3.783448,10,4
0.197371,10,6
32.144528,10,8
0.08,10,9
39.409552,10,11
0.612373,10,12
1.318667,11,1
4.154216,11,2
17.877576,11,3
2.8696,11,4
1.191944,11,5
3.821296,11,6
3.055261,11,7
471.35144,11,8
11.800869,11,9
7.433309,11,10
33.947587,11,12
0.101008,12,1
86.901013,12,2
42.149157,12,3
60.882525,12,4
30.945243,12,5
40.5982,12,6
15.64356,12,7
127.948021,12,8
173.394608,12,9
2.292435,12,10
43.712875,12,11
succeed
0.0,0.0,0.313976,0.026667,0.068029,0.0,0.765941,0.209899,0.026667,0.0,0.026667,0.852269
0.612128,0.0,2.462125,3.932981,3.4426,10.326877,17.35604,22.970648,7.15952,0.026667,2.828717,27.184072
0.040371,14.189184,0.0,5.340296,5.236488,38.632856,6.338317,43.462101,11.629173,0.953104,9.50072,18.122925
0.120587,5.094485,68.604011,0.0,33.032619,26.511907,21.817912,22.916027,24.079299,4.885875,17.538155,49.429563
1.423552,1.322568,10.107965,1.582653,0.0,0.832432,1.636931,2.890405,1.288,0.026667,2.298773,1.547469
0.0,10.165741,41.303403,6.509592,0.586179,0.0,3.115955,17.860843,12.850141,0.613251,12.119827,10.081752
0.0,1.4108,11.133651,5.574344,4.749664,17.020973,0.0,4.777853,1.639899,3.103173,4.159083,10.819493
0.14336,20.013704,80.624381,23.717205,5.560899,10.104027,4.462192,0.0,31.979283,21.268904,50.379845,73.066659
1.191301,31.115568,15.616312,27.481211,4.729035,13.430283,4.329365,63.525056,0.0,1.524008,26.136592,31.971083
0.026667,0.428629,0.026667,3.783448,0.0,0.197371,0.0,32.144528,0.08,0.0,39.409552,0.612373
1.318667,4.154216,17.877576,2.8696,1.191944,3.821296,3.055261,471.35144,11.800869,7.433309,0.0,33.947587
0.101008,86.901013,42.149157,60.882525,30.945243,40.5982,15.64356,127.948021,173.394608,2.292435,43.712875,0.0
