2237.711542
0.382072,1,2
0.185517,1,3
0.040512,1,4
0.163104,1,5
0.778192,1,6
0.074952,1,7
0.136272,1,8
0.109856,1,9
1.077627,1,11
0.588944,1,12
0.275363,2,1
20.174701,2,3
8.172803,2,4
4.211291,2,5
24.204912,2,6
3.245893,2,7
15.59326,2,8
5.985323,2,9
0.157663,2,10
16.847717,2,11
36.944235,2,12
0.855515,3,1
22.465819,3,2
20.976445,3,4
13.463579,3,5
44.736755,3,6
13.875699,3,7
24.796891,3,8
9.351603,3,9
1.544229,3,10
23.042408,3,11
25.484989,3,12
0.309717,4,1
16.717565,4,2
50.394317,4,3
19.709125,4,5
12.302771,4,6
21.179011,4,7
6.962067,4,8
4.685675,4,9
38.298619,4,10
25.079624,4,11
20.232869,4,12
5.000088,5,1
11.558261,5,2
9.079109,5,3
2.116109,5,4
3.001723,5,6
2.980173,5,7
6.519851,5,8
3.157835,5,9
0.539651,5,10
7.782725,5,11
16.125968,5,12
3.046595,6,1
19.485504,6,2
29.351291,6,3
11.554563,6,4
3.362283,6,5
8.942995,6,7
9.918707,6,8
8.459933,6,9
4.161768,6,10
30.188893,6,11
17.518427,6,12
0.063379,7,1
4.430651,7,2
21.078045,7,3
11.099917,7,4
6.771083,7,5
21.293003,7,6
4.775269,7,8
6.419093,7,9
2.824613,7,10
13.454763,7,11
30.890795,7,12
0.062357,8,1
16.916896,8,2
52.932843,8,3
23.575539,8,4
4.125181,8,5
17.408248,8,6
13.167907,8,7
25.568653,8,9
17.745635,8,10
59.411299,8,11
52.774677,8,12
0.294768,9,1
21.805536,9,2
16.432904,9,3
15.931229,9,4
8.998629,9,5
17.308576,9,6
15.801576,9,7
57.169643,9,8
1.685661,9,10
25.585437,9,11
51.494301,9,12
0.026667,10,2
0.590496,10,4
0.492131,10,5
1.317653,10,6
11.693931,10,8
0.070029,10,9
24.080835,10,11
0.053333,10,12
2.055608,11,1
20.325821,11,2
31.181576,11,3
13.194461,11,4
6.116179,11,5
19.611403,11,6
10.270355,11,7
22.200323,11,8
6.476896,11,9
12.932773,11,10
18.743299,11,12
0.997456,12,1
79.613147,12,2
74.55672,12,3
69.874293,12,4
41.0124,12,5
53.176472,12,6
25.806376,12,7
112.817853,12,8
111.738064,12,9
4.319109,12,10
53.399824,12,11
succeed
0.0,0.382072,0.185517,0.040512,0.163104,0.778192,0.074952,0.136272,0.109856,0.0,1.077627,0.588944
0.275363,0.0,20.174701,8.172803,4.211291,24.204912,3.245893,15.59326,5.985323,0.157663,16.847717,36.944235
0.855515,22.465819,0.0,20.976445,13.463579,44.736755,13.875699,24.796891,9.351603,1.544229,23.042408,25.484989
0.309717,16.717565,50.394317,0.0,19.709125,12.302771,21.179011,6.962067,4.685675,38.298619,25.079624,20.232869
5.000088,11.558261,9.079109,2.116109,0.0,3.001723,2.980173,6.519851,3.157835,0.539651,7.782725,16.125968
3.046595,19.485504,29.351291,11.554563,3.362283,0.0,8.942995,9.918707,8.459933,4.161768,30.188893,17.518427
0.063379,4.430651,21.078045,11.099917,6.771083,21.293003,0.0,4.775269,6.419093,2.824613,13.454763,30.890795
0.062357,16.916896,52.932843,23.575539,4.125181,17.408248,13.167907,0.0,25.568653,17.745635,59.411299,52.774677
0.294768,21.805536,16.432904,15.931229,8.998629,17.308576,15.801576,57.169643,0.0,1.685661,25.585437,51.494301
0.0,0.026667,0.0,0.590496,0.492131,1.317653,0.0,11.693931,0.070029,0.0,24.080835,0.053333
2.055608,20.325821,31.181576,13.194461,6.116179,19.611403,10.270355,22.200323,6.476896,12.932773,0.0,18.743299
0.997456,79.613147,74.55672,69.874293,41.0124,53.176472,25.806376,112.817853,111.738064,4.319109,53.399824,0.0
