2166.097115
0.230877,1,2
1.043976,1,3
0.341272,1,5
0.062208,1,6
0.10464,1,7
0.276427,1,9
0.026667,1,11
1.100589,1,12
16.731989,2,3
0.036477,2,4
32.221499,2,5
16.819752,2,6
1.897096,2,7
11.335264,2,9
0.053333,2,10
0.198088,2,11
30.096763,2,12
9.763992,3,2
21.622528,3,4
79.857867,3,5
28.450512,3,6
14.000829,3,7
0.256213,3,8
13.576685,3,9
0.870979,3,11
33.233507,3,12
7.621925,4,2
65.277643,4,3
37.992595,4,5
26.919768,4,6
13.531651,4,7
18.533656,4,9
7.54464,4,10
0.08,4,11
38.369261,4,12
11.411104,5,2
1.913245,5,3
0.081216,5,4
0.026667,5,8
2.708443,5,9
0.252568,5,10
48.035845,5,12
5.033851,6,2
45.499563,6,3
6.689288,6,4
43.666152,6,5
5.894371,6,7
0.053333,6,8
9.596019,6,9
0.026667,6,10
0.404027,6,11
23.776355,6,12
3.042741,7,2
19.486744,7,3
11.872237,7,4
16.443043,7,5
20.237347,7,6
8.182765,7,9
0.026667,7,11
8.978573,7,12
9.595296,8,2
8.371707,8,3
11.033928,8,4
150.327709,8,5
1.471949,8,6
0.996403,8,7
52.947101,8,9
15.187869,8,10
13.127467,8,11
47.504851,8,12
20.691104,9,2
30.445304,9,3
28.084088,9,4
114.232128,9,5
25.552312,9,6
9.501075,9,7
0.207152,9,8
1.652653,9,10
3.580189,9,11
65.357192,9,12
1.013563,10,2
0.578661,10,3
1.888299,10,4
6.121069,10,5
0.106667,10,6
0.868155,10,7
43.014832,10,8
0.829189,10,9
59.254971,10,11
0.95776,10,12
8.309947,11,2
4.904611,11,3
0.951397,11,4
57.645077,11,5
0.43808,11,6
2.35232,11,7
18.822003,11,8
9.133075,11,9
2.938741,11,10
10.540613,11,12
103.021275,12,2
40.066813,12,3
4.082397,12,4
178.259405,12,5
47.666629,12,6
20.949171,12,7
0.133333,12,8
103.158405,12,9
4.803181,12,11
succeed
0.0,0.230877,1.043976,0.0,0.341272,0.062208,0.10464,0.0,0.276427,0.0,0.026667,1.100589
0.0,0.0,16.731989,0.036477,32.221499,16.819752,1.897096,0.0,11.335264,0.053333,0.198088,30.096763
0.0,9.763992,0.0,21.622528,79.857867,28.450512,14.000829,0.256213,13.576685,0.0,0.870979,33.233507
0.0,7.621925,65.277643,0.0,37.992595,26.919768,13.531651,0.0,18.533656,7.54464,0.08,38.369261
0.0,11.411104,1.913245,0.081216,0.0,0.0,0.0,0.026667,2.708443,0.252568,0.0,48.035845
0.0,5.033851,45.499563,6.689288,43.666152,0.0,5.894371,0.053333,9.596019,0.026667,0.404027,23.776355
0.0,3.042741,19.486744,11.872237,16.443043,20.237347,0.0,0.0,8.182765,0.0,0.026667,8.978573
0.0,9.595296,8.371707,11.033928,150.327709,1.471949,0.996403,0.0,52.947101,15.187869,13.127467,47.504851
0.0,20.691104,30.445304,28.084088,114.232128,25.552312,9.501075,0.207152,0.0,1.652653,3.580189,65.357192
0.0,1.013563,0.578661,1.888299,6.121069,0.106667,0.868155,43.014832,0.829189,0.0,59.254971,0.95776
0.0,8.309947,4.904611,0.951397,57.645077,0.43808,2.35232,18.822003,9.133075,2.938741,0.0,10.540613
0.0,103.021275,40.066813,4.082397,178.259405,47.666629,20.949171,0.133333,103.158405,0.0,4.803181,0.0
