2564.230698
0.267904,1,2
0.165072,1,3
0.053333,1,4
0.07864,1,5
0.053333,1,6
0.204811,1,7
0.10256,1,8
0.080523,1,9
0.106667,1,12
0.037115,2,1
5.880109,2,3
6.220435,2,4
0.644104,2,5
8.037459,2,6
3.438651,2,7
17.789528,2,8
16.43604,2,9
0.087936,2,10
4.387139,2,11
33.998584,2,12
0.198109,3,1
25.723405,3,2
25.960136,3,4
7.610853,3,5
19.773037,3,6
10.5656,3,7
48.287128,3,8
2.542136,3,9
2.132648,3,10
4.049963,3,11
27.05376,3,12
0.183627,4,1
3.773288,4,2
39.762683,4,3
18.081941,4,5
23.35344,4,6
12.386264,4,7
29.358013,4,8
16.201224,4,9
19.886984,4,10
7.968424,4,11
37.133949,4,12
2.242043,5,1
5.217405,5,2
13.253944,5,3
2.211181,5,4
1.319189,5,6
2.691443,5,7
11.433051,5,8
1.088237,5,9
0.053333,5,10
1.875709,5,11
10.732051,5,12
0.026667,6,1
23.335699,6,2
45.746824,6,3
3.698299,6,4
2.295341,6,5
3.842619,6,7
48.045171,6,8
14.380824,6,9
11.793293,6,10
11.083165,6,11
12.360275,6,12
1.036059,7,1
2.505344,7,2
24.470219,7,3
10.752285,7,4
2.897093,7,5
4.097632,7,6
9.497197,7,8
5.891709,7,9
0.564893,7,10
1.925731,7,11
5.990597,7,12
0.543037,8,1
31.790477,8,2
100.802989,8,3
46.080277,8,4
13.890528,8,5
50.806539,8,6
13.174192,8,7
66.198528,8,9
23.639461,8,10
70.931024,8,11
143.5534,8,12
1.063445,9,1
37.132493,9,2
27.711344,9,3
34.312491,9,4
7.892221,9,5
38.953211,9,6
10.952472,9,7
86.170597,9,8
2.512933,9,10
15.986155,9,11
61.230475,9,12
1.440003,10,3
2.178085,10,4
0.093803,10,5
0.924285,10,6
41.591485,10,8
0.471979,10,9
54.383637,10,11
0.473139,10,12
7.175592,11,2
9.477085,11,3
2.720571,11,4
1.460395,11,5
6.539576,11,6
2.534315,11,7
28.75252,11,8
6.437499,11,9
5.162005,11,10
5.135667,11,12
0.08,12,1
110.249259,12,2
54.622848,12,3
63.704285,12,4
27.971555,12,5
74.749096,12,6
16.404651,12,7
143.53636,12,8
169.82316,12,9
5.616445,12,10
56.782032,12,11
succeed
0.0,0.267904,0.165072,0.053333,0.07864,0.053333,0.204811,0.10256,0.080523,0.0,0.0,0.106667
0.037115,0.0,5.880109,6.220435,0.644104,8.037459,3.438651,17.789528,16.43604,0.087936,4.387139,33.998584
0.198109,25.723405,0.0,25.960136,7.610853,19.773037,10.5656,48.287128,2.542136,2.132648,4.049963,27.05376
0.183627,3.773288,39.762683,0.0,18.081941,23.35344,12.386264,29.358013,16.201224,19.886984,7.968424,37.133949
2.242043,5.217405,13.253944,2.211181,0.0,1.319189,2.691443,11.433051,1.088237,0.053333,1.875709,10.732051
0.026667,23.335699,45.746824,3.698299,2.295341,0.0,3.842619,48.045171,14.380824,11.793293,11.083165,12.360275
1.036059,2.505344,24.470219,10.752285,2.897093,4.097632,0.0,9.497197,5.891709,0.564893,1.925731,5.990597
0.543037,31.790477,100.802989,46.080277,13.890528,50.806539,13.174192,0.0,66.198528,23.639461,70.931024,143.5534
1.063445,37.132493,27.711344,34.312491,7.892221,38.953211,10.952472,86.170597,0.0,2.512933,15.986155,61.230475
0.0,0.0,1.440003,2.178085,0.093803,0.924285,0.0,41.591485,0.471979,0.0,54.383637,0.473139
0.0,7.175592,9.477085,2.720571,1.460395,6.539576,2.534315,28.75252,6.437499,5.162005,0.0,5.135667
0.08,110.249259,54.622848,63.704285,27.971555,74.749096,16.404651,143.53636,169.82316,5.616445,56.782032,0.0
