2839.053237
0.786293,1,2
0.669669,1,3
0.026667,1,4
0.210837,1,5
1.253411,1,6
0.053333,1,7
0.615067,1,8
0.445861,1,9
0.139936,1,10
0.133333,1,11
1.276184,1,12
0.231512,2,1
16.869357,2,3
2.260827,2,4
39.673949,2,5
13.863459,2,6
5.435469,2,7
11.411355,2,8
7.002675,2,9
4.118688,2,10
3.770765,2,11
42.115203,2,12
10.938984,3,1
27.091693,3,2
7.543779,3,4
10.051949,3,5
32.200483,3,6
21.007664,3,7
28.221504,3,8
36.489187,3,9
10.053691,3,10
9.465795,3,11
21.858187,3,12
0.1428,4,1
12.328341,4,2
134.69496,4,3
22.726731,4,5
34.787251,4,6
26.510179,4,7
16.185552,4,8
36.897717,4,9
8.621413,4,10
9.675165,4,11
49.788976,4,12
3.182339,5,1
10.704229,5,2
17.428701,5,3
5.199893,5,4
3.800571,5,6
2.645955,5,7
5.239947,5,8
6.224992,5,9
1.051579,5,10
0.955611,5,11
5.857096,5,12
0.212245,6,1
23.884147,6,2
89.309968,6,3
6.985101,6,4
6.784989,6,5
5.816101,6,7
13.893507,6,8
27.664752,6,9
1.342723,6,10
8.883739,6,11
12.804571,6,12
0.425629,7,1
5.298549,7,2
22.170344,7,3
6.903864,7,4
7.486381,7,5
21.323245,7,6
3.697157,7,8
4.474875,7,9
1.688053,7,10
2.82812,7,11
14.590712,7,12
1.647931,8,1
33.737285,8,2
109.800163,8,3
11.546483,8,4
17.678731,8,5
14.64452,8,6
4.859589,8,7
46.396669,8,9
28.982101,8,10
22.959757,8,11
106.320419,8,12
0.748499,9,1
34.307957,9,2
45.130464,9,3
24.137637,9,4
8.377931,9,5
38.215603,9,6
14.953883,9,7
57.239568,9,8
2.16596,9,10
14.026149,9,11
72.758656,9,12
0.942283,10,2
0.194403,10,3
1.526643,10,4
0.026667,10,5
0.353099,10,6
0.08,10,7
45.487512,10,8
57.655075,10,9
38.220595,10,11
0.026667,10,12
0.411485,11,1
13.463051,11,2
33.829205,11,3
2.943213,11,4
4.065064,11,5
15.323835,11,6
7.13152,11,7
11.513781,11,8
13.262408,11,9
12.554525,11,10
23.481677,11,12
0.292488,12,1
142.961875,12,2
132.067603,12,3
60.444109,12,4
21.495323,12,5
39.178555,12,6
21.39204,12,7
99.4214,12,8
222.446117,12,9
2.098987,12,10
33.720541,12,11
succeed
0.0,0.786293,0.669669,0.026667,0.210837,1.253411,0.053333,0.615067,0.445861,0.139936,0.133333,1.276184
0.231512,0.0,16.869357,2.260827,39.673949,13.863459,5.435469,11.411355,7.002675,4.118688,3.770765,42.115203
10.938984,27.091693,0.0,7.543779,10.051949,32.200483,21.007664,28.221504,36.489187,10.053691,9.465795,21.858187
0.1428,12.328341,134.69496,0.0,22.726731,34.787251,26.510179,16.185552,36.897717,8.621413,9.675165,49.788976
3.182339,10.704229,17.428701,5.199893,0.0,3.800571,2.645955,5.239947,6.224992,1.051579,0.955611,5.857096
0.212245,23.884147,89.309968,6.985101,6.784989,0.0,5.816101,13.893507,27.664752,1.342723,8.883739,12.804571
0.425629,5.298549,22.170344,6.903864,7.486381,21.323245,0.0,3.697157,4.474875,1.688053,2.82812,14.590712
1.647931,33.737285,109.800163,11.546483,17.678731,14.64452,4.859589,0.0,46.396669,28.982101,22.959757,106.320419
0.748499,34.307957,45.130464,24.137637,8.377931,38.215603,14.953883,57.239568,0.0,2.16596,14.026149,72.758656
0.0,0.942283,0.194403,1.526643,0.026667,0.353099,0.08,45.487512,57.655075,0.0,38.220595,0.026667
0.411485,13.463051,33.829205,2.943213,4.065064,15.323835,7.13152,11.513781,13.262408,12.554525,0.0,23.481677
0.292488,142.961875,132.067603,60.444109,21.495323,39.178555,21.39204,99.4214,222.446117,2.098987,33.720541,0.0
