3838.694401
6.433699,1,2
1.133069,1,3
0.528584,1,5
0.767309,1,6
0.269885,1,7
0.293333,1,9
0.026667,1,10
2.119104,1,12
38.365563,2,3
0.091008,2,4
40.443301,2,5
44.539619,2,6
6.577968,2,7
13.281813,2,9
0.05696,2,10
0.158163,2,11
66.460595,2,12
28.322741,3,2
22.415075,3,4
108.416051,3,5
52.800725,3,6
19.250936,3,7
0.053333,3,8
54.553656,3,9
2.732747,3,11
60.244237,3,12
7.707272,4,2
55.240896,4,3
60.544859,4,5
36.850051,4,6
23.818901,4,7
0.026667,4,8
17.291995,4,9
16.134485,4,10
1.512653,4,11
50.541512,4,12
43.183389,5,2
1.817416,5,3
0.026667,5,6
0.055579,5,7
10.920584,5,9
0.102091,5,10
0.548917,5,11
110.019179,5,12
25.785141,6,2
142.877597,6,3
19.689251,6,4
66.210043,6,5
24.018056,6,7
0.026667,6,8
87.650541,6,9
5.475696,6,10
1.369789,6,11
41.664008,6,12
8.203432,7,2
33.122243,7,3
9.157464,7,4
22.026845,7,5
17.410069,7,6
11.111291,7,9
0.026667,7,10
0.713725,7,11
20.405149,7,12
32.365405,8,2
5.570131,8,3
16.235397,8,4
160.997099,8,5
1.279256,8,6
0.129635,8,7
74.847453,8,9
15.595733,8,10
27.863288,8,11
100.679357,8,12
43.205181,9,2
110.174632,9,3
40.854157,9,4
144.935907,9,5
58.237005,9,6
19.209968,9,7
0.169333,9,8
0.026667,9,10
8.249501,9,11
149.617091,9,12
1.615155,10,2
0.16,10,3
3.829453,10,4
7.267056,10,5
0.355603,10,7
40.426333,10,8
3.733755,10,9
55.856899,10,11
1.347045,10,12
12.331096,11,2
22.128352,11,3
4.390637,11,4
45.318501,11,5
0.116272,11,6
6.798904,11,7
27.578464,11,8
22.48748,11,9
25.385888,11,10
35.23132,11,12
169.782205,12,2
160.840507,12,3
1.938664,12,4
346.382107,12,5
60.716395,12,6
19.236805,12,7
0.053333,12,8
205.373669,12,9
0.054307,12,10
4.093072,12,11
succeed
0.0,6.433699,1.133069,0.0,0.528584,0.767309,0.269885,0.0,0.293333,0.026667,0.0,2.119104
0.0,0.0,38.365563,0.091008,40.443301,44.539619,6.577968,0.0,13.281813,0.05696,0.158163,66.460595
0.0,28.322741,0.0,22.415075,108.416051,52.800725,19.250936,0.053333,54.553656,0.0,2.732747,60.244237
0.0,7.707272,55.240896,0.0,60.544859,36.850051,23.818901,0.026667,17.291995,16.134485,1.512653,50.541512
0.0,43.183389,1.817416,0.0,0.0,0.026667,0.055579,0.0,10.920584,0.102091,0.548917,110.019179
0.0,25.785141,142.877597,19.689251,66.210043,0.0,24.018056,0.026667,87.650541,5.475696,1.369789,41.664008
0.0,8.203432,33.122243,9.157464,22.026845,17.410069,0.0,0.0,11.111291,0.026667,0.713725,20.405149
0.0,32.365405,5.570131,16.235397,160.997099,1.279256,0.129635,0.0,74.847453,15.595733,27.863288,100.679357
0.0,43.205181,110.174632,40.854157,144.935907,58.237005,19.209968,0.169333,0.0,0.026667,8.249501,149.617091
0.0,1.615155,0.16,3.829453,7.267056,0.0,0.355603,40.426333,3.733755,0.0,55.856899,1.347045
0.0,12.331096,22.128352,4.390637,45.318501,0.116272,6.798904,27.578464,22.48748,25.385888,0.0,35.23132
0.0,169.782205,160.840507,1.938664,346.382107,60.716395,19.236805,0.053333,205.373669,0.054307,4.093072,0.0
