2092.111052
0.053333,1,2
2.082776,1,3
2.867808,1,5
0.120331,1,6
0.072035,1,7
0.10736,1,8
0.170523,1,9
0.339829,1,10
0.074261,1,11
1.475661,1,12
0.702227,2,1
10.359923,2,3
1.033133,2,4
1.148528,2,5
5.44004,2,6
2.874829,2,7
3.413523,2,8
5.449507,2,9
0.271237,2,10
2.646904,2,11
49.402288,2,12
5.240056,3,2
16.511008,3,4
5.948123,3,5
16.572717,3,6
7.151947,3,7
12.842819,3,8
2.456003,3,9
1.269123,3,10
4.323304,3,11
2.570515,3,12
0.053333,4,1
2.85296,4,2
58.307709,4,3
12.246451,4,5
19.996795,4,6
19.65296,4,7
3.92924,4,8
14.023512,4,9
10.993805,4,10
9.925957,4,11
46.242123,4,12
0.818795,5,1
3.175936,5,2
20.027856,5,3
1.623328,5,4
4.285899,5,6
1.851173,5,7
94.489184,5,8
2.903485,5,9
0.854824,5,10
0.790165,5,11
3.107637,5,12
0.053333,6,1
20.222381,6,2
83.132861,6,3
16.832552,6,4
10.872816,6,5
6.323523,6,7
69.928445,6,8
22.736952,6,9
0.645117,6,10
7.450917,6,11
23.368475,6,12
0.130117,7,1
1.964363,7,2
22.536093,7,3
7.822029,7,4
2.598885,7,5
7.691912,7,6
3.265805,7,8
4.932872,7,9
0.523904,7,10
3.066395,7,11
8.031024,7,12
8.944475,8,2
78.297891,8,3
6.327037,8,4
8.567808,8,5
18.964368,8,6
5.560397,8,7
35.399541,8,9
7.383765,8,10
11.162747,8,11
41.257029,8,12
0.997635,9,1
15.640336,9,2
56.565443,9,3
27.561664,9,4
8.959533,9,5
37.661707,9,6
11.499445,9,7
30.389768,9,8
3.5172,9,10
21.259509,9,11
50.402115,9,12
0.129248,10,1
0.294371,10,2
6.187469,10,3
10.700016,10,4
0.964267,10,5
0.635661,10,6
0.423664,10,7
40.768333,10,8
2.246883,10,9
63.011323,10,11
0.167456,10,12
0.150973,11,1
6.796203,11,2
65.902893,11,3
3.323856,11,4
2.231859,11,5
9.453096,11,6
4.403944,11,7
21.398341,11,8
16.763195,11,9
9.719013,11,10
7.081429,11,12
0.106667,12,1
110.025261,12,2
80.199531,12,3
40.874496,12,4
11.784629,12,5
42.232683,12,6
18.880384,12,7
66.822464,12,8
113.461323,12,9
1.591624,12,10
25.783515,12,11
succeed
0.0,0.053333,2.082776,0.0,2.867808,0.120331,0.072035,0.10736,0.170523,0.339829,0.074261,1.475661
0.702227,0.0,10.359923,1.033133,1.148528,5.44004,2.874829,3.413523,5.449507,0.271237,2.646904,49.402288
0.0,5.240056,0.0,16.511008,5.948123,16.572717,7.151947,12.842819,2.456003,1.269123,4.323304,2.570515
0.053333,2.85296,58.307709,0.0,12.246451,19.996795,19.65296,3.92924,14.023512,10.993805,9.925957,46.242123
0.818795,3.175936,20.027856,1.623328,0.0,4.285899,1.851173,94.489184,2.903485,0.854824,0.790165,3.107637
0.053333,20.222381,83.132861,16.832552,10.872816,0.0,6.323523,69.928445,22.736952,0.645117,7.450917,23.368475
0.130117,1.964363,22.536093,7.822029,2.598885,7.691912,0.0,3.265805,4.932872,0.523904,3.066395,8.031024
0.0,8.944475,78.297891,6.327037,8.567808,18.964368,5.560397,0.0,35.399541,7.383765,11.162747,41.257029
0.997635,15.640336,56.565443,27.561664,8.959533,37.661707,11.499445,30.389768,0.0,3.5172,21.259509,50.402115
0.129248,0.294371,6.187469,10.700016,0.964267,0.635661,0.423664,40.768333,2.246883,0.0,63.011323,0.167456
0.150973,6.796203,65.902893,3.323856,2.231859,9.453096,4.403944,21.398341,16.763195,9.719013,0.0,7.081429
0.106667,110.025261,80.199531,40.874496,11.784629,42.232683,18.880384,66.822464,113.461323,1.591624,25.783515,0.0
