2247.216814
0.181619,1,3
0.049925,1,5
0.026667,1,6
0.026667,1,7
0.699528,1,8
0.026667,1,9
0.339552,1,12
0.05772,2,1
9.966104,2,3
3.738368,2,4
28.081267,2,5
17.423683,2,6
1.876107,2,7
476.187973,2,8
1.913301,2,9
0.026667,2,10
4.14384,2,11
25.181077,2,12
0.146219,3,1
10.131981,3,2
23.970208,3,4
6.966677,3,5
18.941997,3,6
10.742819,3,7
56.872117,3,8
9.873192,3,9
0.202053,3,10
4.220792,3,11
18.851891,3,12
0.19168,4,1
5.070616,4,2
41.382379,4,3
20.269293,4,5
38.422864,4,6
24.145997,4,7
16.258427,4,8
16.623019,4,9
8.769979,4,10
26.905805,4,11
32.825485,4,12
1.753995,5,1
10.870571,5,2
8.197384,5,3
0.967621,5,4
4.466643,5,6
0.427019,5,7
10.167896,5,8
0.613563,5,9
0.943808,5,11
2.664872,5,12
0.076264,6,1
14.956627,6,2
49.821232,6,3
13.694864,6,4
12.175973,6,5
4.32824,6,7
28.460275,6,8
11.410779,6,9
0.934816,6,10
12.182296,6,11
7.206539,6,12
2.012045,7,2
8.156627,7,3
5.324933,7,4
5.532757,7,5
14.455171,7,6
5.311072,7,8
3.926875,7,9
1.737293,7,10
3.489584,7,11
7.961432,7,12
0.026667,8,1
17.744272,8,2
62.94896,8,3
28.417267,8,4
16.482728,8,5
10.685384,8,6
6.801835,8,7
23.97816,8,9
8.027168,8,10
27.446771,8,11
14.700376,8,12
0.881659,9,1
20.619899,9,2
28.35108,9,3
23.247667,9,4
2.277251,9,5
14.861232,9,6
3.654507,9,7
72.348168,9,8
0.335285,9,10
27.957827,9,11
47.101523,9,12
0.029952,10,3
4.789992,10,4
0.039424,10,5
0.256648,10,6
0.132128,10,7
28.764688,10,8
0.205141,10,9
21.728427,10,11
0.088912,10,12
9.057099,11,2
15.622643,11,3
2.424109,11,4
2.757128,11,5
6.526757,11,6
2.100507,11,7
15.497931,11,8
7.877291,11,9
6.352112,11,10
4.268069,11,12
75.009829,12,2
56.818067,12,3
46.208629,12,4
3.329267,12,5
35.134792,12,6
11.144821,12,7
57.030632,12,8
126.138949,12,9
4.708771,12,10
28.317125,12,11
succeed
0.0,0.0,0.181619,0.0,0.049925,0.026667,0.026667,0.699528,0.026667,0.0,0.0,0.339552
0.05772,0.0,9.966104,3.738368,28.081267,17.423683,1.876107,476.187973,1.913301,0.026667,4.14384,25.181077
0.146219,10.131981,0.0,23.970208,6.966677,18.941997,10.742819,56.872117,9.873192,0.202053,4.220792,18.851891
0.19168,5.070616,41.382379,0.0,20.269293,38.422864,24.145997,16.258427,16.623019,8.769979,26.905805,32.825485
1.753995,10.870571,8.197384,0.967621,0.0,4.466643,0.427019,10.167896,0.613563,0.0,0.943808,2.664872
0.076264,14.956627,49.821232,13.694864,12.175973,0.0,4.32824,28.460275,11.410779,0.934816,12.182296,7.206539
0.0,2.012045,8.156627,5.324933,5.532757,14.455171,0.0,5.311072,3.926875,1.737293,3.489584,7.961432
0.026667,17.744272,62.94896,28.417267,16.482728,10.685384,6.801835,0.0,23.97816,8.027168,27.446771,14.700376
0.881659,20.619899,28.35108,23.247667,2.277251,14.861232,3.654507,72.348168,0.0,0.335285,27.957827,47.101523
0.0,0.0,0.029952,4.789992,0.039424,0.256648,0.132128,28.764688,0.205141,0.0,21.728427,0.088912
0.0,9.057099,15.622643,2.424109,2.757128,6.526757,2.100507,15.497931,7.877291,6.352112,0.0,4.268069
0.0,75.009829,56.818067,46.208629,3.329267,35.134792,11.144821,57.030632,126.138949,4.708771,28.317125,0.0
