1784.213762
0.026667,1,2
0.083627,1,3
0.033408,1,5
0.026667,1,6
0.026667,1,8
0.026667,1,9
0.08,1,12
1.46912,2,3
0.723499,2,4
0.836389,2,5
2.472325,2,6
0.109013,2,7
1.443337,2,8
0.382581,2,9
0.671257,2,10
0.414176,2,11
2.658011,2,12
0.465805,3,1
5.731109,3,2
28.515661,3,4
5.307237,3,5
22.192776,3,6
8.884829,3,7
26.667541,3,8
15.037173,3,9
26.601336,3,10
8.390957,3,11
21.776483,3,12
0.026667,4,1
3.594203,4,2
35.403568,4,3
21.506885,4,5
26.195485,4,6
22.094357,4,7
17.197141,4,8
6.011739,4,9
24.437877,4,10
14.107637,4,11
31.471957,4,12
1.000107,5,1
1.448149,5,2
11.542291,5,3
1.002069,5,4
0.671059,5,6
1.478592,5,7
14.6614,5,8
2.383835,5,9
0.158027,5,10
1.564397,5,11
1.827315,5,12
0.294547,6,1
7.255808,6,2
64.354339,6,3
6.29856,6,4
1.125027,6,5
3.615237,6,7
17.169075,6,8
9.723459,6,9
4.604104,6,10
6.825235,6,11
21.278683,6,12
0.026667,7,1
1.192024,7,2
13.525101,7,3
13.796675,7,4
6.614496,7,5
11.535181,7,6
6.113997,7,8
0.812037,7,9
6.632997,7,10
10.506707,7,11
3.389568,7,12
0.077403,8,1
24.07292,8,2
58.568208,8,3
10.577917,8,4
6.480523,8,5
16.338656,8,6
4.462448,8,7
13.441267,8,9
18.418341,8,10
46.213088,8,11
18.270077,8,12
0.08,9,1
9.19424,9,2
20.494211,9,3
27.488283,9,4
8.971187,9,5
28.743181,9,6
4.850899,9,7
32.632656,9,8
19.951293,9,10
25.175469,9,11
30.792568,9,12
0.08,10,2
0.026667,10,3
9.779123,10,4
0.057152,10,5
0.308411,10,6
0.026667,10,7
7.165848,10,8
2.262683,10,9
39.086323,10,11
0.127384,10,12
2.832755,11,2
12.85148,11,3
3.530915,11,4
2.664477,11,5
10.87756,11,6
2.459395,11,7
91.450595,11,8
7.587475,11,9
21.462688,11,10
2.710512,11,12
0.125221,12,1
51.078107,12,2
81.194069,12,3
60.602683,12,4
35.775821,12,5
42.34144,12,6
15.186949,12,7
55.804805,12,8
112.411368,12,9
14.885195,12,10
34.63656,12,11
succeed
0.0,0.026667,0.083627,0.0,0.033408,0.026667,0.0,0.026667,0.026667,0.0,0.0,0.08
0.0,0.0,1.46912,0.723499,0.836389,2.472325,0.109013,1.443337,0.382581,0.671257,0.414176,2.658011
0.465805,5.731109,0.0,28.515661,5.307237,22.192776,8.884829,26.667541,15.037173,26.601336,8.390957,21.776483
0.026667,3.594203,35.403568,0.0,21.506885,26.195485,22.094357,17.197141,6.011739,24.437877,14.107637,31.471957
1.000107,1.448149,11.542291,1.002069,0.0,0.671059,1.478592,14.6614,2.383835,0.158027,1.564397,1.827315
0.294547,7.255808,64.354339,6.29856,1.125027,0.0,3.615237,17.169075,9.723459,4.604104,6.825235,21.278683
0.026667,1.192024,13.525101,13.796675,6.614496,11.535181,0.0,6.113997,0.812037,6.632997,10.506707,3.389568
0.077403,24.07292,58.568208,10.577917,6.480523,16.338656,4.462448,0.0,13.441267,18.418341,46.213088,18.270077
0.08,9.19424,20.494211,27.488283,8.971187,28.743181,4.850899,32.632656,0.0,19.951293,25.175469,30.792568
0.0,0.08,0.026667,9.779123,0.057152,0.308411,0.026667,7.165848,2.262683,0.0,39.086323,0.127384
0.0,2.832755,12.85148,3.530915,2.664477,10.87756,2.459395,91.450595,7.587475,21.462688,0.0,2.710512
0.125221,51.078107,81.194069,60.602683,35.775821,42.34144,15.186949,55.804805,112.411368,14.885195,34.63656,0.0
