2090.818103
0.145131,1,2
0.10224,1,3
0.075133,1,5
0.121909,1,8
2.309912,1,12
2.159909,2,3
0.828461,2,5
9.289056,2,6
9.822925,2,8
0.216971,2,9
1.553733,2,10
0.032341,2,11
84.058725,2,12
0.488064,3,1
15.432496,3,2
0.099056,3,4
8.794933,3,5
32.443248,3,6
9.344763,3,7
69.100797,3,8
21.055157,3,9
1.719472,3,10
0.08,3,11
46.414901,3,12
0.026667,4,1
8.798248,4,2
74.928709,4,3
14.788165,4,5
31.988312,4,6
10.423536,4,7
5.207619,4,8
16.782664,4,9
5.320461,4,10
4.381512,4,11
39.557229,4,12
2.830731,5,1
8.331907,5,2
21.627661,5,3
6.114064,5,4
2.042211,5,6
2.522608,5,7
14.230976,5,8
0.08,5,9
12.863659,5,12
0.026667,6,1
17.434213,6,2
86.595195,6,3
4.307064,6,4
3.615115,6,5
1.76384,6,7
22.175885,6,8
27.914171,6,9
0.659405,6,10
29.275829,6,12
0.200939,7,1
1.488352,7,2
19.772091,7,3
3.713091,7,4
5.117891,7,5
4.925429,7,6
5.780635,7,8
7.935269,7,9
0.074635,7,10
9.389629,7,12
0.603496,8,1
25.908605,8,2
140.587131,8,3
12.116952,8,4
7.002085,8,5
27.242723,8,6
6.653747,8,7
58.554931,8,9
13.402624,8,10
13.3708,8,11
119.313648,8,12
0.274176,9,1
21.548915,9,2
4.557568,9,3
0.053333,9,4
17.327261,9,5
5.882987,9,6
0.026667,9,7
90.824043,9,8
8.833845,9,10
1.145669,9,11
253.032536,9,12
11.935867,10,2
2.609299,10,3
0.666339,10,4
0.518525,10,5
0.489792,10,6
0.08,10,7
36.375771,10,8
0.936739,10,9
34.633397,10,11
0.352685,10,12
0.053333,11,1
8.336317,11,2
36.422696,11,3
2.154307,11,4
5.170923,11,5
4.024357,11,6
1.71612,11,7
19.708171,11,8
12.989019,11,9
4.691811,11,10
13.891771,11,12
0.131221,12,1
84.006461,12,2
3.914784,12,3
0.256349,12,4
5.192061,12,5
1.206387,12,6
0.08,12,7
116.460064,12,8
2.068437,12,9
0.699741,12,10
0.08,12,11
succeed
0.0,0.145131,0.10224,0.0,0.075133,0.0,0.0,0.121909,0.0,0.0,0.0,2.309912
0.0,0.0,2.159909,0.0,0.828461,9.289056,0.0,9.822925,0.216971,1.553733,0.032341,84.058725
0.488064,15.432496,0.0,0.099056,8.794933,32.443248,9.344763,69.100797,21.055157,1.719472,0.08,46.414901
0.026667,8.798248,74.928709,0.0,14.788165,31.988312,10.423536,5.207619,16.782664,5.320461,4.381512,39.557229
2.830731,8.331907,21.627661,6.114064,0.0,2.042211,2.522608,14.230976,0.08,0.0,0.0,12.863659
0.026667,17.434213,86.595195,4.307064,3.615115,0.0,1.76384,22.175885,27.914171,0.659405,0.0,29.275829
0.200939,1.488352,19.772091,3.713091,5.117891,4.925429,0.0,5.780635,7.935269,0.074635,0.0,9.389629
0.603496,25.908605,140.587131,12.116952,7.002085,27.242723,6.653747,0.0,58.554931,13.402624,13.3708,119.313648
0.274176,21.548915,4.557568,0.053333,17.327261,5.882987,0.026667,90.824043,0.0,8.833845,1.145669,253.032536
0.0,11.935867,2.609299,0.666339,0.518525,0.489792,0.08,36.375771,0.936739,0.0,34.633397,0.352685
0.053333,8.336317,36.422696,2.154307,5.170923,4.024357,1.71612,19.708171,12.989019,4.691811,0.0,13.891771
0.131221,84.006461,3.914784,0.256349,5.192061,1.206387,0.08,116.460064,2.068437,0.699741,0.08,0.0
