3455.669234
1.134411,1,2
0.518699,1,3
2.464616,1,5
0.338795,1,6
0.248411,1,7
0.891157,1,9
2.021995,1,12
31.387045,2,3
44.709203,2,5
39.995909,2,6
3.893989,2,7
0.026667,2,8
18.001837,2,9
0.053333,2,11
77.14752,2,12
34.535672,3,2
18.408064,3,4
192.359,3,5
45.485051,3,6
19.232411,3,7
0.097728,3,8
37.947093,3,9
1.582403,3,11
48.76908,3,12
5.454613,4,2
82.918669,4,3
49.331963,4,5
26.822424,4,6
16.074115,4,7
20.023669,4,9
8.379515,4,10
0.026667,4,11
30.6152,4,12
21.620365,5,2
5.271784,5,3
0.026667,5,4
0.102315,5,6
0.053333,5,8
5.233024,5,9
0.08,5,11
111.994685,5,12
23.941736,6,2
127.151973,6,3
14.756488,6,4
65.366064,6,5
12.951661,6,7
0.101333,6,8
45.100117,6,9
0.294104,6,10
3.259696,6,11
36.728339,6,12
5.758531,7,2
29.363072,7,3
17.550912,7,4
25.214752,7,5
15.697688,7,6
5.764459,7,9
0.029851,7,11
13.603643,7,12
12.409568,8,2
12.222352,8,3
11.237253,8,4
246.427283,8,5
0.893429,8,6
78.317971,8,9
26.211219,8,10
32.10744,8,11
102.972963,8,12
45.113493,9,2
95.171139,9,3
40.693643,9,4
176.827717,9,5
53.898333,9,6
19.075301,9,7
0.61364,9,8
2.921048,9,11
101.829349,9,12
0.282347,10,2
0.356555,10,3
2.013659,10,4
5.989925,10,5
0.369768,10,7
49.230941,10,8
1.012008,10,9
58.028811,10,11
0.419088,10,12
11.269728,11,2
4.185128,11,3
2.819891,11,4
46.62452,11,5
0.068371,11,6
5.516901,11,7
28.552069,11,8
13.941413,11,9
5.982893,11,10
11.040443,11,12
50.504331,12,2
139.526067,12,3
15.567227,12,4
288.943867,12,5
41.265528,12,6
28.868541,12,7
0.053333,12,8
127.672765,12,9
0.026667,12,10
8.679792,12,11
succeed
0.0,1.134411,0.518699,0.0,2.464616,0.338795,0.248411,0.0,0.891157,0.0,0.0,2.021995
0.0,0.0,31.387045,0.0,44.709203,39.995909,3.893989,0.026667,18.001837,0.0,0.053333,77.14752
0.0,34.535672,0.0,18.408064,192.359,45.485051,19.232411,0.097728,37.947093,0.0,1.582403,48.76908
0.0,5.454613,82.918669,0.0,49.331963,26.822424,16.074115,0.0,20.023669,8.379515,0.026667,30.6152
0.0,21.620365,5.271784,0.026667,0.0,0.102315,0.0,0.053333,5.233024,0.0,0.08,111.994685
0.0,23.941736,127.151973,14.756488,65.366064,0.0,12.951661,0.101333,45.100117,0.294104,3.259696,36.728339
0.0,5.758531,29.363072,17.550912,25.214752,15.697688,0.0,0.0,5.764459,0.0,0.029851,13.603643
0.0,12.409568,12.222352,11.237253,246.427283,0.893429,0.0,0.0,78.317971,26.211219,32.10744,102.972963
0.0,45.113493,95.171139,40.693643,176.827717,53.898333,19.075301,0.61364,0.0,0.0,2.921048,101.829349
0.0,0.282347,0.356555,2.013659,5.989925,0.0,0.369768,49.230941,1.012008,0.0,58.028811,0.419088
0.0,11.269728,4.185128,2.819891,46.62452,0.068371,5.516901,28.552069,13.941413,5.982893,0.0,11.040443
0.0,50.504331,139.526067,15.567227,288.943867,41.265528,28.868541,0.053333,127.672765,0.026667,8.679792,0.0
