2626.043745
0.120715,1,2
0.026667,1,3
0.200211,1,4
0.173413,1,5
0.026667,1,6
0.137445,1,8
1.388016,1,9
0.093784,1,11
1.487643,1,12
0.445731,2,1
14.355211,2,3
8.385949,2,4
8.515149,2,5
14.078245,2,6
3.818184,2,7
14.178143,2,8
6.800989,2,9
0.8509,2,10
5.987824,2,11
41.364389,2,12
0.072707,3,1
24.617808,3,2
12.444469,3,4
21.393517,3,5
59.345741,3,6
7.472376,3,7
35.633637,3,8
19.894104,3,9
2.152213,3,10
5.850717,3,11
46.351501,3,12
1.53792,4,1
5.14484,4,2
59.473112,4,3
13.859803,4,5
20.56732,4,6
27.326552,4,7
13.209661,4,8
13.469144,4,9
26.831085,4,10
25.354267,4,11
22.584277,4,12
0.609195,5,1
8.290208,5,2
13.793448,5,3
1.189568,5,4
12.451123,5,6
1.215485,5,7
3.112403,5,8
6.561459,5,9
0.117619,5,10
2.843307,5,11
4.303291,5,12
0.286389,6,1
23.68468,6,2
57.663179,6,3
10.744445,6,4
25.312085,6,5
13.153645,6,7
15.521237,6,8
24.900235,6,9
2.845323,6,10
30.860597,6,11
18.941976,6,12
1.500565,7,2
16.710608,7,3
8.151072,7,4
3.366141,7,5
13.463947,7,6
3.502987,7,8
3.148288,7,9
3.224288,7,10
3.877075,7,11
8.954965,7,12
1.33344,8,1
26.274203,8,2
71.625221,8,3
21.741144,8,4
16.051019,8,5
67.015136,8,6
6.57228,8,7
49.476539,8,9
13.474584,8,10
40.492605,8,11
47.928405,8,12
4.251504,9,1
42.942629,9,2
34.914168,9,3
24.242029,9,4
14.592707,9,5
28.963891,9,6
9.15916,9,7
73.093072,9,8
4.844275,9,10
17.584747,9,11
193.538528,9,12
0.066859,10,2
0.17368,10,3
7.274341,10,4
0.037632,10,5
0.387768,10,6
0.294621,10,7
18.224272,10,8
0.416579,10,9
9.398187,10,11
0.535427,10,12
1.34236,11,1
11.025645,11,2
44.110344,11,3
8.564757,11,4
3.264197,11,5
9.618411,11,6
2.244915,11,7
21.866357,11,8
11.953571,11,9
3.634827,11,10
12.583269,11,12
0.349955,12,1
160.359547,12,2
64.493067,12,3
69.79832,12,4
30.484088,12,5
62.62816,12,6
15.749248,12,7
81.475651,12,8
164.652485,12,9
4.486347,12,10
63.114693,12,11
succeed
0.0,0.120715,0.026667,0.200211,0.173413,0.026667,0.0,0.137445,1.388016,0.0,0.093784,1.487643
0.445731,0.0,14.355211,8.385949,8.515149,14.078245,3.818184,14.178143,6.800989,0.8509,5.987824,41.364389
0.072707,24.617808,0.0,12.444469,21.393517,59.345741,7.472376,35.633637,19.894104,2.152213,5.850717,46.351501
1.53792,5.14484,59.473112,0.0,13.859803,20.56732,27.326552,13.209661,13.469144,26.831085,25.354267,22.584277
0.609195,8.290208,13.793448,1.189568,0.0,12.451123,1.215485,3.112403,6.561459,0.117619,2.843307,4.303291
0.286389,23.68468,57.663179,10.744445,25.312085,0.0,13.153645,15.521237,24.900235,2.845323,30.860597,18.941976
0.0,1.500565,16.710608,8.151072,3.366141,13.463947,0.0,3.502987,3.148288,3.224288,3.877075,8.954965
1.33344,26.274203,71.625221,21.741144,16.051019,67.015136,6.57228,0.0,49.476539,13.474584,40.492605,47.928405
4.251504,42.942629,34.914168,24.242029,14.592707,28.963891,9.15916,73.093072,0.0,4.844275,17.584747,193.538528
0.0,0.066859,0.17368,7.274341,0.037632,0.387768,0.294621,18.224272,0.416579,0.0,9.398187,0.535427
1.34236,11.025645,44.110344,8.564757,3.264197,9.618411,2.244915,21.866357,11.953571,3.634827,0.0,12.583269
0.349955,160.359547,64.493067,69.79832,30.484088,62.62816,15.749248,81.475651,164.652485,4.486347,63.114693,0.0
