1839.164714
0.026667,1,2
0.08,1,3
0.026667,1,4
0.066661,1,5
0.229264,1,6
0.176747,1,8
0.026667,1,9
0.026667,1,11
0.848067,1,12
9.632368,2,3
3.256429,2,4
0.946485,2,5
11.237405,2,6
2.425816,2,7
14.312352,2,8
9.522424,2,9
0.269109,2,10
5.617893,2,11
21.158899,2,12
0.133504,3,1
4.837931,3,2
24.924624,3,4
1.92268,3,5
16.110928,3,6
14.626579,3,7
69.071099,3,8
5.620541,3,9
0.09768,3,10
11.970429,3,11
7.611832,3,12
0.11472,4,1
1.690384,4,2
40.28344,4,3
12.151339,4,5
36.032045,4,6
16.914733,4,7
8.501861,4,8
14.976315,4,9
4.098925,4,10
14.332669,4,11
31.663888,4,12
1.72836,5,1
2.112427,5,2
9.604029,5,3
0.475315,5,4
2.165232,5,6
1.580741,5,7
9.351816,5,8
2.684907,5,9
3.314853,5,11
2.848688,5,12
8.810117,6,1
9.671261,6,2
40.491259,6,3
5.987976,6,4
0.472829,6,5
2.129941,6,7
40.374632,6,8
12.312552,6,9
0.053333,6,10
8.017515,6,11
18.905595,6,12
2.041555,7,2
15.934248,7,3
10.092125,7,4
4.830368,7,5
9.416864,7,6
7.204859,7,8
1.605445,7,9
2.233579,7,10
3.334608,7,11
5.360941,7,12
0.053333,8,1
9.945032,8,2
77.747715,8,3
24.436995,8,4
2.562243,8,5
27.946768,8,6
4.481829,8,7
42.817957,8,9
6.550096,8,10
36.988773,8,11
35.543045,8,12
1.279827,9,1
21.842019,9,2
24.957381,9,3
27.354525,9,4
8.560485,9,5
11.136584,9,6
7.343877,9,7
70.906237,9,8
0.099523,9,10
30.335325,9,11
37.193787,9,12
0.194507,10,1
0.026667,10,2
0.054096,10,3
1.492085,10,4
0.032277,10,5
0.281053,10,6
20.598312,10,8
0.229909,10,9
29.631997,10,11
0.143925,10,12
6.455917,11,2
13.465915,11,3
2.774069,11,4
4.191285,11,5
8.022341,11,6
3.854336,11,7
27.584549,11,8
10.263224,11,9
7.251165,11,10
4.376872,11,12
0.172,12,1
113.478168,12,2
86.673656,12,3
43.592589,12,4
24.205472,12,5
30.769829,12,6
8.487069,12,7
61.308933,12,8
109.707488,12,9
2.916667,12,10
44.122283,12,11
succeed
0.0,0.026667,0.08,0.026667,0.066661,0.229264,0.0,0.176747,0.026667,0.0,0.026667,0.848067
0.0,0.0,9.632368,3.256429,0.946485,11.237405,2.425816,14.312352,9.522424,0.269109,5.617893,21.158899
0.133504,4.837931,0.0,24.924624,1.92268,16.110928,14.626579,69.071099,5.620541,0.09768,11.970429,7.611832
0.11472,1.690384,40.28344,0.0,12.151339,36.032045,16.914733,8.501861,14.976315,4.098925,14.332669,31.663888
1.72836,2.112427,9.604029,0.475315,0.0,2.165232,1.580741,9.351816,2.684907,0.0,3.314853,2.848688
8.810117,9.671261,40.491259,5.987976,0.472829,0.0,2.129941,40.374632,12.312552,0.053333,8.017515,18.905595
0.0,2.041555,15.934248,10.092125,4.830368,9.416864,0.0,7.204859,1.605445,2.233579,3.334608,5.360941
0.053333,9.945032,77.747715,24.436995,2.562243,27.946768,4.481829,0.0,42.817957,6.550096,36.988773,35.543045
1.279827,21.842019,24.957381,27.354525,8.560485,11.136584,7.343877,70.906237,0.0,0.099523,30.335325,37.193787
0.194507,0.026667,0.054096,1.492085,0.032277,0.281053,0.0,20.598312,0.229909,0.0,29.631997,0.143925
0.0,6.455917,13.465915,2.774069,4.191285,8.022341,3.854336,27.584549,10.263224,7.251165,0.0,4.376872
0.172,113.478168,86.673656,43.592589,24.205472,30.769829,8.487069,61.308933,109.707488,2.916667,44.122283,0.0
