2660.596785
1.828277,1,2
1.499773,1,3
0.179749,1,4
0.393539,1,5
1.636605,1,6
0.284123,1,7
0.319072,1,8
1.474776,1,9
0.093253,1,10
0.671171,1,11
1.425485,1,12
0.819507,2,1
34.010656,2,3
13.765621,2,4
8.648411,2,5
19.3426,2,6
6.189157,2,7
18.991151,2,8
6.784776,2,9
2.193785,2,10
10.14716,2,11
38.11504,2,12
1.834384,3,1
29.369029,3,2
17.974811,3,4
13.873627,3,5
44.788456,3,6
21.563755,3,7
68.818221,3,8
16.658925,3,9
5.084477,3,10
21.690459,3,11
45.292792,3,12
0.682472,4,1
10.708504,4,2
64.645312,4,3
14.26736,4,5
12.2386,4,6
25.02812,4,7
15.705603,4,8
7.686795,4,9
14.172053,4,10
36.244387,4,11
24.914069,4,12
0.552136,5,1
4.980115,5,2
14.846595,5,3
12.571115,5,4
5.463883,5,6
12.520613,5,7
7.329435,5,8
3.548488,5,9
0.846211,5,10
6.487984,5,11
11.962632,5,12
0.632224,6,1
11.368571,6,2
44.963331,6,3
10.926381,6,4
7.347043,6,5
17.764515,6,7
19.679805,6,8
8.644704,6,9
1.010195,6,10
33.978021,6,11
19.012904,6,12
0.245811,7,1
5.198691,7,2
31.362435,7,3
9.162821,7,4
3.999288,7,5
20.249565,7,6
4.856051,7,8
5.450867,7,9
2.860088,7,10
12.321549,7,11
17.113235,7,12
0.465864,8,1
20.519787,8,2
77.84812,8,3
29.520899,8,4
4.277893,8,5
36.293469,8,6
8.286832,8,7
35.606432,8,9
18.059499,8,10
60.094869,8,11
64.466408,8,12
3.258312,9,1
37.438629,9,2
32.838723,9,3
17.205128,9,4
12.905547,9,5
24.992467,9,6
13.781995,9,7
84.162771,9,8
2.538989,9,10
28.810656,9,11
94.646565,9,12
0.036123,10,1
0.472544,10,2
0.106667,10,3
6.375715,10,4
0.396248,10,6
0.053333,10,7
6.155248,10,8
0.178613,10,9
17.892851,10,11
0.053333,10,12
1.983784,11,1
17.712253,11,2
33.516816,11,3
17.030165,11,4
16.444837,11,5
40.682899,11,6
20.873373,11,7
43.076227,11,8
12.066797,11,9
2.680899,11,10
37.6502,11,12
1.055152,12,1
98.388141,12,2
82.07336,12,3
63.876765,12,4
34.169253,12,5
39.466485,12,6
28.88312,12,7
80.223301,12,8
149.505395,12,9
6.552197,12,10
41.631637,12,11
succeed
0.0,1.828277,1.499773,0.179749,0.393539,1.636605,0.284123,0.319072,1.474776,0.093253,0.671171,1.425485
0.819507,0.0,34.010656,13.765621,8.648411,19.3426,6.189157,18.991151,6.784776,2.193785,10.14716,38.11504
1.834384,29.369029,0.0,17.974811,13.873627,44.788456,21.563755,68.818221,16.658925,5.084477,21.690459,45.292792
0.682472,10.708504,64.645312,0.0,14.26736,12.2386,25.02812,15.705603,7.686795,14.172053,36.244387,24.914069
0.552136,4.980115,14.846595,12.571115,0.0,5.463883,12.520613,7.329435,3.548488,0.846211,6.487984,11.962632
0.632224,11.368571,44.963331,10.926381,7.347043,0.0,17.764515,19.679805,8.644704,1.010195,33.978021,19.012904
0.245811,5.198691,31.362435,9.162821,3.999288,20.249565,0.0,4.856051,5.450867,2.860088,12.321549,17.113235
0.465864,20.519787,77.84812,29.520899,4.277893,36.293469,8.286832,0.0,35.606432,18.059499,60.094869,64.466408
3.258312,37.438629,32.838723,17.205128,12.905547,24.992467,13.781995,84.162771,0.0,2.538989,28.810656,94.646565
0.036123,0.472544,0.106667,6.375715,0.0,0.396248,0.053333,6.155248,0.178613,0.0,17.892851,0.053333
1.983784,17.712253,33.516816,17.030165,16.444837,40.682899,20.873373,43.076227,12.066797,2.680899,0.0,37.6502
1.055152,98.388141,82.07336,63.876765,34.169253,39.466485,28.88312,80.223301,149.505395,6.552197,41.631637,0.0
