1576.204344
0.026667,1,2
0.134427,1,3
0.185435,1,5
0.026667,1,7
0.105904,1,8
0.026667,1,9
0.123144,1,12
1.257837,2,3
2.602424,2,4
0.208328,2,5
9.79988,2,6
3.947483,2,7
11.443735,2,8
3.080744,2,9
0.017833,2,10
2.6112,2,11
30.885269,2,12
0.504608,3,1
11.285541,3,2
31.545957,3,4
3.745477,3,5
11.721963,3,6
16.502451,3,7
21.599949,3,8
7.434837,3,9
0.287435,3,10
7.381947,3,11
16.680811,3,12
0.113163,4,1
5.702395,4,2
27.247595,4,3
22.107669,4,5
25.095581,4,6
13.705131,4,7
4.514779,4,8
9.340771,4,9
4.466179,4,10
10.214723,4,11
46.412435,4,12
9.194976,5,1
0.371491,5,2
5.39796,5,3
0.956347,5,4
4.051149,5,6
0.746064,5,7
1.757469,5,8
1.497365,5,9
0.350363,5,11
4.093416,5,12
3.650693,6,2
29.932325,6,3
6.918517,6,4
0.304773,6,5
3.174501,6,7
16.086013,6,8
3.285331,6,9
0.053333,6,10
9.080395,6,11
17.969515,6,12
0.058352,7,1
2.141491,7,2
8.254077,7,3
3.513533,7,4
2.426984,7,5
10.059808,7,6
4.906923,7,8
0.6878,7,9
1.628779,7,10
1.737877,7,11
7.438069,7,12
5.098856,8,2
61.494467,8,3
5.326651,8,4
2.017973,8,5
5.237069,8,6
14.981699,8,7
18.056267,8,9
21.761061,8,10
17.892077,8,11
85.262619,8,12
2.887275,9,1
13.441203,9,2
12.165256,9,3
21.243653,9,4
1.963448,9,5
7.652968,9,6
4.134909,9,7
61.492008,9,8
1.710997,9,10
15.426117,9,11
41.507589,9,12
2.923931,10,4
0.208307,10,6
27.231024,10,8
0.026667,10,9
53.267429,10,11
0.08,10,12
5.490475,11,2
5.730285,11,3
0.967192,11,4
1.934155,11,5
11.067021,11,6
0.582221,11,7
7.559797,11,8
6.229824,11,9
1.509013,11,10
7.539048,11,12
0.086643,12,1
108.680464,12,2
37.70288,12,3
49.909811,12,4
33.230504,12,5
34.197499,12,6
5.934024,12,7
102.088555,12,8
105.572547,12,9
0.45236,12,10
19.427776,12,11
succeed
0.0,0.026667,0.134427,0.0,0.185435,0.0,0.026667,0.105904,0.026667,0.0,0.0,0.123144
0.0,0.0,1.257837,2.602424,0.208328,9.79988,3.947483,11.443735,3.080744,0.017833,2.6112,30.885269
0.504608,11.285541,0.0,31.545957,3.745477,11.721963,16.502451,21.599949,7.434837,0.287435,7.381947,16.680811
0.113163,5.702395,27.247595,0.0,22.107669,25.095581,13.705131,4.514779,9.340771,4.466179,10.214723,46.412435
9.194976,0.371491,5.39796,0.956347,0.0,4.051149,0.746064,1.757469,1.497365,0.0,0.350363,4.093416
0.0,3.650693,29.932325,6.918517,0.304773,0.0,3.174501,16.086013,3.285331,0.053333,9.080395,17.969515
0.058352,2.141491,8.254077,3.513533,2.426984,10.059808,0.0,4.906923,0.6878,1.628779,1.737877,7.438069
0.0,5.098856,61.494467,5.326651,2.017973,5.237069,14.981699,0.0,18.056267,21.761061,17.892077,85.262619
2.887275,13.441203,12.165256,21.243653,1.963448,7.652968,4.134909,61.492008,0.0,1.710997,15.426117,41.507589
0.0,0.0,0.0,2.923931,0.0,0.208307,0.0,27.231024,0.026667,0.0,53.267429,0.08
0.0,5.490475,5.730285,0.967192,1.934155,11.067021,0.582221,7.559797,6.229824,1.509013,0.0,7.539048
0.086643,108.680464,37.70288,49.909811,33.230504,34.197499,5.934024,102.088555,105.572547,0.45236,19.427776,0.0
