1962.247421
2.008853,1,2
0.143051,1,3
0.24812,1,5
0.2626,1,6
0.235805,1,8
0.281563,1,9
1.146931,1,12
0.106653,2,1
3.390085,2,3
2.549267,2,4
31.122101,2,5
11.847688,2,6
2.071389,2,7
10.725959,2,8
3.439677,2,9
0.142127,2,10
7.08556,2,11
30.159779,2,12
0.026667,3,1
33.060947,3,2
9.599867,3,4
19.373144,3,5
72.522072,3,6
7.044067,3,7
20.377915,3,8
9.532795,3,9
1.92192,3,10
3.087728,3,11
50.628613,3,12
0.166507,4,1
4.466509,4,2
46.1158,4,3
20.675531,4,5
25.510483,4,6
17.123757,4,7
23.309117,4,8
10.906939,4,9
7.630749,4,10
13.206205,4,11
32.676552,4,12
3.224581,5,1
20.17008,5,2
12.084819,5,3
0.579229,5,4
11.952915,5,6
0.848672,5,7
36.671333,5,8
1.033397,5,9
0.983341,5,11
5.391067,5,12
0.229147,6,1
14.231373,6,2
61.021256,6,3
5.577485,6,4
3.456488,6,5
3.160459,6,7
16.334347,6,8
6.391656,6,9
0.350325,6,10
4.811901,6,11
7.197944,6,12
3.974648,7,2
22.545741,7,3
3.492456,7,4
2.306912,7,5
12.201432,7,6
3.294,7,8
0.962752,7,9
1.524824,7,10
2.066139,7,11
20.147664,7,12
0.627421,8,1
21.000139,8,2
51.151837,8,3
7.42472,8,4
9.166128,8,5
26.434787,8,6
2.999165,8,7
25.38884,8,9
15.19,8,10
18.787877,8,11
9.190344,8,12
0.542813,9,1
23.275752,9,2
17.365192,9,3
19.992325,9,4
6.964661,9,5
12.576968,9,6
5.788008,9,7
62.089965,9,8
0.620947,9,10
14.131461,9,11
59.859323,9,12
3.560469,10,4
0.148552,10,6
0.026667,10,7
28.366899,10,8
34.237328,10,11
0.026667,10,12
9.954211,11,2
14.628781,11,3
2.86796,11,4
4.917488,11,5
14.455531,11,6
4.316091,11,7
9.736685,11,8
7.137557,11,9
4.373235,11,10
3.916944,11,12
0.917781,12,1
99.297909,12,2
124.82524,12,3
41.719683,12,4
15.057667,12,5
40.399283,12,6
9.912229,12,7
49.517128,12,8
181.667541,12,9
0.7554,12,10
20.788347,12,11
succeed
0.0,2.008853,0.143051,0.0,0.24812,0.2626,0.0,0.235805,0.281563,0.0,0.0,1.146931
0.106653,0.0,3.390085,2.549267,31.122101,11.847688,2.071389,10.725959,3.439677,0.142127,7.08556,30.159779
0.026667,33.060947,0.0,9.599867,19.373144,72.522072,7.044067,20.377915,9.532795,1.92192,3.087728,50.628613
0.166507,4.466509,46.1158,0.0,20.675531,25.510483,17.123757,23.309117,10.906939,7.630749,13.206205,32.676552
3.224581,20.17008,12.084819,0.579229,0.0,11.952915,0.848672,36.671333,1.033397,0.0,0.983341,5.391067
0.229147,14.231373,61.021256,5.577485,3.456488,0.0,3.160459,16.334347,6.391656,0.350325,4.811901,7.197944
0.0,3.974648,22.545741,3.492456,2.306912,12.201432,0.0,3.294,0.962752,1.524824,2.066139,20.147664
0.627421,21.000139,51.151837,7.42472,9.166128,26.434787,2.999165,0.0,25.38884,15.19,18.787877,9.190344
0.542813,23.275752,17.365192,19.992325,6.964661,12.576968,5.788008,62.089965,0.0,0.620947,14.131461,59.859323
0.0,0.0,0.0,3.560469,0.0,0.148552,0.026667,28.366899,0.0,0.0,34.237328,0.026667
0.0,9.954211,14.628781,2.86796,4.917488,14.455531,4.316091,9.736685,7.137557,4.373235,0.0,3.916944
0.917781,99.297909,124.82524,41.719683,15.057667,40.399283,9.912229,49.517128,181.667541,0.7554,20.788347,0.0
