3181.227949
0.026667,1,2
0.233733,1,3
0.300437,1,4
0.121267,1,5
0.712741,1,7
0.693045,1,8
0.526117,1,9
3.970491,1,11
0.439205,1,12
0.126061,2,1
7.650861,2,3
7.787547,2,4
1.6092,2,5
8.735019,2,6
0.54688,2,7
15.321811,2,8
1.806725,2,9
0.04,2,10
7.363037,2,11
35.143296,2,12
0.890147,3,1
7.630971,3,2
15.800752,3,4
6.707227,3,5
35.163275,3,6
7.720333,3,7
58.302288,3,8
9.197325,3,9
1.608283,3,10
16.96892,3,11
81.196848,3,12
0.121899,4,1
8.486867,4,2
25.946872,4,3
13.066808,4,5
7.710403,4,6
11.674083,4,7
11.174048,4,8
18.23464,4,9
7.20272,4,10
8.770787,4,11
14.39896,4,12
2.963,5,1
2.424584,5,2
5.885832,5,3
1.266363,5,4
1.339051,5,6
5.893837,5,7
11.839341,5,8
4.819475,5,9
0.026667,5,10
4.635139,5,11
2.5484,5,12
0.026667,6,1
10.081989,6,2
50.365531,6,3
6.903779,6,4
6.294643,6,5
3.228371,6,7
63.041288,6,8
30.263045,6,9
1.100235,6,10
6.983739,6,11
7.455179,6,12
3.078877,7,2
16.012568,7,3
18.569675,7,4
2.647325,7,5
10.246973,7,6
5.955629,7,8
5.105261,7,9
0.053333,7,10
1.6958,7,11
20.942195,7,12
0.508427,8,1
18.644797,8,2
102.302349,8,3
44.661584,8,4
13.945029,8,5
52.37172,8,6
5.088627,8,7
72.803805,8,9
14.077669,8,10
37.813355,8,11
121.961549,8,12
1.193011,9,1
32.307064,9,2
936.184613,9,3
21.806907,9,4
7.559075,9,5
32.77064,9,6
11.496525,9,7
83.025984,9,8
1.684136,9,10
40.461755,9,11
36.455171,9,12
0.133845,10,2
0.588387,10,3
9.459237,10,4
0.033739,10,5
4.751824,10,6
0.053333,10,7
13.176907,10,8
0.386128,10,9
4.658029,10,11
0.117267,10,12
0.159845,11,1
8.126763,11,2
14.205059,11,3
4.270411,11,4
3.673944,11,5
4.926133,11,6
2.564293,11,7
29.170891,11,8
10.4182,11,9
3.462296,11,10
8.692048,11,12
0.026667,12,1
73.886699,12,2
97.324656,12,3
32.770261,12,4
43.81112,12,5
34.666275,12,6
12.271291,12,7
138.947187,12,8
118.393475,12,9
3.272013,12,10
38.883547,12,11
succeed
0.0,0.026667,0.233733,0.300437,0.121267,0.0,0.712741,0.693045,0.526117,0.0,3.970491,0.439205
0.126061,0.0,7.650861,7.787547,1.6092,8.735019,0.54688,15.321811,1.806725,0.04,7.363037,35.143296
0.890147,7.630971,0.0,15.800752,6.707227,35.163275,7.720333,58.302288,9.197325,1.608283,16.96892,81.196848
0.121899,8.486867,25.946872,0.0,13.066808,7.710403,11.674083,11.174048,18.23464,7.20272,8.770787,14.39896
2.963,2.424584,5.885832,1.266363,0.0,1.339051,5.893837,11.839341,4.819475,0.026667,4.635139,2.5484
0.026667,10.081989,50.365531,6.903779,6.294643,0.0,3.228371,63.041288,30.263045,1.100235,6.983739,7.455179
0.0,3.078877,16.012568,18.569675,2.647325,10.246973,0.0,5.955629,5.105261,0.053333,1.6958,20.942195
0.508427,18.644797,102.302349,44.661584,13.945029,52.37172,5.088627,0.0,72.803805,14.077669,37.813355,121.961549
1.193011,32.307064,936.184613,21.806907,7.559075,32.77064,11.496525,83.025984,0.0,1.684136,40.461755,36.455171
0.0,0.133845,0.588387,9.459237,0.033739,4.751824,0.053333,13.176907,0.386128,0.0,4.658029,0.117267
0.159845,8.126763,14.205059,4.270411,3.673944,4.926133,2.564293,29.170891,10.4182,3.462296,0.0,8.692048
0.026667,73.886699,97.324656,32.770261,43.81112,34.666275,12.271291,138.947187,118.393475,3.272013,38.883547,0.0
