3685.128332
0.367467,1,2
0.65328,1,3
0.309568,1,4
0.432003,1,5
0.459613,1,6
0.384867,1,7
2.630552,1,8
1.980403,1,9
0.589235,1,11
2.430197,1,12
0.586843,2,1
21.780731,2,3
10.821307,2,4
5.302429,2,5
27.866672,2,6
7.849885,2,7
13.024615,2,8
20.195195,2,9
6.328452,2,10
6.496955,2,11
68.113216,2,12
1.529723,3,1
23.152829,3,2
14.946939,3,4
18.934429,3,5
86.752637,3,6
63.313013,3,7
47.407997,3,8
21.7014,3,9
8.331928,3,10
15.213893,3,11
51.286488,3,12
0.091733,4,1
10.408139,4,2
64.747189,4,3
20.92384,4,5
38.596896,4,6
10.392093,4,7
32.518843,4,8
24.57624,4,9
11.974651,4,10
22.944032,4,11
55.530517,4,12
2.816144,5,1
7.084893,5,2
23.886893,5,3
4.801531,5,4
10.887589,5,6
4.682989,5,7
59.923485,5,8
8.878563,5,9
1.380227,5,10
4.371819,5,11
10.401619,5,12
0.777741,6,1
37.944883,6,2
148.318965,6,3
30.461744,6,4
12.872896,6,5
14.323112,6,7
33.663328,6,8
32.407331,6,9
10.249736,6,10
17.669091,6,11
39.835747,6,12
0.502883,7,1
4.348976,7,2
52.035979,7,3
9.907413,7,4
3.573877,7,5
26.764339,7,6
5.394723,7,8
11.169552,7,9
2.789933,7,10
5.000477,7,11
14.487877,7,12
0.657803,8,1
15.962317,8,2
143.575725,8,3
18.81164,8,4
11.034427,8,5
61.762499,8,6
18.942144,8,7
66.545883,8,9
17.318461,8,10
28.834051,8,11
60.702915,8,12
1.832197,9,1
52.482603,9,2
72.271315,9,3
37.019787,9,4
29.705691,9,5
65.744787,9,6
33.597917,9,7
81.068832,9,8
22.176264,9,10
44.140661,9,11
127.681725,9,12
3.872072,10,2
5.650467,10,3
7.362917,10,4
0.688837,10,5
4.11712,10,6
1.356432,10,7
34.930144,10,8
3.513653,10,9
45.045899,10,11
1.648864,10,12
0.552005,11,1
15.896773,11,2
60.736995,11,3
11.590976,11,4
8.672483,11,5
20.688699,11,6
9.068893,11,7
44.743061,11,8
23.960264,11,9
13.005459,11,10
24.656885,11,12
3.812229,12,1
110.955581,12,2
103.171211,12,3
77.81612,12,4
40.967856,12,5
79.841147,12,6
28.462579,12,7
100.407632,12,8
225.549117,12,9
10.359389,12,10
52.66164,12,11
succeed
0.0,0.367467,0.65328,0.309568,0.432003,0.459613,0.384867,2.630552,1.980403,0.0,0.589235,2.430197
0.586843,0.0,21.780731,10.821307,5.302429,27.866672,7.849885,13.024615,20.195195,6.328452,6.496955,68.113216
1.529723,23.152829,0.0,14.946939,18.934429,86.752637,63.313013,47.407997,21.7014,8.331928,15.213893,51.286488
0.091733,10.408139,64.747189,0.0,20.92384,38.596896,10.392093,32.518843,24.57624,11.974651,22.944032,55.530517
2.816144,7.084893,23.886893,4.801531,0.0,10.887589,4.682989,59.923485,8.878563,1.380227,4.371819,10.401619
0.777741,37.944883,148.318965,30.461744,12.872896,0.0,14.323112,33.663328,32.407331,10.249736,17.669091,39.835747
0.502883,4.348976,52.035979,9.907413,3.573877,26.764339,0.0,5.394723,11.169552,2.789933,5.000477,14.487877
0.657803,15.962317,143.575725,18.81164,11.034427,61.762499,18.942144,0.0,66.545883,17.318461,28.834051,60.702915
1.832197,52.482603,72.271315,37.019787,29.705691,65.744787,33.597917,81.068832,0.0,22.176264,44.140661,127.681725
0.0,3.872072,5.650467,7.362917,0.688837,4.11712,1.356432,34.930144,3.513653,0.0,45.045899,1.648864
0.552005,15.896773,60.736995,11.590976,8.672483,20.688699,9.068893,44.743061,23.960264,13.005459,0.0,24.656885
3.812229,110.955581,103.171211,77.81612,40.967856,79.841147,28.462579,100.407632,225.549117,10.359389,52.66164,0.0
