2288.16336
0.053333,1,2
0.234912,1,3
0.069333,1,4
0.051056,1,5
1.220379,1,8
1.187587,1,9
0.053333,1,11
0.381723,1,12
0.115827,2,1
34.239101,2,3
5.678107,2,4
2.894789,2,5
23.059587,2,6
2.868285,2,7
18.430757,2,8
6.583888,2,9
0.390208,2,10
4.006504,2,11
19.956541,2,12
0.093928,3,1
31.212517,3,2
11.299432,3,4
5.702629,3,5
9.760501,3,6
5.637371,3,7
35.822904,3,8
25.20972,3,9
2.746381,3,10
13.941213,3,11
19.452691,3,12
0.351328,4,1
4.441512,4,2
53.546827,4,3
37.832405,4,5
32.633939,4,6
21.754789,4,7
20.902813,4,8
19.541389,4,9
17.079344,4,10
12.916691,4,11
42.365544,4,12
2.189555,5,1
7.415416,5,2
9.16348,5,3
8.399416,5,4
2.814227,5,6
1.440565,5,7
7.987259,5,8
2.947616,5,9
2.221115,5,10
1.706053,5,11
3.519621,5,12
1.425371,6,1
10.77344,6,2
61.821219,6,3
16.355832,6,4
6.708749,6,5
4.318907,6,7
14.391813,6,8
23.490539,6,9
2.89204,6,10
13.488299,6,11
33.933547,6,12
4.974584,7,2
10.915915,7,3
5.579925,7,4
5.59304,7,5
11.796891,7,6
7.127904,7,8
3.097667,7,9
2.866712,7,10
3.88224,7,11
7.853816,7,12
3.78396,8,1
25.626149,8,2
66.131435,8,3
8.926848,8,4
9.839093,8,5
26.712547,8,6
4.477835,8,7
31.380928,8,9
32.21524,8,10
20.014344,8,11
64.883181,8,12
0.599605,9,1
24.118693,9,2
27.230432,9,3
35.214523,9,4
9.63892,9,5
22.82288,9,6
6.703856,9,7
68.680885,9,8
4.813235,9,10
22.508379,9,11
52.579837,9,12
0.053333,10,2
0.053333,10,3
3.478451,10,4
0.112011,10,5
0.248875,10,6
0.053333,10,7
39.778891,10,8
60.194221,10,9
41.044837,10,11
0.16,10,12
8.244677,11,2
18.420352,11,3
7.301563,11,4
5.388115,11,5
6.26856,11,6
2.435416,11,7
17.412813,11,8
14.229059,11,9
8.576507,11,10
6.381112,11,12
0.620304,12,1
94.524331,12,2
99.662432,12,3
71.904173,12,4
22.025949,12,5
16.581789,12,6
29.609603,12,7
118.766797,12,8
127.450339,12,9
3.054779,12,10
46.410709,12,11
succeed
0.0,0.053333,0.234912,0.069333,0.051056,0.0,0.0,1.220379,1.187587,0.0,0.053333,0.381723
0.115827,0.0,34.239101,5.678107,2.894789,23.059587,2.868285,18.430757,6.583888,0.390208,4.006504,19.956541
0.093928,31.212517,0.0,11.299432,5.702629,9.760501,5.637371,35.822904,25.20972,2.746381,13.941213,19.452691
0.351328,4.441512,53.546827,0.0,37.832405,32.633939,21.754789,20.902813,19.541389,17.079344,12.916691,42.365544
2.189555,7.415416,9.16348,8.399416,0.0,2.814227,1.440565,7.987259,2.947616,2.221115,1.706053,3.519621
1.425371,10.77344,61.821219,16.355832,6.708749,0.0,4.318907,14.391813,23.490539,2.89204,13.488299,33.933547
0.0,4.974584,10.915915,5.579925,5.59304,11.796891,0.0,7.127904,3.097667,2.866712,3.88224,7.853816
3.78396,25.626149,66.131435,8.926848,9.839093,26.712547,4.477835,0.0,31.380928,32.21524,20.014344,64.883181
0.599605,24.118693,27.230432,35.214523,9.63892,22.82288,6.703856,68.680885,0.0,4.813235,22.508379,52.579837
0.0,0.053333,0.053333,3.478451,0.112011,0.248875,0.053333,39.778891,60.194221,0.0,41.044837,0.16
0.0,8.244677,18.420352,7.301563,5.388115,6.26856,2.435416,17.412813,14.229059,8.576507,0.0,6.381112
0.620304,94.524331,99.662432,71.904173,22.025949,16.581789,29.609603,118.766797,127.450339,3.054779,46.410709,0.0
