4593.421905
0.648552,1,2
1.048368,1,3
0.073357,1,4
0.138917,1,5
0.15172,1,6
0.200037,1,7
0.210024,1,8
0.304013,1,9
0.839347,1,11
3.336837,1,12
0.328387,2,1
25.59256,2,3
4.974157,2,4
35.192056,2,5
31.007533,2,6
7.059136,2,7
20.582787,2,8
17.084997,2,9
0.735971,2,10
25.166901,2,11
35.467264,2,12
1.761885,3,1
223.729677,3,2
21.7208,3,4
15.032419,3,5
173.895624,3,6
19.911384,3,7
44.636787,3,8
37.171771,3,9
0.863528,3,10
45.671165,3,11
88.527472,3,12
0.202485,4,1
13.062331,4,2
31.1466,4,3
15.058488,4,5
24.749699,4,6
16.977456,4,7
33.432019,4,8
14.726864,4,9
0.467224,4,10
28.894923,4,11
42.047296,4,12
2.664744,5,1
6.593349,5,2
18.661355,5,3
5.811381,5,4
11.890267,5,6
7.395653,5,7
5.736851,5,8
7.771821,5,9
0.750376,5,10
16.105669,5,11
16.193584,5,12
0.906952,6,1
17.024861,6,2
60.819592,6,3
7.440091,6,4
3.944947,6,5
7.921899,6,7
8.507568,6,8
29.729976,6,9
0.488069,6,10
27.962131,6,11
28.016664,6,12
2.579656,7,1
6.891368,7,2
31.328941,7,3
10.423075,7,4
3.239341,7,5
28.011555,7,6
6.625971,7,8
6.675589,7,9
0.133043,7,10
15.911688,7,11
20.953629,7,12
0.137123,8,1
20.824067,8,2
88.018795,8,3
23.528936,8,4
21.713037,8,5
41.375869,8,6
9.918448,8,7
47.004563,8,9
17.708869,8,10
67.43972,8,11
96.103667,8,12
3.391507,9,1
54.179189,9,2
55.816536,9,3
28.607859,9,4
12.220813,9,5
59.224235,9,6
28.377872,9,7
81.878195,9,8
0.97576,9,10
33.483605,9,11
192.67412,9,12
0.512003,10,3
24.001819,10,4
0.227213,10,5
1.725539,10,6
0.198197,10,7
19.094259,10,8
2.22264,10,9
33.617237,10,11
0.197187,10,12
9.416491,11,1
110.400928,11,2
261.829013,11,3
56.663085,11,4
70.494544,11,5
200.044581,11,6
120.690256,11,7
32.485773,11,8
53.766269,11,9
22.411741,11,10
193.778371,11,12
3.311701,12,1
107.166171,12,2
123.415227,12,3
71.032285,12,4
26.749784,12,5
99.288907,12,6
22.589,12,7
115.856451,12,8
229.448843,12,9
2.232203,12,10
65.008928,12,11
succeed
0.0,0.648552,1.048368,0.073357,0.138917,0.15172,0.200037,0.210024,0.304013,0.0,0.839347,3.336837
0.328387,0.0,25.59256,4.974157,35.192056,31.007533,7.059136,20.582787,17.084997,0.735971,25.166901,35.467264
1.761885,223.729677,0.0,21.7208,15.032419,173.895624,19.911384,44.636787,37.171771,0.863528,45.671165,88.527472
0.202485,13.062331,31.1466,0.0,15.058488,24.749699,16.977456,33.432019,14.726864,0.467224,28.894923,42.047296
2.664744,6.593349,18.661355,5.811381,0.0,11.890267,7.395653,5.736851,7.771821,0.750376,16.105669,16.193584
0.906952,17.024861,60.819592,7.440091,3.944947,0.0,7.921899,8.507568,29.729976,0.488069,27.962131,28.016664
2.579656,6.891368,31.328941,10.423075,3.239341,28.011555,0.0,6.625971,6.675589,0.133043,15.911688,20.953629
0.137123,20.824067,88.018795,23.528936,21.713037,41.375869,9.918448,0.0,47.004563,17.708869,67.43972,96.103667
3.391507,54.179189,55.816536,28.607859,12.220813,59.224235,28.377872,81.878195,0.0,0.97576,33.483605,192.67412
0.0,0.0,0.512003,24.001819,0.227213,1.725539,0.198197,19.094259,2.22264,0.0,33.617237,0.197187
9.416491,110.400928,261.829013,56.663085,70.494544,200.044581,120.690256,32.485773,53.766269,22.411741,0.0,193.778371
3.311701,107.166171,123.415227,71.032285,26.749784,99.288907,22.589,115.856451,229.448843,2.232203,65.008928,0.0
