1702.62292
0.053333,1,2
0.092957,1,3
0.053333,1,4
0.150656,1,5
0.051104,1,6
0.102405,1,7
1.128011,1,8
0.026667,1,11
1.087773,1,12
0.284701,2,1
6.160357,2,3
4.693013,2,4
2.226693,2,5
9.102123,2,6
2.49692,2,7
21.850284,2,8
4.479541,2,9
0.116455,2,10
3.747955,2,11
29.358429,2,12
0.797981,3,1
8.122789,3,2
11.922568,3,4
12.821008,3,5
23.989272,3,6
6.979933,3,7
36.485792,3,8
9.888928,3,9
8.469869,3,10
6.362459,3,11
28.627552,3,12
0.777859,4,1
8.201744,4,2
56.882933,4,3
23.395544,4,5
26.506509,4,6
15.119285,4,7
8.212133,4,8
9.475939,4,9
9.295491,4,10
18.278448,4,11
38.016331,4,12
5.350315,5,1
1.135341,5,2
6.526075,5,3
1.396461,5,4
1.434888,5,6
8.60408,5,7
3.026517,5,8
1.345197,5,9
0.423376,5,11
6.223165,5,12
0.263579,6,1
3.426336,6,2
32.184309,6,3
7.472912,6,4
1.267525,6,5
2.899157,6,7
13.706619,6,8
6.395187,6,9
0.210544,6,10
11.623227,6,11
17.082544,6,12
0.663117,7,1
6.499155,7,2
6.797389,7,3
5.713205,7,4
4.314832,7,5
21.807069,7,6
6.892715,7,8
1.715608,7,9
2.154333,7,10
8.111491,7,11
15.541403,7,12
0.418291,8,1
9.295989,8,2
40.516565,8,3
11.278152,8,4
3.451605,8,5
5.480973,8,6
4.265093,8,7
24.777811,8,9
22.295021,8,10
19.490035,8,11
59.529381,8,12
1.101419,9,1
22.616611,9,2
17.500352,9,3
24.865685,9,4
5.728771,9,5
6.642883,9,6
4.743285,9,7
51.326707,9,8
0.545139,9,10
15.335925,9,11
59.751467,9,12
0.415387,10,4
0.122512,10,6
34.762755,10,8
0.545461,10,9
37.958931,10,11
0.521344,11,1
6.366339,11,2
45.824043,11,3
2.630437,11,4
1.687845,11,5
5.099688,11,6
2.763291,11,7
17.128309,11,8
4.701045,11,9
6.180235,11,10
3.372445,11,12
1.095427,12,1
67.350331,12,2
46.166035,12,3
41.648395,12,4
17.964821,12,5
26.967736,12,6
25.092461,12,7
70.340875,12,8
119.410299,12,9
7.623453,12,10
29.825112,12,11
succeed
0.0,0.053333,0.092957,0.053333,0.150656,0.051104,0.102405,1.128011,0.0,0.0,0.026667,1.087773
0.284701,0.0,6.160357,4.693013,2.226693,9.102123,2.49692,21.850284,4.479541,0.116455,3.747955,29.358429
0.797981,8.122789,0.0,11.922568,12.821008,23.989272,6.979933,36.485792,9.888928,8.469869,6.362459,28.627552
0.777859,8.201744,56.882933,0.0,23.395544,26.506509,15.119285,8.212133,9.475939,9.295491,18.278448,38.016331
5.350315,1.135341,6.526075,1.396461,0.0,1.434888,8.60408,3.026517,1.345197,0.0,0.423376,6.223165
0.263579,3.426336,32.184309,7.472912,1.267525,0.0,2.899157,13.706619,6.395187,0.210544,11.623227,17.082544
0.663117,6.499155,6.797389,5.713205,4.314832,21.807069,0.0,6.892715,1.715608,2.154333,8.111491,15.541403
0.418291,9.295989,40.516565,11.278152,3.451605,5.480973,4.265093,0.0,24.777811,22.295021,19.490035,59.529381
1.101419,22.616611,17.500352,24.865685,5.728771,6.642883,4.743285,51.326707,0.0,0.545139,15.335925,59.751467
0.0,0.0,0.0,0.415387,0.0,0.122512,0.0,34.762755,0.545461,0.0,37.958931,0.0
0.521344,6.366339,45.824043,2.630437,1.687845,5.099688,2.763291,17.128309,4.701045,6.180235,0.0,3.372445
1.095427,67.350331,46.166035,41.648395,17.964821,26.967736,25.092461,70.340875,119.410299,7.623453,29.825112,0.0
