2925.60955
0.181139,1,3
0.126725,1,5
0.032,1,7
0.166744,1,8
0.531771,1,9
0.073099,1,10
0.44,1,11
2.212496,1,12
0.026667,2,1
11.704424,2,3
3.134467,2,4
3.191483,2,5
11.955648,2,6
2.276451,2,7
11.667029,2,8
6.278437,2,9
3.384288,2,10
7.596267,2,11
46.542011,2,12
0.202469,3,1
44.142995,3,2
22.583867,3,4
7.441992,3,5
42.435419,3,6
10.949843,3,7
96.168397,3,8
24.09812,3,9
3.736035,3,10
13.523107,3,11
28.102243,3,12
2.267168,4,2
100.425432,4,3
10.627592,4,5
27.542904,4,6
18.866264,4,7
24.138571,4,8
17.563544,4,9
9.445197,4,10
11.455645,4,11
40.074251,4,12
4.689109,5,1
0.856483,5,2
22.409091,5,3
1.802293,5,4
3.674093,5,6
1.209499,5,7
7.754235,5,8
2.886272,5,9
0.026667,5,10
1.903611,5,11
2.611085,5,12
11.787059,6,2
119.097792,6,3
14.387373,6,4
4.01912,6,5
6.930832,6,7
32.418203,6,8
27.610365,6,9
0.880357,6,10
24.045336,6,11
25.522989,6,12
2.285221,7,2
27.117557,7,3
5.855819,7,4
2.413725,7,5
17.215803,7,6
6.071931,7,8
7.193093,7,9
0.258128,7,10
3.9184,7,11
12.099683,7,12
0.343635,8,1
9.588187,8,2
149.683488,8,3
23.042219,8,4
10.336499,8,5
39.411125,8,6
6.591248,8,7
109.853387,8,9
7.583435,8,10
43.626835,8,11
111.566451,8,12
0.301787,9,1
17.543387,9,2
68.213109,9,3
38.408944,9,4
13.948699,9,5
36.26676,9,6
13.288315,9,7
133.946283,9,8
6.502779,9,10
32.399056,9,11
76.828563,9,12
11.637024,10,2
1.119608,10,3
4.070491,10,4
0.394808,10,5
0.280483,10,6
0.080864,10,7
44.882117,10,8
68.863997,10,9
42.711424,10,11
0.482061,10,12
0.026667,11,1
8.771653,11,2
29.537085,11,3
3.031923,11,4
2.193525,11,5
6.222213,11,6
4.156293,11,7
29.421333,11,8
11.626605,11,9
12.587088,11,10
5.773984,11,12
0.060512,12,1
72.869072,12,2
73.495176,12,3
60.812469,12,4
9.066872,12,5
70.169672,12,6
26.480096,12,7
140.140952,12,8
127.674323,12,9
5.007805,12,10
34.423739,12,11
succeed
0.0,0.0,0.181139,0.0,0.126725,0.0,0.032,0.166744,0.531771,0.073099,0.44,2.212496
0.026667,0.0,11.704424,3.134467,3.191483,11.955648,2.276451,11.667029,6.278437,3.384288,7.596267,46.542011
0.202469,44.142995,0.0,22.583867,7.441992,42.435419,10.949843,96.168397,24.09812,3.736035,13.523107,28.102243
0.0,2.267168,100.425432,0.0,10.627592,27.542904,18.866264,24.138571,17.563544,9.445197,11.455645,40.074251
4.689109,0.856483,22.409091,1.802293,0.0,3.674093,1.209499,7.754235,2.886272,0.026667,1.903611,2.611085
0.0,11.787059,119.097792,14.387373,4.01912,0.0,6.930832,32.418203,27.610365,0.880357,24.045336,25.522989
0.0,2.285221,27.117557,5.855819,2.413725,17.215803,0.0,6.071931,7.193093,0.258128,3.9184,12.099683
0.343635,9.588187,149.683488,23.042219,10.336499,39.411125,6.591248,0.0,109.853387,7.583435,43.626835,111.566451
0.301787,17.543387,68.213109,38.408944,13.948699,36.26676,13.288315,133.946283,0.0,6.502779,32.399056,76.828563
0.0,11.637024,1.119608,4.070491,0.394808,0.280483,0.080864,44.882117,68.863997,0.0,42.711424,0.482061
0.026667,8.771653,29.537085,3.031923,2.193525,6.222213,4.156293,29.421333,11.626605,12.587088,0.0,5.773984
0.060512,72.869072,73.495176,60.812469,9.066872,70.169672,26.480096,140.140952,127.674323,5.007805,34.423739,0.0
