1844.0411960000001
0.509179,1,3
0.026667,1,5
0.026667,1,7
0.282067,1,8
0.050437,1,11
0.480691,1,12
0.032059,2,1
3.999501,2,3
4.625547,2,4
1.477629,2,5
12.037995,2,6
1.081048,2,7
16.665461,2,8
2.720123,2,9
0.345195,2,10
7.022995,2,11
36.283688,2,12
0.026667,3,1
14.466016,3,2
13.046901,3,4
9.262405,3,5
18.827099,3,6
29.335056,3,7
40.362603,3,8
11.870053,3,9
3.782581,3,10
14.705208,3,11
42.013781,3,12
0.109547,4,1
1.971371,4,2
36.311613,4,3
19.001133,4,5
40.342768,4,6
23.382757,4,7
12.980003,4,8
13.858107,4,9
7.921307,4,10
25.492291,4,11
45.42524,4,12
0.561477,5,1
1.679325,5,2
8.650312,5,3
0.734723,5,4
2.214493,5,6
0.945995,5,7
21.915323,5,8
2.708613,5,9
0.431181,5,11
8.554253,5,12
11.089571,6,2
35.521789,6,3
24.013181,6,4
1.186029,6,5
2.136925,6,7
13.476955,6,8
18.653528,6,9
0.098923,6,10
7.888509,6,11
10.266371,6,12
1.347208,7,2
10.713904,7,3
8.711781,7,4
3.341163,7,5
15.929749,7,6
6.658555,7,8
2.843768,7,9
2.602856,7,10
3.652491,7,11
11.541133,7,12
0.053333,8,1
34.550464,8,2
49.105269,8,3
25.654435,8,4
8.992192,8,5
11.453317,8,6
6.597896,8,7
27.171232,8,9
10.718179,8,10
23.27992,8,11
23.153184,8,12
0.244832,9,1
11.242355,9,2
26.842429,9,3
23.153837,9,4
10.068317,9,5
12.330243,9,6
9.79604,9,7
73.501128,9,8
3.352141,9,10
9.127189,9,11
55.504085,9,12
0.053333,10,2
0.090869,10,3
0.775803,10,4
0.03312,10,5
0.295376,10,6
30.937565,10,8
0.248288,10,9
25.389464,10,11
0.053333,10,12
0.0558,11,1
8.754064,11,2
11.553877,11,3
3.327765,11,4
1.722597,11,5
6.992296,11,6
4.806045,11,7
14.309205,11,8
5.307787,11,9
4.076773,11,10
7.931496,11,12
0.537696,12,1
106.634285,12,2
58.609491,12,3
76.569419,12,4
12.164765,12,5
34.693853,12,6
20.583037,12,7
42.737909,12,8
125.833637,12,9
1.204488,12,10
29.634203,12,11
succeed
0.0,0.0,0.509179,0.0,0.026667,0.0,0.026667,0.282067,0.0,0.0,0.050437,0.480691
0.032059,0.0,3.999501,4.625547,1.477629,12.037995,1.081048,16.665461,2.720123,0.345195,7.022995,36.283688
0.026667,14.466016,0.0,13.046901,9.262405,18.827099,29.335056,40.362603,11.870053,3.782581,14.705208,42.013781
0.109547,1.971371,36.311613,0.0,19.001133,40.342768,23.382757,12.980003,13.858107,7.921307,25.492291,45.42524
0.561477,1.679325,8.650312,0.734723,0.0,2.214493,0.945995,21.915323,2.708613,0.0,0.431181,8.554253
0.0,11.089571,35.521789,24.013181,1.186029,0.0,2.136925,13.476955,18.653528,0.098923,7.888509,10.266371
0.0,1.347208,10.713904,8.711781,3.341163,15.929749,0.0,6.658555,2.843768,2.602856,3.652491,11.541133
0.053333,34.550464,49.105269,25.654435,8.992192,11.453317,6.597896,0.0,27.171232,10.718179,23.27992,23.153184
0.244832,11.242355,26.842429,23.153837,10.068317,12.330243,9.79604,73.501128,0.0,3.352141,9.127189,55.504085
0.0,0.053333,0.090869,0.775803,0.03312,0.295376,0.0,30.937565,0.248288,0.0,25.389464,0.053333
0.0558,8.754064,11.553877,3.327765,1.722597,6.992296,4.806045,14.309205,5.307787,4.076773,0.0,7.931496
0.537696,106.634285,58.609491,76.569419,12.164765,34.693853,20.583037,42.737909,125.833637,1.204488,29.634203,0.0
