3352.205191
0.111112,1,2
0.224347,1,3
0.026667,1,4
0.226891,1,5
0.093915,1,6
0.272701,1,7
0.194517,1,8
0.565165,1,9
0.045584,1,10
0.107979,1,11
0.704808,1,12
0.573995,2,1
15.54408,2,3
5.42,2,4
4.90736,2,5
19.841624,2,6
10.608485,2,7
14.865355,2,8
12.223981,2,9
1.901853,2,10
8.829576,2,11
44.989696,2,12
0.053333,3,1
18.720531,3,2
18.443552,3,4
8.274984,3,5
59.959557,3,6
13.988099,3,7
85.953008,3,8
11.045459,3,9
2.112656,3,10
10.994032,3,11
39.348355,3,12
0.305403,4,1
6.120224,4,2
95.580808,4,3
18.927059,4,5
40.181227,4,6
31.8298,4,7
19.556619,4,8
30.214816,4,9
9.940451,4,10
20.473371,4,11
44.955923,4,12
0.928789,5,1
6.18804,5,2
16.427392,5,3
2.878152,5,4
4.966691,5,6
3.867496,5,7
11.662323,5,8
2.321605,5,9
1.835341,5,10
8.113829,5,11
13.657717,5,12
0.24116,6,1
27.130045,6,2
116.617987,6,3
9.814437,6,4
20.221493,6,5
22.663547,6,7
54.899016,6,8
19.898323,6,9
2.595213,6,10
27.419133,6,11
56.084661,6,12
0.753469,7,1
8.36212,7,2
24.811059,7,3
20.267357,7,4
6.724912,7,5
28.039107,7,6
4.847128,7,8
10.123747,7,9
3.682701,7,10
5.504432,7,11
10.724771,7,12
1.623725,8,1
23.496472,8,2
144.065797,8,3
15.4868,8,4
32.36448,8,5
65.180259,8,6
8.214715,8,7
70.796712,8,9
20.071979,8,10
43.186907,8,11
104.529144,8,12
1.360888,9,1
47.192923,9,2
52.641472,9,3
34.065368,9,4
23.897451,9,5
54.40264,9,6
25.008229,9,7
108.711269,9,8
3.937643,9,10
29.609235,9,11
108.352309,9,12
7.156624,10,2
1.46496,10,3
5.120304,10,4
0.236552,10,5
0.414355,10,6
0.133333,10,7
42.095125,10,8
0.255083,10,9
38.411104,10,11
0.369829,10,12
0.110069,11,1
13.913461,11,2
19.471904,11,3
5.236235,11,4
6.217363,11,5
18.783061,11,6
5.685331,11,7
35.626011,11,8
8.705747,11,9
7.863747,11,10
20.082029,11,12
2.238115,12,1
126.22844,12,2
99.961784,12,3
66.239811,12,4
38.920805,12,5
70.202915,12,6
40.719448,12,7
125.557936,12,8
199.617464,12,9
5.810739,12,10
37.626939,12,11
succeed
0.0,0.111112,0.224347,0.026667,0.226891,0.093915,0.272701,0.194517,0.565165,0.045584,0.107979,0.704808
0.573995,0.0,15.54408,5.42,4.90736,19.841624,10.608485,14.865355,12.223981,1.901853,8.829576,44.989696
0.053333,18.720531,0.0,18.443552,8.274984,59.959557,13.988099,85.953008,11.045459,2.112656,10.994032,39.348355
0.305403,6.120224,95.580808,0.0,18.927059,40.181227,31.8298,19.556619,30.214816,9.940451,20.473371,44.955923
0.928789,6.18804,16.427392,2.878152,0.0,4.966691,3.867496,11.662323,2.321605,1.835341,8.113829,13.657717
0.24116,27.130045,116.617987,9.814437,20.221493,0.0,22.663547,54.899016,19.898323,2.595213,27.419133,56.084661
0.753469,8.36212,24.811059,20.267357,6.724912,28.039107,0.0,4.847128,10.123747,3.682701,5.504432,10.724771
1.623725,23.496472,144.065797,15.4868,32.36448,65.180259,8.214715,0.0,70.796712,20.071979,43.186907,104.529144
1.360888,47.192923,52.641472,34.065368,23.897451,54.40264,25.008229,108.711269,0.0,3.937643,29.609235,108.352309
0.0,7.156624,1.46496,5.120304,0.236552,0.414355,0.133333,42.095125,0.255083,0.0,38.411104,0.369829
0.110069,13.913461,19.471904,5.236235,6.217363,18.783061,5.685331,35.626011,8.705747,7.863747,0.0,20.082029
2.238115,126.22844,99.961784,66.239811,38.920805,70.202915,40.719448,125.557936,199.617464,5.810739,37.626939,0.0
