5698.642075000001
0.139928,1,3
0.26004,1,5
0.026667,1,6
0.057739,1,7
0.139891,1,8
0.055221,1,9
1.069408,1,12
0.052064,2,1
11.430837,2,3
4.663784,2,4
0.549104,2,5
13.048789,2,6
0.621629,2,7
8.242179,2,8
9.219048,2,9
0.013477,2,10
2.161536,2,11
42.904736,2,12
0.102416,3,1
8.861123,3,2
25.584507,3,4
11.168805,3,5
28.585155,3,6
6.074123,3,7
3475.6592,3,8
117.734624,3,9
0.701307,3,10
4.796699,3,11
40.943624,3,12
0.109547,4,1
4.516032,4,2
28.146659,4,3
16.668733,4,5
25.389693,4,6
13.233387,4,7
9.233373,4,8
38.3756,4,9
10.347549,4,10
8.881803,4,11
36.419379,4,12
2.933813,5,2
12.246587,5,3
0.970901,5,4
3.367069,5,6
2.420595,5,7
4.650379,5,8
9.683387,5,9
0.032179,5,10
3.289077,5,11
13.370739,5,12
0.026667,6,1
20.077045,6,2
36.060043,6,3
12.455043,6,4
2.21064,6,5
1.757805,6,7
21.642064,6,8
69.079624,6,9
0.411605,6,10
6.208011,6,11
21.099701,6,12
0.026667,7,1
1.348125,7,2
8.411237,7,3
4.186672,7,4
11.245419,7,5
7.940608,7,6
3.052957,7,8
13.847403,7,9
0.034699,7,10
0.7264,7,11
11.667488,7,12
3.523389,8,1
34.209051,8,2
47.660173,8,3
9.061403,8,4
6.76096,8,5
19.652509,8,6
10.629155,8,7
97.544707,8,9
10.533555,8,10
24.559699,8,11
89.913525,8,12
0.401576,9,1
19.657357,9,2
52.52532,9,3
23.472509,9,4
15.235693,9,5
39.122696,9,6
6.310299,9,7
51.548293,9,8
5.921587,9,10
22.260891,9,11
50.610883,9,12
8.473181,10,2
0.133333,10,3
13.840213,10,4
2.039763,10,5
0.272483,10,6
0.05456,10,7
27.651544,10,8
0.820725,10,9
32.508507,10,11
0.075179,10,12
0.525355,11,1
11.734979,11,2
5.150368,11,3
3.352488,11,4
2.150779,11,5
3.910501,11,6
1.843549,11,7
14.887515,11,8
14.795381,11,9
2.482629,11,10
12.280197,11,12
0.217341,12,1
72.856069,12,2
62.399189,12,3
84.727171,12,4
26.157064,12,5
65.185435,12,6
16.259107,12,7
107.233429,12,8
108.435776,12,9
0.851496,12,10
41.551475,12,11
succeed
0.0,0.0,0.139928,0.0,0.26004,0.026667,0.057739,0.139891,0.055221,0.0,0.0,1.069408
0.052064,0.0,11.430837,4.663784,0.549104,13.048789,0.621629,8.242179,9.219048,0.013477,2.161536,42.904736
0.102416,8.861123,0.0,25.584507,11.168805,28.585155,6.074123,3475.6592,117.734624,0.701307,4.796699,40.943624
0.109547,4.516032,28.146659,0.0,16.668733,25.389693,13.233387,9.233373,38.3756,10.347549,8.881803,36.419379
0.0,2.933813,12.246587,0.970901,0.0,3.367069,2.420595,4.650379,9.683387,0.032179,3.289077,13.370739
0.026667,20.077045,36.060043,12.455043,2.21064,0.0,1.757805,21.642064,69.079624,0.411605,6.208011,21.099701
0.026667,1.348125,8.411237,4.186672,11.245419,7.940608,0.0,3.052957,13.847403,0.034699,0.7264,11.667488
3.523389,34.209051,47.660173,9.061403,6.76096,19.652509,10.629155,0.0,97.544707,10.533555,24.559699,89.913525
0.401576,19.657357,52.52532,23.472509,15.235693,39.122696,6.310299,51.548293,0.0,5.921587,22.260891,50.610883
0.0,8.473181,0.133333,13.840213,2.039763,0.272483,0.05456,27.651544,0.820725,0.0,32.508507,0.075179
0.525355,11.734979,5.150368,3.352488,2.150779,3.910501,1.843549,14.887515,14.795381,2.482629,0.0,12.280197
0.217341,72.856069,62.399189,84.727171,26.157064,65.185435,16.259107,107.233429,108.435776,0.851496,41.551475,0.0
