2112.604144
0.600029,1,2
0.247208,1,3
0.171165,1,5
0.053333,1,6
0.256549,1,7
0.092176,1,8
0.465163,1,9
0.065509,1,10
0.08,1,11
0.743051,1,12
0.494464,2,1
10.003269,2,3
4.535621,2,4
1.311101,2,5
16.587397,2,6
5.752317,2,7
4.778576,2,8
11.747144,2,9
7.288253,2,10
1.804173,2,11
50.466859,2,12
0.537952,3,1
18.516792,3,2
2.811597,3,4
5.686437,3,5
14.93216,3,6
7.631427,3,7
2.274221,3,8
9.212821,3,9
21.027005,3,10
7.469693,3,11
14.428235,3,12
0.106507,4,1
14.709365,4,2
52.067245,4,3
21.582933,4,5
25.874925,4,6
17.271211,4,7
0.688405,4,8
13.459456,4,9
19.902035,4,10
3.884157,4,11
51.482077,4,12
1.939424,5,1
7.966317,5,2
11.890677,5,3
2.795672,5,4
2.415552,5,6
1.472152,5,7
1.268723,5,8
3.466205,5,9
0.135203,5,10
0.400411,5,11
3.722309,5,12
0.073104,6,1
7.616936,6,2
65.009112,6,3
10.414808,6,4
2.625675,6,5
3.866981,6,7
0.689819,6,8
13.266336,6,9
5.415701,6,10
3.26456,6,11
17.675291,6,12
0.026667,7,1
4.84444,7,2
19.586763,7,3
3.866483,7,4
3.328331,7,5
11.468325,7,6
2.120928,7,8
0.952725,7,9
4.615165,7,10
0.825088,7,11
7.050197,7,12
0.104275,8,1
16.101677,8,2
106.340384,8,3
6.482059,8,4
12.429341,8,5
26.282011,8,6
2.548219,8,7
32.257936,8,9
22.660584,8,10
18.526315,8,11
122.216736,8,12
0.870939,9,1
26.031968,9,2
51.216752,9,3
25.670888,9,4
7.048112,9,5
23.259253,9,6
4.473133,9,7
6.444405,9,8
38.942549,9,10
20.202424,9,11
56.627392,9,12
0.061781,10,2
0.249579,10,3
12.469405,10,4
0.106667,10,5
0.269216,10,6
1.694451,10,8
8.285472,10,9
42.507971,10,11
0.083184,10,12
0.191112,11,1
10.463707,11,2
24.942717,11,3
3.296597,11,4
2.820579,11,5
11.809357,11,6
2.833637,11,7
2.532381,11,8
24.946088,11,9
13.015171,11,10
81.449851,11,12
0.753971,12,1
134.992843,12,2
68.817552,12,3
26.714901,12,4
16.361072,12,5
36.796005,12,6
53.5366,12,7
58.819912,12,8
133.004563,12,9
22.601016,12,10
20.263341,12,11
succeed
0.0,0.600029,0.247208,0.0,0.171165,0.053333,0.256549,0.092176,0.465163,0.065509,0.08,0.743051
0.494464,0.0,10.003269,4.535621,1.311101,16.587397,5.752317,4.778576,11.747144,7.288253,1.804173,50.466859
0.537952,18.516792,0.0,2.811597,5.686437,14.93216,7.631427,2.274221,9.212821,21.027005,7.469693,14.428235
0.106507,14.709365,52.067245,0.0,21.582933,25.874925,17.271211,0.688405,13.459456,19.902035,3.884157,51.482077
1.939424,7.966317,11.890677,2.795672,0.0,2.415552,1.472152,1.268723,3.466205,0.135203,0.400411,3.722309
0.073104,7.616936,65.009112,10.414808,2.625675,0.0,3.866981,0.689819,13.266336,5.415701,3.26456,17.675291
0.026667,4.84444,19.586763,3.866483,3.328331,11.468325,0.0,2.120928,0.952725,4.615165,0.825088,7.050197
0.104275,16.101677,106.340384,6.482059,12.429341,26.282011,2.548219,0.0,32.257936,22.660584,18.526315,122.216736
0.870939,26.031968,51.216752,25.670888,7.048112,23.259253,4.473133,6.444405,0.0,38.942549,20.202424,56.627392
0.0,0.061781,0.249579,12.469405,0.106667,0.269216,0.0,1.694451,8.285472,0.0,42.507971,0.083184
0.191112,10.463707,24.942717,3.296597,2.820579,11.809357,2.833637,2.532381,24.946088,13.015171,0.0,81.449851
0.753971,134.992843,68.817552,26.714901,16.361072,36.796005,53.5366,58.819912,133.004563,22.601016,20.263341,0.0
