3387.325492
0.032971,1,2
0.092784,1,3
0.026667,1,6
0.163987,1,8
0.092141,1,9
0.026667,1,11
0.384867,1,12
0.027251,2,1
11.058336,2,3
7.286261,2,4
0.591331,2,5
19.765269,2,6
0.688875,2,7
16.888857,2,8
1.337675,2,9
0.587844,2,10
5.875749,2,11
35.323061,2,12
0.083331,3,1
7.261384,3,2
11.337008,3,4
3.853589,3,5
32.559141,3,6
4.63572,3,7
64.867315,3,8
6.733312,3,9
0.191757,3,10
4.291568,3,11
15.700851,3,12
0.096,4,1
3.706056,4,2
77.563288,4,3
14.11204,4,5
24.877189,4,6
14.594515,4,7
11.925408,4,8
7.951168,4,9
9.017379,4,10
11.364331,4,11
31.269019,4,12
0.149248,5,1
3.52,5,2
10.466421,5,3
1.200384,5,4
1.458101,5,6
1.879216,5,7
12.409096,5,8
5.161152,5,9
0.942589,5,11
3.102459,5,12
0.0304,6,1
12.821051,6,2
60.335325,6,3
5.132589,6,4
2.564941,6,5
4.430576,6,7
13.736717,6,8
6.148003,6,9
4.899595,6,10
14.06296,6,11
6.044245,6,12
1.561907,7,2
15.963888,7,3
9.711923,7,4
2.378611,7,5
8.627603,7,6
4.883635,7,8
0.825901,7,9
1.929325,7,10
3.65484,7,11
6.217683,7,12
0.053333,8,1
8.264317,8,2
1597.18248,8,3
12.031824,8,4
15.213267,8,5
13.025317,8,6
3.653445,8,7
22.553243,8,9
8.685165,8,10
33.705837,8,11
78.441488,8,12
0.053333,9,1
8.968712,9,2
11.599624,9,3
25.962435,9,4
7.548661,9,5
10.722435,9,6
6.992517,9,7
66.541691,9,8
0.425085,9,10
26.291347,9,11
36.080376,9,12
0.026667,10,2
0.342051,10,4
0.037952,10,5
0.188573,10,6
0.026667,10,7
37.086896,10,8
0.338816,10,9
23.486784,10,11
0.053333,10,12
4.418096,11,2
27.294611,11,3
2.512413,11,4
0.929245,11,5
7.588557,11,6
5.312912,11,7
21.194933,11,8
4.006125,11,9
9.264357,11,10
5.960523,11,12
0.061563,12,1
78.473683,12,2
91.535699,12,3
54.210776,12,4
24.911,12,5
37.58044,12,6
29.740312,12,7
110.591744,12,8
107.132547,12,9
1.062688,12,10
23.467251,12,11
succeed
0.0,0.032971,0.092784,0.0,0.0,0.026667,0.0,0.163987,0.092141,0.0,0.026667,0.384867
0.027251,0.0,11.058336,7.286261,0.591331,19.765269,0.688875,16.888857,1.337675,0.587844,5.875749,35.323061
0.083331,7.261384,0.0,11.337008,3.853589,32.559141,4.63572,64.867315,6.733312,0.191757,4.291568,15.700851
0.096,3.706056,77.563288,0.0,14.11204,24.877189,14.594515,11.925408,7.951168,9.017379,11.364331,31.269019
0.149248,3.52,10.466421,1.200384,0.0,1.458101,1.879216,12.409096,5.161152,0.0,0.942589,3.102459
0.0304,12.821051,60.335325,5.132589,2.564941,0.0,4.430576,13.736717,6.148003,4.899595,14.06296,6.044245
0.0,1.561907,15.963888,9.711923,2.378611,8.627603,0.0,4.883635,0.825901,1.929325,3.65484,6.217683
0.053333,8.264317,1597.18248,12.031824,15.213267,13.025317,3.653445,0.0,22.553243,8.685165,33.705837,78.441488
0.053333,8.968712,11.599624,25.962435,7.548661,10.722435,6.992517,66.541691,0.0,0.425085,26.291347,36.080376
0.0,0.026667,0.0,0.342051,0.037952,0.188573,0.026667,37.086896,0.338816,0.0,23.486784,0.053333
0.0,4.418096,27.294611,2.512413,0.929245,7.588557,5.312912,21.194933,4.006125,9.264357,0.0,5.960523
0.061563,78.473683,91.535699,54.210776,24.911,37.58044,29.740312,110.591744,107.132547,1.062688,23.467251,0.0
