2941.443525
0.385064,1,2
0.996672,1,3
0.08,1,5
5.256728,1,6
0.131736,1,7
0.192531,1,8
0.563165,1,9
0.449797,1,11
1.480803,1,12
0.082091,2,1
14.399752,2,3
3.593832,2,4
28.746709,2,5
29.135384,2,6
13.035573,2,7
18.388551,2,8
8.797093,2,9
2.613316,2,10
5.137312,2,11
55.677632,2,12
12.713984,3,1
24.970643,3,2
14.818845,3,4
13.966867,3,5
37.524587,3,6
25.279285,3,7
48.967133,3,8
8.340608,3,9
2.035008,3,10
9.221123,3,11
32.391379,3,12
0.254496,4,1
11.084643,4,2
77.907552,4,3
24.049901,4,5
40.617251,4,6
31.521357,4,7
12.142141,4,8
12.549613,4,9
37.301664,4,10
22.780483,4,11
59.771253,4,12
0.360779,5,1
7.058909,5,2
15.842029,5,3
2.174888,5,4
3.824507,5,6
5.45024,5,7
10.884432,5,8
6.663571,5,9
0.211973,5,10
1.618467,5,11
12.070115,5,12
0.987568,6,1
26.778709,6,2
117.822568,6,3
9.382805,6,4
5.798493,6,5
11.497445,6,7
33.293237,6,8
33.699395,6,9
2.154515,6,10
4.015749,6,11
52.503581,6,12
0.387397,7,1
7.247173,7,2
29.037643,7,3
32.290141,7,4
8.966032,7,5
17.256864,7,6
4.944797,7,8
2.690499,7,9
2.287725,7,10
3.437352,7,11
11.520936,7,12
0.146699,8,1
22.935227,8,2
132.647848,8,3
14.620741,8,4
11.937371,8,5
38.704717,8,6
24.214744,8,7
38.093632,8,9
13.082955,8,10
30.656195,8,11
43.473973,8,12
5.54556,9,1
45.000104,9,2
27.787944,9,3
44.606189,9,4
12.602445,9,5
23.79048,9,6
15.497427,9,7
61.529187,9,8
3.888704,9,10
24.931536,9,11
108.803429,9,12
0.14816,10,2
0.134845,10,3
9.081029,10,4
0.085765,10,5
0.432368,10,6
0.371645,10,7
38.44664,10,8
0.443253,10,9
26.189277,10,11
0.321219,10,12
0.247035,11,1
12.546045,11,2
19.511168,11,3
4.451989,11,4
2.689387,11,5
8.493883,11,6
6.22148,11,7
30.783315,11,8
16.724237,11,9
12.452827,11,10
14.906368,11,12
1.674949,12,1
101.463067,12,2
75.813195,12,3
74.904371,12,4
19.508584,12,5
127.92476,12,6
26.944429,12,7
77.256328,12,8
202.188875,12,9
7.287757,12,10
43.784077,12,11
succeed
0.0,0.385064,0.996672,0.0,0.08,5.256728,0.131736,0.192531,0.563165,0.0,0.449797,1.480803
0.082091,0.0,14.399752,3.593832,28.746709,29.135384,13.035573,18.388551,8.797093,2.613316,5.137312,55.677632
12.713984,24.970643,0.0,14.818845,13.966867,37.524587,25.279285,48.967133,8.340608,2.035008,9.221123,32.391379
0.254496,11.084643,77.907552,0.0,24.049901,40.617251,31.521357,12.142141,12.549613,37.301664,22.780483,59.771253
0.360779,7.058909,15.842029,2.174888,0.0,3.824507,5.45024,10.884432,6.663571,0.211973,1.618467,12.070115
0.987568,26.778709,117.822568,9.382805,5.798493,0.0,11.497445,33.293237,33.699395,2.154515,4.015749,52.503581
0.387397,7.247173,29.037643,32.290141,8.966032,17.256864,0.0,4.944797,2.690499,2.287725,3.437352,11.520936
0.146699,22.935227,132.647848,14.620741,11.937371,38.704717,24.214744,0.0,38.093632,13.082955,30.656195,43.473973
5.54556,45.000104,27.787944,44.606189,12.602445,23.79048,15.497427,61.529187,0.0,3.888704,24.931536,108.803429
0.0,0.14816,0.134845,9.081029,0.085765,0.432368,0.371645,38.44664,0.443253,0.0,26.189277,0.321219
0.247035,12.546045,19.511168,4.451989,2.689387,8.493883,6.22148,30.783315,16.724237,12.452827,0.0,14.906368
1.674949,101.463067,75.813195,74.904371,19.508584,127.92476,26.944429,77.256328,202.188875,7.287757,43.784077,0.0
