2506.347556
0.115704,1,2
0.267181,1,3
0.177931,1,5
0.08,1,6
0.026667,1,8
0.874667,1,9
0.158101,1,12
0.092995,2,1
5.404192,2,3
4.800061,2,4
0.809997,2,5
9.897659,2,6
1.621611,2,7
19.518905,2,8
11.319795,2,9
0.089921,2,10
3.424821,2,11
42.239901,2,12
0.576963,3,1
30.849189,3,2
34.40872,3,4
6.738264,3,5
29.198411,3,6
12.337005,3,7
69.595424,3,8
12.2232,3,9
0.510416,3,10
3.932536,3,11
21.141549,3,12
0.160984,4,1
4.349235,4,2
46.831517,4,3
26.473589,4,5
28.273061,4,6
18.724928,4,7
25.748936,4,8
9.188203,4,9
8.589139,4,10
16.510613,4,11
52.014581,4,12
3.283915,5,1
21.127512,5,2
10.940661,5,3
1.690221,5,4
16.307544,5,6
1.817989,5,7
5.347035,5,8
7.009272,5,9
0.053333,5,10
2.519133,5,11
5.264267,5,12
0.044107,6,1
13.392824,6,2
71.795677,6,3
21.766248,6,4
3.498627,6,5
6.225483,6,7
37.868264,6,8
25.7208,6,9
0.306557,6,10
5.776429,6,11
14.570776,6,12
3.924507,7,2
13.988112,7,3
9.554768,7,4
4.008947,7,5
16.470997,7,6
4.327264,7,8
2.573453,7,9
0.026667,7,10
1.22996,7,11
17.422472,7,12
0.034731,8,1
33.570707,8,2
90.76072,8,3
23.802645,8,4
26.844781,8,5
35.068411,8,6
2.030965,8,7
66.563077,8,9
9.230864,8,10
40.389797,8,11
110.693501,8,12
0.141763,9,1
51.255248,9,2
38.794653,9,3
79.111856,9,4
6.486891,9,5
28.390469,9,6
11.509712,9,7
70.485384,9,8
2.753824,9,10
19.634573,9,11
64.776552,9,12
0.026667,10,1
0.053333,10,2
0.157016,10,3
11.550936,10,4
0.029333,10,5
5.88044,10,6
0.136837,10,7
16.038757,10,8
0.568843,10,9
23.496115,10,11
0.082213,10,12
8.544541,11,2
15.807784,11,3
3.049645,11,4
3.687533,11,5
15.859301,11,6
3.047069,11,7
23.599723,11,8
7.790704,11,9
3.919181,11,10
12.556877,11,12
0.159664,12,1
122.382909,12,2
96.121411,12,3
62.7416,12,4
19.341925,12,5
30.089128,12,6
17.839693,12,7
109.511835,12,8
143.117949,12,9
0.81444,12,10
26.862637,12,11
succeed
0.0,0.115704,0.267181,0.0,0.177931,0.08,0.0,0.026667,0.874667,0.0,0.0,0.158101
0.092995,0.0,5.404192,4.800061,0.809997,9.897659,1.621611,19.518905,11.319795,0.089921,3.424821,42.239901
0.576963,30.849189,0.0,34.40872,6.738264,29.198411,12.337005,69.595424,12.2232,0.510416,3.932536,21.141549
0.160984,4.349235,46.831517,0.0,26.473589,28.273061,18.724928,25.748936,9.188203,8.589139,16.510613,52.014581
3.283915,21.127512,10.940661,1.690221,0.0,16.307544,1.817989,5.347035,7.009272,0.053333,2.519133,5.264267
0.044107,13.392824,71.795677,21.766248,3.498627,0.0,6.225483,37.868264,25.7208,0.306557,5.776429,14.570776
0.0,3.924507,13.988112,9.554768,4.008947,16.470997,0.0,4.327264,2.573453,0.026667,1.22996,17.422472
0.034731,33.570707,90.76072,23.802645,26.844781,35.068411,2.030965,0.0,66.563077,9.230864,40.389797,110.693501
0.141763,51.255248,38.794653,79.111856,6.486891,28.390469,11.509712,70.485384,0.0,2.753824,19.634573,64.776552
0.026667,0.053333,0.157016,11.550936,0.029333,5.88044,0.136837,16.038757,0.568843,0.0,23.496115,0.082213
0.0,8.544541,15.807784,3.049645,3.687533,15.859301,3.047069,23.599723,7.790704,3.919181,0.0,12.556877
0.159664,122.382909,96.121411,62.7416,19.341925,30.089128,17.839693,109.511835,143.117949,0.81444,26.862637,0.0
