2661.631158
0.642189,1,2
0.787509,1,3
0.053333,1,4
0.112752,1,5
0.097384,1,7
0.419907,1,8
0.133333,1,9
0.013333,1,10
0.132419,1,11
0.873435,1,12
0.129605,2,1
12.640243,2,3
6.431187,2,4
2.877944,2,5
14.156363,2,6
6.179643,2,7
11.108572,2,8
8.31564,2,9
0.811172,2,10
3.431499,2,11
57.823744,2,12
0.480395,3,1
12.431037,3,2
10.182643,3,4
14.79252,3,5
80.574136,3,6
16.708843,3,7
38.250491,3,8
33.940328,3,9
6.292523,3,10
3.848635,3,11
26.237384,3,12
0.103021,4,1
4.057397,4,2
84.068336,4,3
23.803685,4,5
26.135645,4,6
21.420091,4,7
8.517968,4,8
18.745893,4,9
9.54552,4,10
10.759776,4,11
42.392317,4,12
4.272944,5,1
10.832861,5,2
14.858189,5,3
1.199664,5,4
2.600331,5,6
1.180835,5,7
40.220757,5,8
8.411571,5,9
0.138768,5,10
1.205792,5,11
5.774971,5,12
0.08,6,1
26.227104,6,2
92.411635,6,3
7.807621,6,4
30.408253,6,5
10.737629,6,7
8.519539,6,8
23.672829,6,9
0.892685,6,10
9.925467,6,11
42.887768,6,12
0.361451,7,1
3.487597,7,2
21.313579,7,3
9.211829,7,4
3.691835,7,5
13.574744,7,6
3.732595,7,8
3.950413,7,9
1.774661,7,10
3.236643,7,11
9.123384,7,12
0.154096,8,1
15.689197,8,2
135.932451,8,3
9.984867,8,4
5.997816,8,5
22.816808,8,6
7.819733,8,7
61.525355,8,9
10.884117,8,10
37.959592,8,11
40.341245,8,12
0.984784,9,1
46.974677,9,2
22.880413,9,3
30.158949,9,4
7.21064,9,5
43.449664,9,6
15.097517,9,7
63.348672,9,8
0.754813,9,10
14.825059,9,11
161.16064,9,12
0.08,10,2
0.053333,10,3
1.213496,10,4
0.245269,10,5
0.382077,10,6
23.050941,10,8
0.320597,10,9
19.861141,10,11
0.053333,10,12
0.355629,11,1
10.979509,11,2
51.831701,11,3
2.023117,11,4
2.105688,11,5
10.995085,11,6
2.627165,11,7
13.887275,11,8
12.336323,11,9
6.171117,11,10
18.489464,11,12
1.138864,12,1
137.042053,12,2
55.113976,12,3
59.353331,12,4
36.412312,12,5
69.573744,12,6
38.711792,12,7
63.276488,12,8
171.258123,12,9
1.195181,12,10
57.356195,12,11
succeed
0.0,0.642189,0.787509,0.053333,0.112752,0.0,0.097384,0.419907,0.133333,0.013333,0.132419,0.873435
0.129605,0.0,12.640243,6.431187,2.877944,14.156363,6.179643,11.108572,8.31564,0.811172,3.431499,57.823744
0.480395,12.431037,0.0,10.182643,14.79252,80.574136,16.708843,38.250491,33.940328,6.292523,3.848635,26.237384
0.103021,4.057397,84.068336,0.0,23.803685,26.135645,21.420091,8.517968,18.745893,9.54552,10.759776,42.392317
4.272944,10.832861,14.858189,1.199664,0.0,2.600331,1.180835,40.220757,8.411571,0.138768,1.205792,5.774971
0.08,26.227104,92.411635,7.807621,30.408253,0.0,10.737629,8.519539,23.672829,0.892685,9.925467,42.887768
0.361451,3.487597,21.313579,9.211829,3.691835,13.574744,0.0,3.732595,3.950413,1.774661,3.236643,9.123384
0.154096,15.689197,135.932451,9.984867,5.997816,22.816808,7.819733,0.0,61.525355,10.884117,37.959592,40.341245
0.984784,46.974677,22.880413,30.158949,7.21064,43.449664,15.097517,63.348672,0.0,0.754813,14.825059,161.16064
0.0,0.08,0.053333,1.213496,0.245269,0.382077,0.0,23.050941,0.320597,0.0,19.861141,0.053333
0.355629,10.979509,51.831701,2.023117,2.105688,10.995085,2.627165,13.887275,12.336323,6.171117,0.0,18.489464
1.138864,137.042053,55.113976,59.353331,36.412312,69.573744,38.711792,63.276488,171.258123,1.195181,57.356195,0.0
