1952.2251640000002
0.053333,1,2
0.053333,1,3
0.07424,1,4
0.026667,1,5
0.026667,1,6
0.034152,1,7
0.222072,1,8
0.068064,1,9
0.094381,1,10
0.026667,1,11
0.106667,1,12
0.067413,2,1
6.016976,2,3
3.293568,2,4
0.836184,2,5
16.488275,2,6
0.725224,2,7
15.980287,2,8
2.108227,2,9
0.066359,2,10
8.092053,2,11
22.901429,2,12
0.026667,3,1
11.561944,3,2
13.532755,3,4
7.521373,3,5
31.857488,3,6
24.042749,3,7
38.175955,3,8
12.735443,3,9
1.20768,3,10
6.210909,3,11
25.759384,3,12
0.118027,4,1
3.829704,4,2
36.338976,4,3
20.960024,4,5
27.245875,4,6
24.685549,4,7
14.305805,4,8
16.506997,4,9
10.059,4,10
15.573552,4,11
35.92844,4,12
0.740883,5,1
7.662096,5,2
7.361608,5,3
0.632432,5,4
2.114389,5,6
1.932643,5,7
10.6472,5,8
1.950352,5,9
2.923683,5,11
5.97424,5,12
0.026667,6,1
16.997381,6,2
65.137861,6,3
8.085763,6,4
1.752621,6,5
6.498544,6,7
27.317331,6,8
12.912296,6,9
0.202491,6,10
15.801205,6,11
17.753131,6,12
0.026667,7,1
1.505933,7,2
13.079931,7,3
16.6452,7,4
3.093765,7,5
15.003627,7,6
8.978443,7,8
1.6784,7,9
2.164611,7,10
3.817205,7,11
8.129219,7,12
0.526184,8,1
13.584027,8,2
65.168792,8,3
14.508869,8,4
3.382773,8,5
19.617024,8,6
4.444336,8,7
51.370016,8,9
10.471595,8,10
29.46688,8,11
81.020557,8,12
0.650373,9,1
21.608235,9,2
13.611912,9,3
27.506779,9,4
11.937288,9,5
11.527907,9,6
13.964075,9,7
57.579448,9,8
1.063203,9,10
21.364109,9,11
54.265648,9,12
0.68636,10,2
0.053333,10,3
1.571837,10,4
0.057259,10,5
0.2652,10,6
35.981269,10,8
0.272723,10,9
31.564213,10,11
0.106667,10,12
4.176728,11,2
7.989085,11,3
4.460653,11,4
1.016232,11,5
3.931648,11,6
2.322448,11,7
20.212,11,8
3.909664,11,9
5.480315,11,10
10.597344,11,12
0.053333,12,1
70.510877,12,2
63.118867,12,3
41.3878,12,4
19.855949,12,5
37.920312,12,6
11.478123,12,7
125.251629,12,8
139.020272,12,9
0.888181,12,10
35.350461,12,11
succeed
0.0,0.053333,0.053333,0.07424,0.026667,0.026667,0.034152,0.222072,0.068064,0.094381,0.026667,0.106667
0.067413,0.0,6.016976,3.293568,0.836184,16.488275,0.725224,15.980287,2.108227,0.066359,8.092053,22.901429
0.026667,11.561944,0.0,13.532755,7.521373,31.857488,24.042749,38.175955,12.735443,1.20768,6.210909,25.759384
0.118027,3.829704,36.338976,0.0,20.960024,27.245875,24.685549,14.305805,16.506997,10.059,15.573552,35.92844
0.740883,7.662096,7.361608,0.632432,0.0,2.114389,1.932643,10.6472,1.950352,0.0,2.923683,5.97424
0.026667,16.997381,65.137861,8.085763,1.752621,0.0,6.498544,27.317331,12.912296,0.202491,15.801205,17.753131
0.026667,1.505933,13.079931,16.6452,3.093765,15.003627,0.0,8.978443,1.6784,2.164611,3.817205,8.129219
0.526184,13.584027,65.168792,14.508869,3.382773,19.617024,4.444336,0.0,51.370016,10.471595,29.46688,81.020557
0.650373,21.608235,13.611912,27.506779,11.937288,11.527907,13.964075,57.579448,0.0,1.063203,21.364109,54.265648
0.0,0.68636,0.053333,1.571837,0.057259,0.2652,0.0,35.981269,0.272723,0.0,31.564213,0.106667
0.0,4.176728,7.989085,4.460653,1.016232,3.931648,2.322448,20.212,3.909664,5.480315,0.0,10.597344
0.053333,70.510877,63.118867,41.3878,19.855949,37.920312,11.478123,125.251629,139.020272,0.888181,35.350461,0.0
