3469.627231
0.198112,1,2
0.180509,1,3
0.093272,1,4
0.363968,1,5
0.026667,1,6
0.61868,1,7
0.279328,1,8
0.247533,1,9
0.134912,1,12
0.425512,2,1
13.937064,2,3
8.722256,2,4
45.13496,2,5
17.570629,2,6
1.041883,2,7
18.439223,2,8
4.919496,2,9
0.158497,2,10
4.561443,2,11
23.517117,2,12
0.160181,3,1
16.876352,3,2
45.761621,3,4
6.670968,3,5
36.839965,3,6
6.779317,3,7
50.991043,3,8
8.414589,3,9
1.837237,3,10
9.939696,3,11
43.79252,3,12
0.149173,4,1
6.782416,4,2
54.977456,4,3
24.083773,4,5
33.604539,4,6
26.020088,4,7
21.143448,4,8
22.39408,4,9
14.455352,4,10
26.810349,4,11
45.0822,4,12
1.592509,5,1
21.408885,5,2
9.410248,5,3
1.68436,5,4
3.802933,5,6
3.56712,5,7
17.76828,5,8
6.412629,5,9
0.053333,5,10
2.159941,5,11
3.584917,5,12
0.314053,6,1
11.609827,6,2
100.642813,6,3
11.784224,6,4
9.846128,6,5
7.937032,6,7
18.66452,6,8
41.15,6,9
2.612197,6,10
22.17608,6,11
27.84132,6,12
0.928077,7,1
1.630293,7,2
22.802595,7,3
11.537587,7,4
6.555323,7,5
11.182867,7,6
6.578531,7,8
2.319859,7,9
2.518653,7,10
6.817531,7,11
8.419443,7,12
0.763008,8,1
18.065736,8,2
122.934627,8,3
16.315821,8,4
25.112573,8,5
31.569589,8,6
9.028997,8,7
29.276515,8,9
14.663501,8,10
28.512392,8,11
972.370213,8,12
0.655392,9,1
26.234376,9,2
32.258669,9,3
31.205368,9,4
16.065653,9,5
20.330805,9,6
7.831216,9,7
80.678379,9,8
3.548464,9,10
22.010664,9,11
57.266243,9,12
0.157579,10,2
0.170661,10,3
31.435867,10,4
0.116235,10,5
0.256779,10,6
0.109251,10,7
34.919771,10,8
0.326805,10,9
39.008909,10,11
0.884448,10,12
0.134741,11,1
8.025211,11,2
16.350992,11,3
6.973808,11,4
7.084464,11,5
18.668173,11,6
8.773877,11,7
40.312917,11,8
12.137808,11,9
23.666411,11,10
8.888432,11,12
3.292835,12,1
105.531424,12,2
63.472368,12,3
59.005019,12,4
7.619464,12,5
49.122739,12,6
9.949896,12,7
79.864939,12,8
178.569693,12,9
3.904467,12,10
32.741515,12,11
succeed
0.0,0.198112,0.180509,0.093272,0.363968,0.026667,0.61868,0.279328,0.247533,0.0,0.0,0.134912
0.425512,0.0,13.937064,8.722256,45.13496,17.570629,1.041883,18.439223,4.919496,0.158497,4.561443,23.517117
0.160181,16.876352,0.0,45.761621,6.670968,36.839965,6.779317,50.991043,8.414589,1.837237,9.939696,43.79252
0.149173,6.782416,54.977456,0.0,24.083773,33.604539,26.020088,21.143448,22.39408,14.455352,26.810349,45.0822
1.592509,21.408885,9.410248,1.68436,0.0,3.802933,3.56712,17.76828,6.412629,0.053333,2.159941,3.584917
0.314053,11.609827,100.642813,11.784224,9.846128,0.0,7.937032,18.66452,41.15,2.612197,22.17608,27.84132
0.928077,1.630293,22.802595,11.537587,6.555323,11.182867,0.0,6.578531,2.319859,2.518653,6.817531,8.419443
0.763008,18.065736,122.934627,16.315821,25.112573,31.569589,9.028997,0.0,29.276515,14.663501,28.512392,972.370213
0.655392,26.234376,32.258669,31.205368,16.065653,20.330805,7.831216,80.678379,0.0,3.548464,22.010664,57.266243
0.0,0.157579,0.170661,31.435867,0.116235,0.256779,0.109251,34.919771,0.326805,0.0,39.008909,0.884448
0.134741,8.025211,16.350992,6.973808,7.084464,18.668173,8.773877,40.312917,12.137808,23.666411,0.0,8.888432
3.292835,105.531424,63.472368,59.005019,7.619464,49.122739,9.949896,79.864939,178.569693,3.904467,32.741515,0.0
