2052.928219
0.08,1,2
0.142256,1,3
1.872107,1,4
0.368392,1,5
0.266221,1,6
0.203048,1,7
0.197125,1,8
1.15328,1,9
0.026667,1,11
1.165488,1,12
0.225672,2,1
19.997392,2,3
4.225819,2,4
0.684437,2,5
5.986275,2,6
3.223805,2,7
9.751395,2,8
10.296531,2,9
0.312675,2,10
3.800045,2,11
55.023592,2,12
0.090947,3,1
7.41936,3,2
6.358821,3,4
3.005789,3,5
8.307133,3,6
6.785403,3,7
14.882685,3,8
10.377043,3,9
1.730011,3,10
5.873224,3,11
2.163347,3,12
0.280627,4,1
6.020893,4,2
75.926573,4,3
15.232459,4,5
32.659899,4,6
14.153211,4,7
4.182947,4,8
15.063739,4,9
7.479549,4,10
8.891333,4,11
51.638547,4,12
1.638043,5,1
1.230827,5,2
18.290091,5,3
1.227579,5,4
1.972875,5,6
1.640851,5,7
9.444677,5,8
4.652821,5,9
0.402773,5,10
2.047555,5,11
2.654685,5,12
0.053333,6,1
5.514915,6,2
67.339557,6,3
18.709336,6,4
1.739549,6,5
22.919747,6,7
57.421448,6,8
19.785832,6,9
2.725141,6,10
5.753504,6,11
37.003603,6,12
0.053333,7,1
1.349739,7,2
33.821051,7,3
10.888093,7,4
4.124595,7,5
7.424147,7,6
4.422632,7,8
5.554216,7,9
1.830179,7,10
3.187901,7,11
4.883963,7,12
0.077064,8,1
6.518755,8,2
76.931763,8,3
9.670723,8,4
2.034552,8,5
13.137987,8,6
4.804045,8,7
38.486035,8,9
5.025779,8,10
14.848629,8,11
37.88592,8,12
1.402643,9,1
20.561432,9,2
60.181232,9,3
22.524539,9,4
9.930155,9,5
31.680701,9,6
15.843528,9,7
34.761141,9,8
3.959427,9,10
37.512384,9,11
45.101109,9,12
0.129184,10,2
1.53692,10,3
1.27488,10,4
0.30588,10,5
2.437952,10,6
0.467739,10,7
38.891493,10,8
1.217544,10,9
65.470864,10,11
1.724077,10,12
0.08,11,1
4.114568,11,2
74.010072,11,3
5.594229,11,4
3.2448,11,5
10.810283,11,6
3.189216,11,7
14.655075,11,8
18.401784,11,9
6.813768,11,10
9.560472,11,12
0.092536,12,1
148.720637,12,2
52.314176,12,3
41.774016,12,4
12.293883,12,5
44.155792,12,6
23.004224,12,7
50.293739,12,8
122.571509,12,9
1.262331,12,10
20.40068,12,11
succeed
0.0,0.08,0.142256,1.872107,0.368392,0.266221,0.203048,0.197125,1.15328,0.0,0.026667,1.165488
0.225672,0.0,19.997392,4.225819,0.684437,5.986275,3.223805,9.751395,10.296531,0.312675,3.800045,55.023592
0.090947,7.41936,0.0,6.358821,3.005789,8.307133,6.785403,14.882685,10.377043,1.730011,5.873224,2.163347
0.280627,6.020893,75.926573,0.0,15.232459,32.659899,14.153211,4.182947,15.063739,7.479549,8.891333,51.638547
1.638043,1.230827,18.290091,1.227579,0.0,1.972875,1.640851,9.444677,4.652821,0.402773,2.047555,2.654685
0.053333,5.514915,67.339557,18.709336,1.739549,0.0,22.919747,57.421448,19.785832,2.725141,5.753504,37.003603
0.053333,1.349739,33.821051,10.888093,4.124595,7.424147,0.0,4.422632,5.554216,1.830179,3.187901,4.883963
0.077064,6.518755,76.931763,9.670723,2.034552,13.137987,4.804045,0.0,38.486035,5.025779,14.848629,37.88592
1.402643,20.561432,60.181232,22.524539,9.930155,31.680701,15.843528,34.761141,0.0,3.959427,37.512384,45.101109
0.0,0.129184,1.53692,1.27488,0.30588,2.437952,0.467739,38.891493,1.217544,0.0,65.470864,1.724077
0.08,4.114568,74.010072,5.594229,3.2448,10.810283,3.189216,14.655075,18.401784,6.813768,0.0,9.560472
0.092536,148.720637,52.314176,41.774016,12.293883,44.155792,23.004224,50.293739,122.571509,1.262331,20.40068,0.0
