1980.096664
0.247675,1,3
0.026667,1,4
0.144525,1,5
0.026667,1,6
0.026667,1,7
0.053333,1,8
0.285035,1,9
0.101536,1,11
0.064795,1,12
0.083035,2,1
8.673013,2,3
2.455728,2,4
77.3738,2,5
19.285635,2,6
0.509971,2,7
8.983524,2,8
2.746669,2,9
0.122545,2,10
3.332355,2,11
22.505032,2,12
0.026667,3,1
13.25416,3,2
19.555693,3,4
17.286733,3,5
92.998845,3,6
9.216784,3,7
25.838747,3,8
28.806115,3,9
0.223472,3,10
4.082277,3,11
19.706173,3,12
0.114123,4,1
3.830675,4,2
33.968259,4,3
25.238589,4,5
28.180835,4,6
17.137192,4,7
31.993528,4,8
13.145971,4,9
7.25304,4,10
3.426131,4,11
34.676328,4,12
10.387576,5,1
2.609635,5,2
14.006973,5,3
1.637189,5,4
2.774445,5,6
0.764835,5,7
1.135848,5,8
2.080997,5,9
0.053333,5,10
1.167056,5,11
2.545483,5,12
0.267693,6,1
5.184424,6,2
43.846363,6,3
8.709752,6,4
1.866011,6,5
8.951435,6,7
14.784856,6,8
12.84188,6,9
0.533707,6,10
7.323773,6,11
25.500331,6,12
0.053333,7,1
3.540947,7,2
14.437512,7,3
4.877608,7,4
4.371443,7,5
12.975645,7,6
3.950283,7,8
2.464141,7,9
2.291624,7,10
2.041536,7,11
11.677696,7,12
12.036589,8,2
67.887507,8,3
7.508909,8,4
2.953333,8,5
18.20152,8,6
3.436747,8,7
18.123093,8,9
21.861859,8,10
17.166307,8,11
77.396485,8,12
0.853451,9,1
14.992875,9,2
24.739488,9,3
21.109253,9,4
9.846152,9,5
23.625003,9,6
3.360549,9,7
52.218915,9,8
0.829091,9,10
21.419693,9,11
52.680069,9,12
0.417741,10,2
0.133333,10,3
0.346021,10,4
0.026667,10,5
0.23536,10,6
28.178848,10,8
0.026667,10,9
36.640576,10,11
0.240661,10,12
0.116037,11,1
7.097371,11,2
16.22788,11,3
1.683701,11,4
1.159032,11,5
5.599677,11,6
4.524717,11,7
13.100109,11,8
12.433125,11,9
8.129291,11,10
7.856229,11,12
0.026667,12,1
79.767944,12,2
61.932792,12,3
62.965797,12,4
19.947045,12,5
53.539824,12,6
30.940123,12,7
89.641701,12,8
131.582589,12,9
0.827056,12,10
23.841288,12,11
succeed
0.0,0.0,0.247675,0.026667,0.144525,0.026667,0.026667,0.053333,0.285035,0.0,0.101536,0.064795
0.083035,0.0,8.673013,2.455728,77.3738,19.285635,0.509971,8.983524,2.746669,0.122545,3.332355,22.505032
0.026667,13.25416,0.0,19.555693,17.286733,92.998845,9.216784,25.838747,28.806115,0.223472,4.082277,19.706173
0.114123,3.830675,33.968259,0.0,25.238589,28.180835,17.137192,31.993528,13.145971,7.25304,3.426131,34.676328
10.387576,2.609635,14.006973,1.637189,0.0,2.774445,0.764835,1.135848,2.080997,0.053333,1.167056,2.545483
0.267693,5.184424,43.846363,8.709752,1.866011,0.0,8.951435,14.784856,12.84188,0.533707,7.323773,25.500331
0.053333,3.540947,14.437512,4.877608,4.371443,12.975645,0.0,3.950283,2.464141,2.291624,2.041536,11.677696
0.0,12.036589,67.887507,7.508909,2.953333,18.20152,3.436747,0.0,18.123093,21.861859,17.166307,77.396485
0.853451,14.992875,24.739488,21.109253,9.846152,23.625003,3.360549,52.218915,0.0,0.829091,21.419693,52.680069
0.0,0.417741,0.133333,0.346021,0.026667,0.23536,0.0,28.178848,0.026667,0.0,36.640576,0.240661
0.116037,7.097371,16.22788,1.683701,1.159032,5.599677,4.524717,13.100109,12.433125,8.129291,0.0,7.856229
0.026667,79.767944,61.932792,62.965797,19.947045,53.539824,30.940123,89.641701,131.582589,0.827056,23.841288,0.0
