2775.399587
0.10608,1,2
0.08032,1,3
0.092099,1,4
0.106813,1,5
0.097264,1,6
0.205291,1,7
0.373448,1,8
0.19096,1,9
0.053333,1,11
0.335008,1,12
0.029837,2,1
13.019235,2,3
4.971269,2,4
47.9124,2,5
41.834347,2,6
16.641395,2,7
15.212095,2,8
12.612997,2,9
1.713844,2,10
4.912747,2,11
44.54316,2,12
0.400576,3,1
22.545176,3,2
14.780968,3,4
7.625872,3,5
79.126136,3,6
11.892099,3,7
40.232768,3,8
11.80452,3,9
1.178256,3,10
15.244611,3,11
31.533973,3,12
0.763904,4,1
16.993152,4,2
58.096301,4,3
26.866016,4,5
29.653419,4,6
31.636029,4,7
25.160771,4,8
8.076643,4,9
11.935261,4,10
26.975597,4,11
51.152408,4,12
1.478717,5,1
24.314944,5,2
20.321848,5,3
2.368816,5,4
16.683525,5,6
2.653515,5,7
5.685235,5,8
8.127629,5,9
0.127755,5,10
3.977488,5,11
3.170757,5,12
0.264819,6,1
24.613899,6,2
49.188264,6,3
25.398363,6,4
7.078331,6,5
10.189064,6,7
16.932659,6,8
12.561861,6,9
2.134496,6,10
7.932965,6,11
20.037915,6,12
1.526448,7,1
2.825629,7,2
17.167624,7,3
25.295325,7,4
14.539443,7,5
24.355587,7,6
4.540117,7,8
2.207776,7,9
4.534347,7,10
4.173427,7,11
11.231315,7,12
0.295349,8,1
26.881253,8,2
82.47324,8,3
21.209645,8,4
17.749845,8,5
20.361488,8,6
3.012075,8,7
29.863531,8,9
17.704083,8,10
54.581568,8,11
76.539264,8,12
0.270539,9,1
37.383547,9,2
20.836091,9,3
37.918549,9,4
12.204141,9,5
30.127595,9,6
7.533027,9,7
75.302717,9,8
6.341312,9,10
26.90636,9,11
83.916653,9,12
1.556755,10,2
0.026667,10,3
4.687683,10,4
0.058904,10,5
0.850355,10,6
0.026667,10,7
32.154509,10,8
0.08,10,9
29.592835,10,11
0.102485,10,12
0.514563,11,1
13.904445,11,2
30.323851,11,3
17.097083,11,4
13.156291,11,5
16.442987,11,6
6.5624,11,7
18.229811,11,8
14.461653,11,9
7.227008,11,10
52.581576,11,12
4.054424,12,1
110.027824,12,2
66.698323,12,3
94.947256,12,4
18.777496,12,5
58.573411,12,6
27.49668,12,7
121.767699,12,8
169.673464,12,9
12.804573,12,10
35.169736,12,11
succeed
0.0,0.10608,0.08032,0.092099,0.106813,0.097264,0.205291,0.373448,0.19096,0.0,0.053333,0.335008
0.029837,0.0,13.019235,4.971269,47.9124,41.834347,16.641395,15.212095,12.612997,1.713844,4.912747,44.54316
0.400576,22.545176,0.0,14.780968,7.625872,79.126136,11.892099,40.232768,11.80452,1.178256,15.244611,31.533973
0.763904,16.993152,58.096301,0.0,26.866016,29.653419,31.636029,25.160771,8.076643,11.935261,26.975597,51.152408
1.478717,24.314944,20.321848,2.368816,0.0,16.683525,2.653515,5.685235,8.127629,0.127755,3.977488,3.170757
0.264819,24.613899,49.188264,25.398363,7.078331,0.0,10.189064,16.932659,12.561861,2.134496,7.932965,20.037915
1.526448,2.825629,17.167624,25.295325,14.539443,24.355587,0.0,4.540117,2.207776,4.534347,4.173427,11.231315
0.295349,26.881253,82.47324,21.209645,17.749845,20.361488,3.012075,0.0,29.863531,17.704083,54.581568,76.539264
0.270539,37.383547,20.836091,37.918549,12.204141,30.127595,7.533027,75.302717,0.0,6.341312,26.90636,83.916653
0.0,1.556755,0.026667,4.687683,0.058904,0.850355,0.026667,32.154509,0.08,0.0,29.592835,0.102485
0.514563,13.904445,30.323851,17.097083,13.156291,16.442987,6.5624,18.229811,14.461653,7.227008,0.0,52.581576
4.054424,110.027824,66.698323,94.947256,18.777496,58.573411,27.49668,121.767699,169.673464,12.804573,35.169736,0.0
