1687.705586
0.053333,1,2
0.049592,1,3
0.053333,1,4
0.093403,1,5
0.073632,1,6
0.026667,1,7
0.026667,1,8
0.22048,1,9
0.026667,1,11
0.995195,1,12
0.110451,2,1
8.076696,2,3
5.026643,2,4
0.832747,2,5
13.071245,2,6
1.445821,2,7
14.960944,2,8
3.305448,2,9
0.120605,2,10
4.921525,2,11
26.825968,2,12
0.171411,3,1
11.335427,3,2
14.762563,3,4
12.102965,3,5
22.328752,3,6
6.850896,3,7
29.930779,3,8
7.315912,3,9
0.298499,3,10
4.165541,3,11
6.868827,3,12
0.104008,4,1
0.840133,4,2
30.190592,4,3
15.169923,4,5
31.38872,4,6
9.005549,4,7
11.96244,4,8
14.428208,4,9
8.653765,4,10
7.49528,4,11
34.990259,4,12
2.649112,5,1
1.013597,5,2
6.098336,5,3
0.913011,5,4
1.477728,5,6
1.543157,5,7
2.97712,5,8
2.83728,5,9
0.549227,5,10
1.531285,5,11
11.335528,5,12
0.026667,6,1
5.408715,6,2
48.859365,6,3
7.416349,6,4
23.722309,6,5
7.957752,6,7
9.985619,6,8
32.437827,6,9
0.417637,6,10
13.648403,6,11
15.950776,6,12
0.624981,7,1
1.863661,7,2
31.483741,7,3
9.950704,7,4
6.951848,7,5
10.06192,7,6
5.002669,7,8
3.133957,7,9
2.140939,7,10
5.110387,7,11
7.251853,7,12
0.058667,8,1
14.097715,8,2
42.34772,8,3
25.485907,8,4
8.762544,8,5
16.896093,8,6
2.013085,8,7
36.559496,8,9
21.556128,8,10
20.678501,8,11
16.466168,8,12
0.923277,9,1
19.463237,9,2
24.621773,9,3
29.131288,9,4
10.775467,9,5
20.085651,9,6
11.303704,9,7
57.631483,9,8
1.498069,9,10
19.946067,9,11
51.759899,9,12
0.106667,10,2
0.026667,10,3
1.960189,10,4
0.026667,10,5
0.268965,10,6
31.996413,10,8
8.649149,10,9
33.49688,10,11
0.026667,10,12
0.026667,11,1
9.362688,11,2
29.487539,11,3
2.283131,11,4
1.605296,11,5
4.172525,11,6
3.316619,11,7
14.229269,11,8
6.720075,11,9
1.245941,11,10
6.945088,11,12
0.132747,12,1
95.387715,12,2
46.708315,12,3
53.085672,12,4
15.928931,12,5
44.708093,12,6
8.621867,12,7
42.015208,12,8
102.624437,12,9
0.591416,12,10
26.875173,12,11
succeed
0.0,0.053333,0.049592,0.053333,0.093403,0.073632,0.026667,0.026667,0.22048,0.0,0.026667,0.995195
0.110451,0.0,8.076696,5.026643,0.832747,13.071245,1.445821,14.960944,3.305448,0.120605,4.921525,26.825968
0.171411,11.335427,0.0,14.762563,12.102965,22.328752,6.850896,29.930779,7.315912,0.298499,4.165541,6.868827
0.104008,0.840133,30.190592,0.0,15.169923,31.38872,9.005549,11.96244,14.428208,8.653765,7.49528,34.990259
2.649112,1.013597,6.098336,0.913011,0.0,1.477728,1.543157,2.97712,2.83728,0.549227,1.531285,11.335528
0.026667,5.408715,48.859365,7.416349,23.722309,0.0,7.957752,9.985619,32.437827,0.417637,13.648403,15.950776
0.624981,1.863661,31.483741,9.950704,6.951848,10.06192,0.0,5.002669,3.133957,2.140939,5.110387,7.251853
0.058667,14.097715,42.34772,25.485907,8.762544,16.896093,2.013085,0.0,36.559496,21.556128,20.678501,16.466168
0.923277,19.463237,24.621773,29.131288,10.775467,20.085651,11.303704,57.631483,0.0,1.498069,19.946067,51.759899
0.0,0.106667,0.026667,1.960189,0.026667,0.268965,0.0,31.996413,8.649149,0.0,33.49688,0.026667
0.026667,9.362688,29.487539,2.283131,1.605296,4.172525,3.316619,14.229269,6.720075,1.245941,0.0,6.945088
0.132747,95.387715,46.708315,53.085672,15.928931,44.708093,8.621867,42.015208,102.624437,0.591416,26.875173,0.0
