2196.58756
0.133333,1,2
0.126899,1,3
0.158811,1,4
0.134949,1,5
0.681395,1,6
0.026667,1,8
1.490296,1,9
0.026667,1,11
0.161472,1,12
0.76428,2,1
8.307856,2,3
5.51584,2,4
1.192152,2,5
18.008437,2,6
2.455939,2,7
29.086267,2,8
7.817635,2,9
0.303135,2,10
3.949443,2,11
32.669637,2,12
0.713827,3,1
18.353509,3,2
10.216717,3,4
16.05596,3,5
53.204301,3,6
8.392307,3,7
40.040219,3,8
9.308944,3,9
7.654989,3,10
4.719568,3,11
70.057048,3,12
0.305987,4,1
8.853749,4,2
76.479691,4,3
20.952115,4,5
27.320515,4,6
14.932709,4,7
11.00744,4,8
13.553912,4,9
13.344939,4,10
18.386272,4,11
41.092115,4,12
4.036571,5,1
4.047168,5,2
9.769064,5,3
1.760173,5,4
0.955013,5,6
8.363643,5,7
4.490248,5,8
2.298304,5,9
1.447408,5,11
7.140904,5,12
0.13996,6,1
10.884467,6,2
53.106939,6,3
9.126864,6,4
2.081968,6,5
8.257776,6,7
10.749811,6,8
11.754197,6,9
0.544168,6,10
5.441064,6,11
27.264045,6,12
0.516243,7,1
3.688467,7,2
12.639704,7,3
4.807267,7,4
2.734381,7,5
25.457261,7,6
5.359789,7,8
1.687237,7,9
2.114976,7,10
2.920677,7,11
18.258653,7,12
0.379888,8,1
7.781051,8,2
44.125621,8,3
10.320725,8,4
4.277931,8,5
27.21112,8,6
8.181739,8,7
43.318893,8,9
20.296765,8,10
18.286515,8,11
87.167728,8,12
0.956819,9,1
16.565027,9,2
14.779259,9,3
21.583741,9,4
4.150496,9,5
14.581347,9,6
8.285485,9,7
57.008541,9,8
3.220701,9,10
12.401003,9,11
81.604179,9,12
0.158667,10,3
12.639885,10,4
0.159667,10,6
25.492808,10,8
0.08,10,9
34.846981,10,11
0.166176,10,12
0.249013,11,1
5.887144,11,2
52.366291,11,3
9.154331,11,4
0.847509,11,5
3.35944,11,6
2.669533,11,7
171.667512,11,8
4.872197,11,9
1.362163,11,10
3.236339,11,12
0.873451,12,1
63.226512,12,2
58.312715,12,3
53.245288,12,4
16.429291,12,5
51.631416,12,6
18.069381,12,7
80.884168,12,8
127.058723,12,9
5.144416,12,10
24.209616,12,11
succeed
0.0,0.133333,0.126899,0.158811,0.134949,0.681395,0.0,0.026667,1.490296,0.0,0.026667,0.161472
0.76428,0.0,8.307856,5.51584,1.192152,18.008437,2.455939,29.086267,7.817635,0.303135,3.949443,32.669637
0.713827,18.353509,0.0,10.216717,16.05596,53.204301,8.392307,40.040219,9.308944,7.654989,4.719568,70.057048
0.305987,8.853749,76.479691,0.0,20.952115,27.320515,14.932709,11.00744,13.553912,13.344939,18.386272,41.092115
4.036571,4.047168,9.769064,1.760173,0.0,0.955013,8.363643,4.490248,2.298304,0.0,1.447408,7.140904
0.13996,10.884467,53.106939,9.126864,2.081968,0.0,8.257776,10.749811,11.754197,0.544168,5.441064,27.264045
0.516243,3.688467,12.639704,4.807267,2.734381,25.457261,0.0,5.359789,1.687237,2.114976,2.920677,18.258653
0.379888,7.781051,44.125621,10.320725,4.277931,27.21112,8.181739,0.0,43.318893,20.296765,18.286515,87.167728
0.956819,16.565027,14.779259,21.583741,4.150496,14.581347,8.285485,57.008541,0.0,3.220701,12.401003,81.604179
0.0,0.0,0.158667,12.639885,0.0,0.159667,0.0,25.492808,0.08,0.0,34.846981,0.166176
0.249013,5.887144,52.366291,9.154331,0.847509,3.35944,2.669533,171.667512,4.872197,1.362163,0.0,3.236339
0.873451,63.226512,58.312715,53.245288,16.429291,51.631416,18.069381,80.884168,127.058723,5.144416,24.209616,0.0
