2504.936331
0.185787,1,3
0.049104,1,4
0.132843,1,5
0.034195,1,7
0.284925,1,8
0.302211,1,12
0.061816,2,1
13.256933,2,3
7.571952,2,4
30.599475,2,5
17.371504,2,6
1.164899,2,7
13.417152,2,8
4.752707,2,9
0.140389,2,10
6.872579,2,11
29.943971,2,12
0.255443,3,1
11.558125,3,2
35.201291,3,4
7.581029,3,5
22.209069,3,6
7.873915,3,7
44.489176,3,8
6.610331,3,9
0.845291,3,10
4.493171,3,11
31.224445,3,12
0.247104,4,1
6.513784,4,2
42.130091,4,3
14.006643,4,5
30.611333,4,6
14.076045,4,7
27.4072,4,8
26.363059,4,9
15.346715,4,10
14.481261,4,11
33.532784,4,12
4.122443,5,1
40.378443,5,2
10.404216,5,3
1.649781,5,4
1.846075,5,6
2.404581,5,7
9.833411,5,8
1.771109,5,9
1.911477,5,11
3.097208,5,12
0.294184,6,1
14.025325,6,2
48.510427,6,3
14.165413,6,4
2.51584,6,5
4.508616,6,7
22.022512,6,8
43.203237,6,9
1.8094,6,10
16.123107,6,11
26.656456,6,12
1.886429,7,2
16.079589,7,3
12.606093,7,4
6.830555,7,5
10.614659,7,6
6.968195,7,8
1.405472,7,9
2.479973,7,10
3.600317,7,11
8.565387,7,12
0.701579,8,1
32.423947,8,2
117.176701,8,3
23.345291,8,4
16.842496,8,5
30.313789,8,6
11.814021,8,7
30.890357,8,9
16.485357,8,10
36.120211,8,11
247.838168,8,12
0.484992,9,1
22.020389,9,2
31.000104,9,3
26.140872,9,4
12.380624,9,5
14.611643,9,6
11.233509,9,7
84.07672,9,8
3.283283,9,10
17.539683,9,11
46.62868,9,12
0.085379,10,2
0.535424,10,3
27.877803,10,4
0.027648,10,5
0.307496,10,6
26.369499,10,8
0.575328,10,9
32.438757,10,11
0.449424,10,12
0.053333,11,1
9.20064,11,2
19.162584,11,3
8.398459,11,4
7.485163,11,5
12.816749,11,6
6.726125,11,7
34.490403,11,8
10.118192,11,9
3.829955,11,10
8.914592,11,12
0.911501,12,1
143.408904,12,2
51.255923,12,3
60.603387,12,4
12.305877,12,5
48.638925,12,6
13.540883,12,7
61.250192,12,8
167.516584,12,9
6.504752,12,10
30.294357,12,11
succeed
0.0,0.0,0.185787,0.049104,0.132843,0.0,0.034195,0.284925,0.0,0.0,0.0,0.302211
0.061816,0.0,13.256933,7.571952,30.599475,17.371504,1.164899,13.417152,4.752707,0.140389,6.872579,29.943971
0.255443,11.558125,0.0,35.201291,7.581029,22.209069,7.873915,44.489176,6.610331,0.845291,4.493171,31.224445
0.247104,6.513784,42.130091,0.0,14.006643,30.611333,14.076045,27.4072,26.363059,15.346715,14.481261,33.532784
4.122443,40.378443,10.404216,1.649781,0.0,1.846075,2.404581,9.833411,1.771109,0.0,1.911477,3.097208
0.294184,14.025325,48.510427,14.165413,2.51584,0.0,4.508616,22.022512,43.203237,1.8094,16.123107,26.656456
0.0,1.886429,16.079589,12.606093,6.830555,10.614659,0.0,6.968195,1.405472,2.479973,3.600317,8.565387
0.701579,32.423947,117.176701,23.345291,16.842496,30.313789,11.814021,0.0,30.890357,16.485357,36.120211,247.838168
0.484992,22.020389,31.000104,26.140872,12.380624,14.611643,11.233509,84.07672,0.0,3.283283,17.539683,46.62868
0.0,0.085379,0.535424,27.877803,0.027648,0.307496,0.0,26.369499,0.575328,0.0,32.438757,0.449424
0.053333,9.20064,19.162584,8.398459,7.485163,12.816749,6.726125,34.490403,10.118192,3.829955,0.0,8.914592
0.911501,143.408904,51.255923,60.603387,12.305877,48.638925,13.540883,61.250192,167.516584,6.504752,30.294357,0.0
