3019.092221
0.087352,1,2
1.212885,1,3
0.432453,1,5
1.992368,1,6
0.100269,1,7
1.101896,1,9
1.78516,1,12
25.086067,2,3
0.053333,2,4
41.675267,2,5
22.218192,2,6
6.967677,2,7
0.053333,2,8
12.992544,2,9
0.026667,2,10
0.239664,2,11
34.047413,2,12
37.238501,3,2
19.570563,3,4
137.003883,3,5
59.780987,3,6
17.826552,3,7
0.716739,3,8
32.622523,3,9
0.053333,3,10
3.672123,3,11
38.750443,3,12
5.707632,4,2
49.354443,4,3
45.675243,4,5
32.368333,4,6
15.621581,4,7
2.312235,4,8
23.694269,4,9
7.94712,4,10
0.133333,4,11
37.426005,4,12
34.248869,5,2
2.689907,5,3
0.026667,5,4
0.053333,5,8
5.884781,5,9
0.255317,5,11
97.218904,5,12
15.024837,6,2
132.195595,6,3
12.211989,6,4
88.790251,6,5
26.327029,6,7
0.084603,6,8
58.132845,6,9
0.026667,6,10
3.755357,6,11
27.038181,6,12
4.467811,7,2
22.758181,7,3
9.056912,7,4
20.183301,7,5
17.809843,7,6
10.175176,7,9
0.042752,7,10
0.187899,7,11
11.496467,7,12
26.049893,8,2
7.879872,8,3
11.195355,8,4
164.585952,8,5
0.220579,8,6
0.098547,8,7
81.102901,8,9
6.91096,8,10
31.211317,8,11
103.093915,8,12
27.015445,9,2
66.596563,9,3
36.842093,9,4
147.946397,9,5
41.929456,9,6
20.116827,9,7
0.68232,9,8
0.206752,9,10
3.643088,9,11
72.395429,9,12
1.131901,10,2
0.08,10,3
9.282597,10,4
3.083344,10,5
0.416475,10,7
34.610387,10,8
13.152179,10,9
45.037075,10,11
0.560749,10,12
8.887968,11,2
3.775776,11,3
6.095904,11,4
38.399795,11,5
0.086688,11,6
4.3836,11,7
31.796667,11,8
9.554976,11,9
6.263587,11,10
8.981347,11,12
98.636115,12,2
90.769395,12,3
0.888701,12,4
219.12848,12,5
51.114736,12,6
34.64924,12,7
0.083328,12,8
124.525037,12,9
0.053333,12,10
6.247325,12,11
succeed
0.0,0.087352,1.212885,0.0,0.432453,1.992368,0.100269,0.0,1.101896,0.0,0.0,1.78516
0.0,0.0,25.086067,0.053333,41.675267,22.218192,6.967677,0.053333,12.992544,0.026667,0.239664,34.047413
0.0,37.238501,0.0,19.570563,137.003883,59.780987,17.826552,0.716739,32.622523,0.053333,3.672123,38.750443
0.0,5.707632,49.354443,0.0,45.675243,32.368333,15.621581,2.312235,23.694269,7.94712,0.133333,37.426005
0.0,34.248869,2.689907,0.026667,0.0,0.0,0.0,0.053333,5.884781,0.0,0.255317,97.218904
0.0,15.024837,132.195595,12.211989,88.790251,0.0,26.327029,0.084603,58.132845,0.026667,3.755357,27.038181
0.0,4.467811,22.758181,9.056912,20.183301,17.809843,0.0,0.0,10.175176,0.042752,0.187899,11.496467
0.0,26.049893,7.879872,11.195355,164.585952,0.220579,0.098547,0.0,81.102901,6.91096,31.211317,103.093915
0.0,27.015445,66.596563,36.842093,147.946397,41.929456,20.116827,0.68232,0.0,0.206752,3.643088,72.395429
0.0,1.131901,0.08,9.282597,3.083344,0.0,0.416475,34.610387,13.152179,0.0,45.037075,0.560749
0.0,8.887968,3.775776,6.095904,38.399795,0.086688,4.3836,31.796667,9.554976,6.263587,0.0,8.981347
0.0,98.636115,90.769395,0.888701,219.12848,51.114736,34.64924,0.083328,124.525037,0.053333,6.247325,0.0
