2877.47714
0.181384,1,3
0.061307,1,5
0.04176,1,6
0.680259,1,8
0.050176,1,9
0.295093,1,11
0.132107,1,12
0.026667,2,1
7.171024,2,3
2.675077,2,4
20.315725,2,5
14.243323,2,6
0.659683,2,7
963.31472,2,8
2.640264,2,9
1.361099,2,10
4.864795,2,11
48.884789,2,12
0.640077,3,1
4.591376,3,2
24.696259,3,4
3.250061,3,5
19.863256,3,6
5.389933,3,7
38.645843,3,8
7.751856,3,9
0.192373,3,10
5.835784,3,11
21.546285,3,12
0.056,4,1
8.98948,4,2
44.763883,4,3
15.864352,4,5
34.610432,4,6
16.826323,4,7
9.198891,4,8
13.540981,4,9
4.373389,4,10
17.508699,4,11
31.064656,4,12
2.147941,5,1
2.219693,5,2
10.19272,5,3
0.700568,5,4
8.998205,5,6
0.7954,5,7
4.056915,5,8
2.389331,5,9
1.936501,5,11
2.882752,5,12
0.744349,6,1
12.75404,6,2
58.934152,6,3
7.217267,6,4
1.271365,6,5
2.456597,6,7
13.961528,6,8
14.136096,6,9
5.591707,6,10
6.675715,6,11
25.941224,6,12
0.950485,7,2
11.454555,7,3
7.545552,7,4
5.151379,7,5
11.121907,7,6
5.544859,7,8
2.682936,7,9
1.712872,7,10
2.860979,7,11
7.138827,7,12
0.320179,8,1
38.570571,8,2
113.133693,8,3
6.848989,8,4
28.34284,8,5
23.923747,8,6
2.214459,8,7
24.284349,8,9
9.654621,8,10
25.628213,8,11
23.931325,8,12
0.121304,9,1
9.255397,9,2
13.600851,9,3
24.280661,9,4
7.572299,9,5
9.191901,9,6
12.037384,9,7
65.162429,9,8
0.859896,9,10
20.362109,9,11
58.104123,9,12
0.070819,10,2
0.216432,10,3
28.406405,10,4
0.026667,10,5
0.397328,10,6
0.026667,10,7
32.671715,10,8
0.148821,10,9
30.504219,10,11
0.026667,10,12
0.865459,11,1
9.559069,11,2
16.060304,11,3
4.979533,11,4
3.895845,11,5
3.623699,11,6
0.554397,11,7
38.504435,11,8
12.598213,11,9
5.405208,11,10
9.559419,11,12
0.031707,12,1
126.071635,12,2
49.869531,12,3
64.483112,12,4
5.56264,12,5
30.337376,12,6
17.307173,12,7
67.705165,12,8
124.467296,12,9
0.902981,12,10
36.268005,12,11
succeed
0.0,0.0,0.181384,0.0,0.061307,0.04176,0.0,0.680259,0.050176,0.0,0.295093,0.132107
0.026667,0.0,7.171024,2.675077,20.315725,14.243323,0.659683,963.31472,2.640264,1.361099,4.864795,48.884789
0.640077,4.591376,0.0,24.696259,3.250061,19.863256,5.389933,38.645843,7.751856,0.192373,5.835784,21.546285
0.056,8.98948,44.763883,0.0,15.864352,34.610432,16.826323,9.198891,13.540981,4.373389,17.508699,31.064656
2.147941,2.219693,10.19272,0.700568,0.0,8.998205,0.7954,4.056915,2.389331,0.0,1.936501,2.882752
0.744349,12.75404,58.934152,7.217267,1.271365,0.0,2.456597,13.961528,14.136096,5.591707,6.675715,25.941224
0.0,0.950485,11.454555,7.545552,5.151379,11.121907,0.0,5.544859,2.682936,1.712872,2.860979,7.138827
0.320179,38.570571,113.133693,6.848989,28.34284,23.923747,2.214459,0.0,24.284349,9.654621,25.628213,23.931325
0.121304,9.255397,13.600851,24.280661,7.572299,9.191901,12.037384,65.162429,0.0,0.859896,20.362109,58.104123
0.0,0.070819,0.216432,28.406405,0.026667,0.397328,0.026667,32.671715,0.148821,0.0,30.504219,0.026667
0.865459,9.559069,16.060304,4.979533,3.895845,3.623699,0.554397,38.504435,12.598213,5.405208,0.0,9.559419
0.031707,126.071635,49.869531,64.483112,5.56264,30.337376,17.307173,67.705165,124.467296,0.902981,36.268005,0.0
