2767.046281
0.384944,1,2
0.662323,1,3
0.240912,1,4
0.912893,1,5
1.754365,1,6
1.710515,1,7
0.340971,1,8
0.139365,1,9
0.04,1,10
1.579651,1,11
1.210653,1,12
0.389064,2,1
27.196264,2,3
7.180616,2,4
27.755661,2,5
26.983709,2,6
4.853253,2,7
14.868071,2,8
8.568048,2,9
1.203175,2,10
14.919749,2,11
41.919056,2,12
0.660579,3,1
25.071299,3,2
13.994677,3,4
11.246093,3,5
41.988821,3,6
18.564459,3,7
72.525704,3,8
13.697141,3,9
5.940253,3,10
20.752336,3,11
23.401064,3,12
0.338323,4,1
8.628971,4,2
63.32528,4,3
18.650965,4,5
11.280605,4,6
17.53756,4,7
16.786752,4,8
9.318923,4,9
11.076123,4,10
22.350685,4,11
25.479275,4,12
2.908597,5,1
10.159675,5,2
19.429717,5,3
2.240952,5,4
8.351211,5,6
10.232968,5,7
8.101768,5,8
2.412885,5,9
0.239744,5,10
7.550901,5,11
8.016445,5,12
1.364117,6,1
13.570397,6,2
55.450136,6,3
25.398717,6,4
14.865525,6,5
21.816211,6,7
14.510301,6,8
12.500371,6,9
1.36704,6,10
32.479744,6,11
18.277216,6,12
0.455883,7,1
6.45244,7,2
29.640021,7,3
11.968976,7,4
4.933576,7,5
29.870397,7,6
6.742883,7,8
5.896904,7,9
3.405909,7,10
11.955971,7,11
24.867283,7,12
1.150219,8,1
12.575085,8,2
76.809088,8,3
22.953032,8,4
6.002181,8,5
17.516755,8,6
13.567683,8,7
35.774907,8,9
21.567427,8,10
75.213496,8,11
51.610805,8,12
0.598469,9,1
28.897347,9,2
31.328581,9,3
23.753733,9,4
10.810648,9,5
30.3174,9,6
16.130661,9,7
63.185075,9,8
3.366195,9,10
34.582437,9,11
113.435544,9,12
0.572928,10,2
0.118357,10,3
7.460019,10,4
0.523056,10,6
0.154589,10,7
11.050208,10,8
0.063499,10,9
20.974899,10,11
0.566165,10,12
1.398147,11,1
29.126496,11,2
36.612685,11,3
15.921453,11,4
11.478995,11,5
42.434112,11,6
23.886928,11,7
53.143008,11,8
13.573579,11,9
3.808768,11,10
36.834072,11,12
0.684883,12,1
127.521131,12,2
125.611971,12,3
57.631549,12,4
26.716323,12,5
69.744261,12,6
18.669496,12,7
73.982131,12,8
146.936557,12,9
3.013509,12,10
50.821712,12,11
succeed
0.0,0.384944,0.662323,0.240912,0.912893,1.754365,1.710515,0.340971,0.139365,0.04,1.579651,1.210653
0.389064,0.0,27.196264,7.180616,27.755661,26.983709,4.853253,14.868071,8.568048,1.203175,14.919749,41.919056
0.660579,25.071299,0.0,13.994677,11.246093,41.988821,18.564459,72.525704,13.697141,5.940253,20.752336,23.401064
0.338323,8.628971,63.32528,0.0,18.650965,11.280605,17.53756,16.786752,9.318923,11.076123,22.350685,25.479275
2.908597,10.159675,19.429717,2.240952,0.0,8.351211,10.232968,8.101768,2.412885,0.239744,7.550901,8.016445
1.364117,13.570397,55.450136,25.398717,14.865525,0.0,21.816211,14.510301,12.500371,1.36704,32.479744,18.277216
0.455883,6.45244,29.640021,11.968976,4.933576,29.870397,0.0,6.742883,5.896904,3.405909,11.955971,24.867283
1.150219,12.575085,76.809088,22.953032,6.002181,17.516755,13.567683,0.0,35.774907,21.567427,75.213496,51.610805
0.598469,28.897347,31.328581,23.753733,10.810648,30.3174,16.130661,63.185075,0.0,3.366195,34.582437,113.435544
0.0,0.572928,0.118357,7.460019,0.0,0.523056,0.154589,11.050208,0.063499,0.0,20.974899,0.566165
1.398147,29.126496,36.612685,15.921453,11.478995,42.434112,23.886928,53.143008,13.573579,3.808768,0.0,36.834072
0.684883,127.521131,125.611971,57.631549,26.716323,69.744261,18.669496,73.982131,146.936557,3.013509,50.821712,0.0
