2333.003694
0.197371,1,3
0.085496,1,5
0.053333,1,6
0.28208,1,8
0.08,1,9
0.484093,1,11
5.375547,1,12
0.054205,2,1
12.778539,2,3
17.122181,2,4
17.628749,2,5
12.279243,2,6
2.694179,2,7
36.286992,2,8
4.615373,2,9
0.722624,2,10
7.210637,2,11
17.707408,2,12
1.382925,3,1
24.124405,3,2
7.817077,3,4
7.15324,3,5
27.842112,3,6
6.03812,3,7
35.956597,3,8
19.377408,3,9
1.230917,3,10
7.623557,3,11
15.942016,3,12
0.160907,4,1
4.467325,4,2
34.771421,4,3
25.204765,4,5
27.745624,4,6
33.000128,4,7
26.939939,4,8
11.287608,4,9
10.645181,4,10
19.016483,4,11
40.754072,4,12
1.182011,5,1
1.661773,5,2
9.251331,5,3
1.886584,5,4
3.130496,5,6
1.316933,5,7
10.885344,5,8
1.977211,5,9
0.026667,5,10
1.249693,5,11
2.929253,5,12
0.831536,6,1
21.880784,6,2
36.218299,6,3
10.357875,6,4
1.433237,6,5
2.047472,6,7
22.364704,6,8
13.723315,6,9
0.560453,6,10
17.444357,6,11
19.744381,6,12
2.184437,7,2
16.351504,7,3
5.345181,7,4
5.064197,7,5
15.790944,7,6
5.908896,7,8
5.977915,7,9
3.963469,7,10
7.828659,7,11
10.552987,7,12
0.163869,8,1
31.113515,8,2
59.707891,8,3
6.885861,8,4
13.792469,8,5
18.396371,8,6
2.289312,8,7
31.124075,8,9
28.347435,8,10
39.119923,8,11
94.357339,8,12
0.16172,9,1
21.078245,9,2
23.267888,9,3
29.744539,9,4
13.751733,9,5
17.970843,9,6
5.091627,9,7
67.124627,9,8
4.541947,9,10
36.454912,9,11
43.521907,9,12
0.556011,10,2
0.053333,10,3
1.220101,10,4
0.244587,10,6
0.026667,10,7
71.945648,10,8
54.387144,10,9
44.693589,10,11
0.026667,10,12
0.316059,11,1
8.032504,11,2
15.04292,11,3
5.903147,11,4
2.033885,11,5
7.803341,11,6
2.192707,11,7
14.163032,11,8
7.305896,11,9
10.910504,11,10
5.303731,11,12
1.776701,12,1
78.462291,12,2
118.332493,12,3
59.585952,12,4
29.776192,12,5
39.777877,12,6
61.475981,12,7
115.135789,12,8
164.407141,12,9
2.823293,12,10
36.068688,12,11
succeed
0.0,0.0,0.197371,0.0,0.085496,0.053333,0.0,0.28208,0.08,0.0,0.484093,5.375547
0.054205,0.0,12.778539,17.122181,17.628749,12.279243,2.694179,36.286992,4.615373,0.722624,7.210637,17.707408
1.382925,24.124405,0.0,7.817077,7.15324,27.842112,6.03812,35.956597,19.377408,1.230917,7.623557,15.942016
0.160907,4.467325,34.771421,0.0,25.204765,27.745624,33.000128,26.939939,11.287608,10.645181,19.016483,40.754072
1.182011,1.661773,9.251331,1.886584,0.0,3.130496,1.316933,10.885344,1.977211,0.026667,1.249693,2.929253
0.831536,21.880784,36.218299,10.357875,1.433237,0.0,2.047472,22.364704,13.723315,0.560453,17.444357,19.744381
0.0,2.184437,16.351504,5.345181,5.064197,15.790944,0.0,5.908896,5.977915,3.963469,7.828659,10.552987
0.163869,31.113515,59.707891,6.885861,13.792469,18.396371,2.289312,0.0,31.124075,28.347435,39.119923,94.357339
0.16172,21.078245,23.267888,29.744539,13.751733,17.970843,5.091627,67.124627,0.0,4.541947,36.454912,43.521907
0.0,0.556011,0.053333,1.220101,0.0,0.244587,0.026667,71.945648,54.387144,0.0,44.693589,0.026667
0.316059,8.032504,15.04292,5.903147,2.033885,7.803341,2.192707,14.163032,7.305896,10.910504,0.0,5.303731
1.776701,78.462291,118.332493,59.585952,29.776192,39.777877,61.475981,115.135789,164.407141,2.823293,36.068688,0.0
