2241.035444
0.026667,1,2
1.045301,1,3
0.034435,1,5
0.026667,1,6
0.203384,1,7
0.151093,1,8
0.057837,1,9
0.094811,1,11
1.478989,1,12
0.072888,2,1
10.226277,2,3
2.658072,2,4
0.719045,2,5
10.167048,2,6
1.764624,2,7
18.503465,2,8
5.703528,2,9
0.187937,2,10
5.992339,2,11
32.230693,2,12
0.351869,3,1
19.115115,3,2
16.198995,3,4
11.912339,3,5
45.239157,3,6
8.988637,3,7
37.334875,3,8
19.310112,3,9
3.087179,3,10
6.569061,3,11
13.057957,3,12
0.17984,4,1
2.995595,4,2
51.231443,4,3
23.820229,4,5
25.650739,4,6
22.150117,4,7
10.998707,4,8
13.315248,4,9
16.074056,4,10
28.654077,4,11
42.116739,4,12
0.895565,5,1
1.287232,5,2
11.479387,5,3
1.397493,5,4
1.447315,5,6
2.034312,5,7
4.910515,5,8
2.412773,5,9
0.385901,5,10
2.363096,5,11
4.234005,5,12
0.026667,6,1
3.324635,6,2
16.917477,6,3
6.370963,6,4
5.316083,6,5
3.435979,6,7
5.134208,6,8
1.803517,6,9
0.861459,6,10
12.804251,6,11
5.742253,6,12
1.253869,7,1
2.149552,7,2
14.955773,7,3
5.247795,7,4
4.86972,7,5
20.086456,7,6
8.035989,7,8
2.058208,7,9
3.930787,7,10
4.90312,7,11
18.630381,7,12
0.394475,8,1
17.546387,8,2
50.480592,8,3
11.303584,8,4
4.724512,8,5
16.644603,8,6
3.915624,8,7
40.896939,8,9
20.960344,8,10
39.060227,8,11
55.289563,8,12
0.192632,9,1
21.931971,9,2
25.643819,9,3
25.660901,9,4
9.777824,9,5
9.992109,9,6
10.935803,9,7
56.947096,9,8
0.994605,9,10
27.896216,9,11
52.155056,9,12
5.005709,10,4
0.151755,10,6
0.026667,10,7
34.072483,10,8
36.106291,10,11
0.026667,10,12
0.026667,11,1
9.826304,11,2
47.204771,11,3
2.755248,11,4
1.696741,11,5
12.019405,11,6
3.709949,11,7
325.95872,11,8
6.958955,11,9
9.590128,11,10
8.919816,11,12
0.762304,12,1
110.217429,12,2
81.332488,12,3
44.289352,12,4
32.666485,12,5
22.898685,12,6
7.439339,12,7
85.385557,12,8
114.763197,12,9
4.144851,12,10
39.330677,12,11
succeed
0.0,0.026667,1.045301,0.0,0.034435,0.026667,0.203384,0.151093,0.057837,0.0,0.094811,1.478989
0.072888,0.0,10.226277,2.658072,0.719045,10.167048,1.764624,18.503465,5.703528,0.187937,5.992339,32.230693
0.351869,19.115115,0.0,16.198995,11.912339,45.239157,8.988637,37.334875,19.310112,3.087179,6.569061,13.057957
0.17984,2.995595,51.231443,0.0,23.820229,25.650739,22.150117,10.998707,13.315248,16.074056,28.654077,42.116739
0.895565,1.287232,11.479387,1.397493,0.0,1.447315,2.034312,4.910515,2.412773,0.385901,2.363096,4.234005
0.026667,3.324635,16.917477,6.370963,5.316083,0.0,3.435979,5.134208,1.803517,0.861459,12.804251,5.742253
1.253869,2.149552,14.955773,5.247795,4.86972,20.086456,0.0,8.035989,2.058208,3.930787,4.90312,18.630381
0.394475,17.546387,50.480592,11.303584,4.724512,16.644603,3.915624,0.0,40.896939,20.960344,39.060227,55.289563
0.192632,21.931971,25.643819,25.660901,9.777824,9.992109,10.935803,56.947096,0.0,0.994605,27.896216,52.155056
0.0,0.0,0.0,5.005709,0.0,0.151755,0.026667,34.072483,0.0,0.0,36.106291,0.026667
0.026667,9.826304,47.204771,2.755248,1.696741,12.019405,3.709949,325.95872,6.958955,9.590128,0.0,8.919816
0.762304,110.217429,81.332488,44.289352,32.666485,22.898685,7.439339,85.385557,114.763197,4.144851,39.330677,0.0
