4186.174298
1.328027,1,2
0.889997,1,3
2.193805,1,5
0.844907,1,6
0.503224,1,7
0.557189,1,9
1.467635,1,12
30.214283,2,3
1.090229,2,4
50.747453,2,5
25.537227,2,6
9.305533,2,7
0.026667,2,8
24.285971,2,9
0.290635,2,11
66.261187,2,12
47.736387,3,2
104.9358,3,4
35.933936,3,5
92.070723,3,6
32.361211,3,7
0.155328,3,8
47.539243,3,9
0.107723,3,10
4.627371,3,11
74.821061,3,12
8.754181,4,2
14.526275,4,3
36.862827,4,5
86.649213,4,6
26.287235,4,7
2.680256,4,9
267.80416,4,10
0.174133,4,11
23.345835,4,12
57.195475,5,2
0.516656,5,3
0.706589,5,4
0.02688,5,7
0.026667,5,8
11.625352,5,9
0.085493,5,11
124.046459,5,12
19.250709,6,2
139.928696,6,3
39.519405,6,4
19.832472,6,5
25.701907,6,7
0.026667,6,8
77.279947,6,9
0.026667,6,10
0.947405,6,11
35.039931,6,12
7.604885,7,2
31.599979,7,3
17.929557,7,4
8.03692,7,5
27.607467,7,6
12.839067,7,9
0.026667,7,10
0.154437,7,11
23.764971,7,12
29.481256,8,2
2.306976,8,3
0.223171,8,4
20.805109,8,5
0.080501,8,6
0.223165,8,7
0.843624,8,9
274.01904,8,10
16.382397,8,11
100.412315,8,12
79.313179,9,2
154.369888,9,3
117.457896,9,4
74.418816,9,5
70.059416,9,6
28.513805,9,7
0.058912,9,10
1.906605,9,11
198.601059,9,12
0.500491,10,2
0.30884,10,3
0.337899,10,5
0.026667,10,6
0.026667,10,7
60.810549,10,8
0.026667,10,9
42.640608,10,11
0.419101,10,12
23.476075,11,2
3.708952,11,3
1.546989,11,4
8.875051,11,5
0.464235,11,6
0.455563,11,7
16.63168,11,8
1.948845,11,9
139.745752,11,10
17.195029,11,12
124.37176,12,2
156.993232,12,3
6.471832,12,4
332.030373,12,5
57.115552,12,6
31.329192,12,7
0.053333,12,8
175.812397,12,9
9.109643,12,11
succeed
0.0,1.328027,0.889997,0.0,2.193805,0.844907,0.503224,0.0,0.557189,0.0,0.0,1.467635
0.0,0.0,30.214283,1.090229,50.747453,25.537227,9.305533,0.026667,24.285971,0.0,0.290635,66.261187
0.0,47.736387,0.0,104.9358,35.933936,92.070723,32.361211,0.155328,47.539243,0.107723,4.627371,74.821061
0.0,8.754181,14.526275,0.0,36.862827,86.649213,26.287235,0.0,2.680256,267.80416,0.174133,23.345835
0.0,57.195475,0.516656,0.706589,0.0,0.0,0.02688,0.026667,11.625352,0.0,0.085493,124.046459
0.0,19.250709,139.928696,39.519405,19.832472,0.0,25.701907,0.026667,77.279947,0.026667,0.947405,35.039931
0.0,7.604885,31.599979,17.929557,8.03692,27.607467,0.0,0.0,12.839067,0.026667,0.154437,23.764971
0.0,29.481256,2.306976,0.223171,20.805109,0.080501,0.223165,0.0,0.843624,274.01904,16.382397,100.412315
0.0,79.313179,154.369888,117.457896,74.418816,70.059416,28.513805,0.0,0.0,0.058912,1.906605,198.601059
0.0,0.500491,0.30884,0.0,0.337899,0.026667,0.026667,60.810549,0.026667,0.0,42.640608,0.419101
0.0,23.476075,3.708952,1.546989,8.875051,0.464235,0.455563,16.63168,1.948845,139.745752,0.0,17.195029
0.0,124.37176,156.993232,6.471832,332.030373,57.115552,31.329192,0.053333,175.812397,0.0,9.109643,0.0
