2561.892362
0.104373,1,2
0.168704,1,3
0.406499,1,4
0.687336,1,5
1.187517,1,6
0.033973,1,7
0.109052,1,8
1.072003,1,9
0.055719,1,10
0.16,1,11
5.033784,1,12
0.92724,2,1
19.289216,2,3
3.532232,2,4
2.226925,2,5
16.700925,2,6
2.749243,2,7
24.952873,2,8
12.583181,2,9
0.329996,2,10
9.168605,2,11
60.859291,2,12
0.819397,3,1
25.515397,3,2
12.65796,3,4
11.02436,3,5
66.067568,3,6
26.362235,3,7
38.373768,3,8
23.501448,3,9
7.269093,3,10
17.958552,3,11
20.022411,3,12
0.373451,4,1
5.815619,4,2
98.718832,4,3
14.534752,4,5
12.01516,4,6
21.523552,4,7
35.544939,4,8
5.991459,4,9
7.997611,4,10
14.254915,4,11
25.739531,4,12
4.068885,5,1
2.214744,5,2
17.196941,5,3
2.529264,5,4
8.008416,5,6
8.829499,5,7
5.238541,5,8
6.668205,5,9
0.121829,5,10
4.362277,5,11
8.893213,5,12
0.193344,6,1
8.220251,6,2
74.298523,6,3
7.070704,6,4
1.788643,6,5
6.050512,6,7
10.107688,6,8
24.779664,6,9
0.92864,6,10
19.16592,6,11
26.180008,6,12
0.116235,7,1
12.570021,7,2
32.542141,7,3
8.973352,7,4
4.116992,7,5
21.676248,7,6
5.97592,7,8
9.835475,7,9
2.239157,7,10
6.680728,7,11
9.571613,7,12
0.045989,8,1
5.058157,8,2
111.403312,8,3
13.641227,8,4
3.137781,8,5
8.58072,8,6
8.3572,8,7
39.208219,8,9
18.894573,8,10
55.39556,8,11
38.294184,8,12
1.918104,9,1
30.018109,9,2
49.571301,9,3
12.492325,9,4
14.992283,9,5
38.948547,9,6
17.652963,9,7
70.883323,9,8
5.091707,9,10
28.392776,9,11
99.994347,9,12
0.026667,10,2
0.547291,10,4
0.399192,10,6
11.663045,10,8
0.599184,10,9
22.715893,10,11
0.026667,10,12
0.063733,11,1
14.563645,11,2
22.630253,11,3
7.877381,11,4
6.764232,11,5
15.420043,11,6
9.827789,11,7
59.914179,11,8
16.200496,11,9
4.037819,11,10
19.264603,11,12
0.278464,12,1
93.634555,12,2
88.583843,12,3
52.095832,12,4
34.086589,12,5
57.822341,12,6
22.331992,12,7
94.857181,12,8
173.275061,12,9
4.563419,12,10
40.213976,12,11
succeed
0.0,0.104373,0.168704,0.406499,0.687336,1.187517,0.033973,0.109052,1.072003,0.055719,0.16,5.033784
0.92724,0.0,19.289216,3.532232,2.226925,16.700925,2.749243,24.952873,12.583181,0.329996,9.168605,60.859291
0.819397,25.515397,0.0,12.65796,11.02436,66.067568,26.362235,38.373768,23.501448,7.269093,17.958552,20.022411
0.373451,5.815619,98.718832,0.0,14.534752,12.01516,21.523552,35.544939,5.991459,7.997611,14.254915,25.739531
4.068885,2.214744,17.196941,2.529264,0.0,8.008416,8.829499,5.238541,6.668205,0.121829,4.362277,8.893213
0.193344,8.220251,74.298523,7.070704,1.788643,0.0,6.050512,10.107688,24.779664,0.92864,19.16592,26.180008
0.116235,12.570021,32.542141,8.973352,4.116992,21.676248,0.0,5.97592,9.835475,2.239157,6.680728,9.571613
0.045989,5.058157,111.403312,13.641227,3.137781,8.58072,8.3572,0.0,39.208219,18.894573,55.39556,38.294184
1.918104,30.018109,49.571301,12.492325,14.992283,38.948547,17.652963,70.883323,0.0,5.091707,28.392776,99.994347
0.0,0.026667,0.0,0.547291,0.0,0.399192,0.0,11.663045,0.599184,0.0,22.715893,0.026667
0.063733,14.563645,22.630253,7.877381,6.764232,15.420043,9.827789,59.914179,16.200496,4.037819,0.0,19.264603
0.278464,93.634555,88.583843,52.095832,34.086589,57.822341,22.331992,94.857181,173.275061,4.563419,40.213976,0.0
