2471.071536
0.107805,1,2
0.213616,1,3
0.088477,1,5
0.605288,1,6
0.345304,1,7
1.133744,1,8
0.013333,1,10
0.863845,1,11
0.592789,1,12
0.764368,2,1
10.211731,2,3
3.46044,2,4
1.73992,2,5
20.065304,2,6
6.189976,2,7
16.441717,2,8
5.936512,2,9
0.233485,2,10
17.833547,2,11
47.378411,2,12
0.264787,3,1
12.193856,3,2
31.229557,3,4
47.362853,3,5
51.789243,3,6
12.825675,3,7
32.831853,3,8
9.027632,3,9
1.075315,3,10
31.898328,3,11
18.089245,3,12
0.163381,4,1
5.354963,4,2
41.518136,4,3
18.406904,4,5
10.836288,4,6
18.464752,4,7
10.441525,4,8
5.158435,4,9
21.979619,4,10
23.425035,4,11
24.904883,4,12
3.405112,5,1
8.992384,5,2
13.777437,5,3
2.33104,5,4
4.212568,5,6
1.514027,5,7
1.899232,5,8
3.719043,5,9
0.026667,5,10
14.273941,5,11
7.518384,5,12
0.031856,6,1
21.083376,6,2
51.652077,6,3
7.047597,6,4
2.908701,6,5
8.795627,6,7
41.739539,6,8
6.956509,6,9
0.797723,6,10
31.569795,6,11
14.084341,6,12
0.088944,7,1
6.149653,7,2
34.810197,7,3
8.628133,7,4
4.158512,7,5
16.771995,7,6
6.869349,7,8
7.422704,7,9
5.229045,7,10
13.344616,7,11
10.604208,7,12
0.498115,8,1
12.673365,8,2
222.859541,8,3
24.658509,8,4
9.238851,8,5
15.733419,8,6
7.979744,8,7
41.633173,8,9
16.101637,8,10
70.859251,8,11
51.248227,8,12
0.738432,9,1
25.264603,9,2
21.311984,9,3
12.280875,9,4
5.932808,9,5
27.407635,9,6
10.570035,9,7
56.344581,9,8
1.617267,9,10
24.503699,9,11
104.591112,9,12
0.08,10,2
0.488589,10,4
0.026667,10,5
0.303163,10,6
14.983797,10,8
0.110408,10,9
34.421568,10,11
0.053333,10,12
0.787653,11,1
25.801456,11,2
40.921928,11,3
8.505461,11,4
9.278629,11,5
29.782331,11,6
20.316285,11,7
13.862384,11,8
16.487837,11,9
5.116875,11,10
36.994597,11,12
0.296109,12,1
121.366117,12,2
79.430837,12,3
54.1388,12,4
14.265411,12,5
45.798229,12,6
15.921003,12,7
32.892104,12,8
100.495605,12,9
1.194243,12,10
57.027045,12,11
succeed
0.0,0.107805,0.213616,0.0,0.088477,0.605288,0.345304,1.133744,0.0,0.013333,0.863845,0.592789
0.764368,0.0,10.211731,3.46044,1.73992,20.065304,6.189976,16.441717,5.936512,0.233485,17.833547,47.378411
0.264787,12.193856,0.0,31.229557,47.362853,51.789243,12.825675,32.831853,9.027632,1.075315,31.898328,18.089245
0.163381,5.354963,41.518136,0.0,18.406904,10.836288,18.464752,10.441525,5.158435,21.979619,23.425035,24.904883
3.405112,8.992384,13.777437,2.33104,0.0,4.212568,1.514027,1.899232,3.719043,0.026667,14.273941,7.518384
0.031856,21.083376,51.652077,7.047597,2.908701,0.0,8.795627,41.739539,6.956509,0.797723,31.569795,14.084341
0.088944,6.149653,34.810197,8.628133,4.158512,16.771995,0.0,6.869349,7.422704,5.229045,13.344616,10.604208
0.498115,12.673365,222.859541,24.658509,9.238851,15.733419,7.979744,0.0,41.633173,16.101637,70.859251,51.248227
0.738432,25.264603,21.311984,12.280875,5.932808,27.407635,10.570035,56.344581,0.0,1.617267,24.503699,104.591112
0.0,0.08,0.0,0.488589,0.026667,0.303163,0.0,14.983797,0.110408,0.0,34.421568,0.053333
0.787653,25.801456,40.921928,8.505461,9.278629,29.782331,20.316285,13.862384,16.487837,5.116875,0.0,36.994597
0.296109,121.366117,79.430837,54.1388,14.265411,45.798229,15.921003,32.892104,100.495605,1.194243,57.027045,0.0
