2609.377779
0.026667,1,2
0.250896,1,3
0.132939,1,4
0.116629,1,5
0.08,1,8
2.001776,1,9
0.032,1,11
0.368013,1,12
0.037971,2,1
12.919584,2,3
5.947776,2,4
5.719787,2,5
18.749176,2,6
1.28304,2,7
12.889789,2,8
10.580376,2,9
0.013333,2,10
5.178397,2,11
40.269797,2,12
0.456032,3,1
10.445019,3,2
15.581088,3,4
10.048472,3,5
32.539835,3,6
8.486944,3,7
65.206997,3,8
15.031893,3,9
1.727525,3,10
13.907347,3,11
35.600565,3,12
0.05392,4,1
9.430752,4,2
50.279525,4,3
18.427483,4,5
39.043147,4,6
12.467851,4,7
13.397829,4,8
18.654621,4,9
9.683043,4,10
7.08,4,11
39.559909,4,12
3.718931,5,1
4.621213,5,2
32.393403,5,3
1.745715,5,4
4.661504,5,6
2.158824,5,7
5.856243,5,8
6.675939,5,9
2.709605,5,11
8.723712,5,12
20.568179,6,2
70.813635,6,3
12.574029,6,4
5.257837,6,5
2.293304,6,7
23.670672,6,8
17.036248,6,9
0.567205,6,10
6.451213,6,11
14.446403,6,12
0.892181,7,2
19.021419,7,3
11.701973,7,4
4.997091,7,5
9.700021,7,6
7.393701,7,8
2.565773,7,9
0.305821,7,10
1.320656,7,11
10.3698,7,12
0.566419,8,1
13.855968,8,2
79.847061,8,3
34.842741,8,4
9.280163,8,5
18.552704,8,6
5.543616,8,7
72.393976,8,9
14.120317,8,10
29.747043,8,11
107.142221,8,12
2.812195,9,1
23.508555,9,2
57.924981,9,3
34.403845,9,4
16.695277,9,5
33.951763,9,6
9.828261,9,7
100.726131,9,8
5.245277,9,10
25.165011,9,11
133.919613,9,12
7.9408,10,2
0.85332,10,3
0.432661,10,4
0.149323,10,5
1.349923,10,6
0.314656,10,7
42.598315,10,8
26.173157,10,9
50.180059,10,11
0.240547,10,12
0.026667,11,1
10.582456,11,2
25.372325,11,3
2.933083,11,4
4.253275,11,5
6.167485,11,6
1.421256,11,7
23.919096,11,8
7.827611,11,9
3.171288,11,10
8.466243,11,12
0.814011,12,1
106.022171,12,2
96.521029,12,3
58.310387,12,4
21.686851,12,5
47.440141,12,6
15.160728,12,7
128.152173,12,8
182.678901,12,9
3.218379,12,10
36.006331,12,11
succeed
0.0,0.026667,0.250896,0.132939,0.116629,0.0,0.0,0.08,2.001776,0.0,0.032,0.368013
0.037971,0.0,12.919584,5.947776,5.719787,18.749176,1.28304,12.889789,10.580376,0.013333,5.178397,40.269797
0.456032,10.445019,0.0,15.581088,10.048472,32.539835,8.486944,65.206997,15.031893,1.727525,13.907347,35.600565
0.05392,9.430752,50.279525,0.0,18.427483,39.043147,12.467851,13.397829,18.654621,9.683043,7.08,39.559909
3.718931,4.621213,32.393403,1.745715,0.0,4.661504,2.158824,5.856243,6.675939,0.0,2.709605,8.723712
0.0,20.568179,70.813635,12.574029,5.257837,0.0,2.293304,23.670672,17.036248,0.567205,6.451213,14.446403
0.0,0.892181,19.021419,11.701973,4.997091,9.700021,0.0,7.393701,2.565773,0.305821,1.320656,10.3698
0.566419,13.855968,79.847061,34.842741,9.280163,18.552704,5.543616,0.0,72.393976,14.120317,29.747043,107.142221
2.812195,23.508555,57.924981,34.403845,16.695277,33.951763,9.828261,100.726131,0.0,5.245277,25.165011,133.919613
0.0,7.9408,0.85332,0.432661,0.149323,1.349923,0.314656,42.598315,26.173157,0.0,50.180059,0.240547
0.026667,10.582456,25.372325,2.933083,4.253275,6.167485,1.421256,23.919096,7.827611,3.171288,0.0,8.466243
0.814011,106.022171,96.521029,58.310387,21.686851,47.440141,15.160728,128.152173,182.678901,3.218379,36.006331,0.0
