3866.462775
0.280293,1,2
1.171861,1,3
1.234176,1,4
0.676547,1,5
0.516685,1,6
0.432837,1,7
0.435216,1,8
0.893944,1,9
0.088493,1,10
0.386416,1,11
1.41156,1,12
0.097845,2,1
18.521197,2,3
15.492253,2,4
16.153544,2,5
44.508104,2,6
10.322744,2,7
15.881364,2,8
15.38664,2,9
2.311713,2,10
5.318261,2,11
83.030853,2,12
2.132837,3,1
49.956619,3,2
29.455117,3,4
27.246795,3,5
75.104965,3,6
33.963261,3,7
57.555797,3,8
43.277387,3,9
8.326363,3,10
19.157592,3,11
44.40056,3,12
0.885872,4,1
9.635656,4,2
70.217763,4,3
25.250872,4,5
38.043621,4,6
21.312405,4,7
14.50932,4,8
30.614491,4,9
18.885288,4,10
11.377885,4,11
60.401107,4,12
2.257864,5,1
4.844435,5,2
23.473832,5,3
5.559195,5,4
9.965744,5,6
7.138288,5,7
60.692392,5,8
8.000093,5,9
2.253411,5,10
3.931344,5,11
102.757003,5,12
0.364099,6,1
36.888475,6,2
134.648053,6,3
26.041637,6,4
10.597667,6,5
19.535272,6,7
32.340179,6,8
50.878829,6,9
6.4298,6,10
17.288179,6,11
32.046888,6,12
0.477312,7,1
7.9304,7,2
43.472645,7,3
12.33584,7,4
5.615093,7,5
26.884552,7,6
6.133741,7,8
11.432008,7,9
2.153267,7,10
4.283357,7,11
12.280651,7,12
0.947915,8,1
21.202483,8,2
146.709947,8,3
40.756011,8,4
53.627904,8,5
48.644208,8,6
11.307016,8,7
68.143883,8,9
15.788861,8,10
33.057835,8,11
80.517837,8,12
2.410845,9,1
53.483661,9,2
80.903429,9,3
52.930981,9,4
20.804667,9,5
51.643363,9,6
32.510755,9,7
95.199779,9,8
14.925173,9,10
36.512773,9,11
149.527483,9,12
0.857344,10,2
7.758773,10,3
8.872619,10,4
1.137443,10,5
3.994128,10,6
0.784163,10,7
42.281973,10,8
3.316344,10,9
47.471256,10,11
3.402557,10,12
0.263509,11,1
10.854549,11,2
44.958485,11,3
16.601936,11,4
8.027365,11,5
13.81188,11,6
8.583707,11,7
31.049704,11,8
16.639872,11,9
12.065176,11,10
15.170485,11,12
1.316208,12,1
144.716795,12,2
138.076957,12,3
78.292347,12,4
34.181155,12,5
57.265189,12,6
36.676696,12,7
94.01596,12,8
146.127989,12,9
12.526229,12,10
56.611509,12,11
succeed
0.0,0.280293,1.171861,1.234176,0.676547,0.516685,0.432837,0.435216,0.893944,0.088493,0.386416,1.41156
0.097845,0.0,18.521197,15.492253,16.153544,44.508104,10.322744,15.881364,15.38664,2.311713,5.318261,83.030853
2.132837,49.956619,0.0,29.455117,27.246795,75.104965,33.963261,57.555797,43.277387,8.326363,19.157592,44.40056
0.885872,9.635656,70.217763,0.0,25.250872,38.043621,21.312405,14.50932,30.614491,18.885288,11.377885,60.401107
2.257864,4.844435,23.473832,5.559195,0.0,9.965744,7.138288,60.692392,8.000093,2.253411,3.931344,102.757003
0.364099,36.888475,134.648053,26.041637,10.597667,0.0,19.535272,32.340179,50.878829,6.4298,17.288179,32.046888
0.477312,7.9304,43.472645,12.33584,5.615093,26.884552,0.0,6.133741,11.432008,2.153267,4.283357,12.280651
0.947915,21.202483,146.709947,40.756011,53.627904,48.644208,11.307016,0.0,68.143883,15.788861,33.057835,80.517837
2.410845,53.483661,80.903429,52.930981,20.804667,51.643363,32.510755,95.199779,0.0,14.925173,36.512773,149.527483
0.0,0.857344,7.758773,8.872619,1.137443,3.994128,0.784163,42.281973,3.316344,0.0,47.471256,3.402557
0.263509,10.854549,44.958485,16.601936,8.027365,13.81188,8.583707,31.049704,16.639872,12.065176,0.0,15.170485
1.316208,144.716795,138.076957,78.292347,34.181155,57.265189,36.676696,94.01596,146.127989,12.526229,56.611509,0.0
