3342.264295
0.296373,1,2
0.268741,1,3
0.026667,1,4
0.1394,1,5
1.158123,1,6
0.399691,1,7
0.117765,1,8
0.721107,1,9
1.056587,1,11
0.5928,1,12
0.799608,2,1
20.574024,2,3
1.392488,2,4
4.815349,2,5
20.588147,2,6
3.543461,2,7
25.043029,2,8
13.687717,2,9
1.194549,2,10
25.389672,2,11
40.980157,2,12
0.472312,3,1
38.118616,3,2
7.566848,3,4
10.633213,3,5
127.922413,3,6
18.786739,3,7
28.771709,3,8
33.250395,3,9
0.785141,3,10
44.309899,3,11
52.409608,3,12
0.226507,4,1
12.199376,4,2
56.636765,4,3
13.794352,4,5
15.577285,4,6
21.27884,4,7
31.651296,4,8
14.961592,4,9
21.755032,4,11
23.803037,4,12
2.531165,5,1
3.2544,5,2
12.451627,5,3
1.025691,5,4
12.078925,5,6
9.718293,5,7
2.675195,5,8
5.48968,5,9
0.324093,5,10
11.089667,5,11
11.706795,5,12
0.798,6,1
14.248947,6,2
69.274059,6,3
5.280744,6,4
4.251893,6,5
10.58216,6,7
7.402589,6,8
15.550688,6,9
0.675709,6,10
29.283677,6,11
39.330227,6,12
0.395341,7,1
8.438472,7,2
18.234872,7,3
9.031731,7,4
2.937448,7,5
24.82432,7,6
5.961056,7,8
6.453955,7,9
0.691589,7,10
12.428269,7,11
11.488896,7,12
0.440411,8,1
14.015341,8,2
97.996173,8,3
6.291355,8,4
3.415429,8,5
13.954155,8,6
5.596952,8,7
46.0806,8,9
16.387216,8,10
44.774187,8,11
89.097981,8,12
1.845645,9,1
47.057203,9,2
43.331936,9,3
12.415008,9,4
10.869163,9,5
55.237019,9,6
16.800371,9,7
59.512973,9,8
0.237685,9,10
28.49788,9,11
150.211776,9,12
0.107147,10,2
0.805699,10,3
0.45004,10,4
0.066552,10,5
0.577408,10,6
0.026667,10,7
19.351749,10,8
0.09728,10,9
24.06984,10,11
0.053333,10,12
5.779419,11,1
93.869259,11,2
161.615597,11,3
27.596685,11,4
33.76892,11,5
118.579715,11,6
77.643976,11,7
45.679904,11,8
29.287501,11,9
3.224411,11,10
150.969989,11,12
1.736024,12,1
89.815733,12,2
126.419491,12,3
54.693011,12,4
20.331864,12,5
49.637712,12,6
30.770667,12,7
90.627885,12,8
162.72876,12,9
0.200728,12,10
50.008267,12,11
succeed
0.0,0.296373,0.268741,0.026667,0.1394,1.158123,0.399691,0.117765,0.721107,0.0,1.056587,0.5928
0.799608,0.0,20.574024,1.392488,4.815349,20.588147,3.543461,25.043029,13.687717,1.194549,25.389672,40.980157
0.472312,38.118616,0.0,7.566848,10.633213,127.922413,18.786739,28.771709,33.250395,0.785141,44.309899,52.409608
0.226507,12.199376,56.636765,0.0,13.794352,15.577285,21.27884,31.651296,14.961592,0.0,21.755032,23.803037
2.531165,3.2544,12.451627,1.025691,0.0,12.078925,9.718293,2.675195,5.48968,0.324093,11.089667,11.706795
0.798,14.248947,69.274059,5.280744,4.251893,0.0,10.58216,7.402589,15.550688,0.675709,29.283677,39.330227
0.395341,8.438472,18.234872,9.031731,2.937448,24.82432,0.0,5.961056,6.453955,0.691589,12.428269,11.488896
0.440411,14.015341,97.996173,6.291355,3.415429,13.954155,5.596952,0.0,46.0806,16.387216,44.774187,89.097981
1.845645,47.057203,43.331936,12.415008,10.869163,55.237019,16.800371,59.512973,0.0,0.237685,28.49788,150.211776
0.0,0.107147,0.805699,0.45004,0.066552,0.577408,0.026667,19.351749,0.09728,0.0,24.06984,0.053333
5.779419,93.869259,161.615597,27.596685,33.76892,118.579715,77.643976,45.679904,29.287501,3.224411,0.0,150.969989
1.736024,89.815733,126.419491,54.693011,20.331864,49.637712,30.770667,90.627885,162.72876,0.200728,50.008267,0.0
