1611.510549
0.053333,1,2
0.094123,1,3
0.026667,1,5
0.118659,1,7
0.120064,1,8
0.026667,1,9
0.026667,1,11
0.254987,1,12
0.053835,2,1
5.489184,2,3
3.159243,2,4
17.831355,2,5
10.338733,2,6
0.230973,2,7
12.820085,2,8
2.85516,2,9
0.040944,2,10
6.865579,2,11
20.703776,2,12
0.053333,3,1
3.15408,3,2
21.853965,3,4
5.180411,3,5
10.096245,3,6
1.663827,3,7
38.442504,3,8
4.53724,3,9
0.026667,3,10
6.554368,3,11
15.983608,3,12
0.128341,4,1
6.469267,4,2
38.543576,4,3
10.084893,4,5
26.692211,4,6
9.079789,4,7
6.61856,4,8
15.856584,4,9
8.106352,4,10
17.126883,4,11
38.842349,4,12
0.431477,5,1
1.802784,5,2
10.689421,5,3
0.701045,5,4
1.321829,5,6
0.809352,5,7
31.439728,5,8
2.318485,5,9
0.790443,5,11
2.90864,5,12
0.026667,6,1
11.590928,6,2
29.112075,6,3
14.524835,6,4
1.938411,6,5
2.069224,6,7
5.730341,6,8
19.42368,6,9
0.368371,6,10
20.452221,6,11
11.571744,6,12
1.11672,7,2
14.789552,7,3
8.055323,7,4
3.826552,7,5
8.757483,7,6
4.155851,7,8
1.047016,7,9
1.392379,7,10
1.753976,7,11
5.723608,7,12
0.053333,8,1
8.445731,8,2
71.533613,8,3
3.612715,8,4
21.609733,8,5
11.148896,8,6
2.575867,8,7
42.632624,8,9
10.211317,8,10
36.515861,8,11
20.651733,8,12
0.241216,9,1
7.347221,9,2
17.258032,9,3
23.896005,9,4
2.062624,9,5
15.820437,9,6
3.037912,9,7
49.342859,9,8
0.315171,9,10
21.071963,9,11
66.432957,9,12
0.026667,10,2
0.125024,10,3
3.690243,10,4
0.060309,10,5
0.181899,10,6
0.026667,10,7
29.406365,10,8
2.429795,10,9
24.467176,10,11
0.053333,10,12
0.026667,11,1
5.801213,11,2
14.414336,11,3
1.9652,11,4
1.932797,11,5
3.166776,11,6
0.533688,11,7
37.772541,11,8
9.171547,11,9
2.296947,11,10
8.132459,11,12
0.824832,12,1
113.259955,12,2
35.5902,12,3
37.717219,12,4
5.947365,12,5
45.91728,12,6
9.185192,12,7
48.508592,12,8
115.536752,12,9
1.136432,12,10
29.542013,12,11
succeed
0.0,0.053333,0.094123,0.0,0.026667,0.0,0.118659,0.120064,0.026667,0.0,0.026667,0.254987
0.053835,0.0,5.489184,3.159243,17.831355,10.338733,0.230973,12.820085,2.85516,0.040944,6.865579,20.703776
0.053333,3.15408,0.0,21.853965,5.180411,10.096245,1.663827,38.442504,4.53724,0.026667,6.554368,15.983608
0.128341,6.469267,38.543576,0.0,10.084893,26.692211,9.079789,6.61856,15.856584,8.106352,17.126883,38.842349
0.431477,1.802784,10.689421,0.701045,0.0,1.321829,0.809352,31.439728,2.318485,0.0,0.790443,2.90864
0.026667,11.590928,29.112075,14.524835,1.938411,0.0,2.069224,5.730341,19.42368,0.368371,20.452221,11.571744
0.0,1.11672,14.789552,8.055323,3.826552,8.757483,0.0,4.155851,1.047016,1.392379,1.753976,5.723608
0.053333,8.445731,71.533613,3.612715,21.609733,11.148896,2.575867,0.0,42.632624,10.211317,36.515861,20.651733
0.241216,7.347221,17.258032,23.896005,2.062624,15.820437,3.037912,49.342859,0.0,0.315171,21.071963,66.432957
0.0,0.026667,0.125024,3.690243,0.060309,0.181899,0.026667,29.406365,2.429795,0.0,24.467176,0.053333
0.026667,5.801213,14.414336,1.9652,1.932797,3.166776,0.533688,37.772541,9.171547,2.296947,0.0,8.132459
0.824832,113.259955,35.5902,37.717219,5.947365,45.91728,9.185192,48.508592,115.536752,1.136432,29.542013,0.0
