2579.594071
0.563683,1,2
1.185019,1,3
1.286523,1,4
0.244016,1,5
2.594296,1,6
0.491683,1,7
0.709195,1,8
0.521061,1,9
0.286576,1,10
0.233955,1,11
2.437771,1,12
2.28968,2,1
27.360453,2,3
8.691859,2,4
6.325789,2,5
28.696552,2,6
8.491475,2,7
19.497691,2,8
16.804451,2,9
3.463691,2,10
10.293763,2,11
62.734672,2,12
1.001435,3,1
21.63036,3,2
15.111427,3,4
13.01084,3,5
29.957456,3,6
10.585675,3,7
28.834432,3,8
7.161867,3,9
3.455507,3,10
6.961131,3,11
18.316216,3,12
0.276296,4,1
6.320885,4,2
31.893685,4,3
7.333989,4,5
10.285189,4,6
12.280077,4,7
24.773645,4,8
13.252709,4,9
11.097453,4,10
14.565448,4,11
17.637528,4,12
2.520016,5,1
5.173309,5,2
26.449072,5,3
5.434341,5,4
9.720816,5,6
4.158187,5,7
7.142771,5,8
6.367123,5,9
3.987952,5,10
4.717957,5,11
7.187837,5,12
0.643349,6,1
19.516952,6,2
101.768976,6,3
7.368624,6,4
7.004877,6,5
16.124603,6,7
19.740987,6,8
38.086829,6,9
4.377939,6,10
9.96384,6,11
32.718285,6,12
0.500189,7,1
8.372109,7,2
39.649176,7,3
10.328635,7,4
5.244965,7,5
16.044768,7,6
7.362248,7,8
10.911237,7,9
1.545912,7,10
2.353699,7,11
11.892963,7,12
0.627973,8,1
16.155581,8,2
107.507045,8,3
9.328733,8,4
11.519581,8,5
49.04952,8,6
13.258048,8,7
57.834963,8,9
3.582805,8,10
27.962355,8,11
60.358203,8,12
1.705891,9,1
35.167675,9,2
84.431739,9,3
17.54892,9,4
41.209069,9,5
58.774533,9,6
26.708563,9,7
71.715627,9,8
7.457485,9,10
23.982411,9,11
78.514891,9,12
0.304403,10,1
0.892371,10,2
5.696176,10,3
14.635347,10,4
1.701227,10,5
3.314221,10,6
1.679437,10,7
1.925763,10,8
2.839144,10,9
5.184813,10,11
2.998096,10,12
0.878917,11,1
15.157821,11,2
38.812909,11,3
5.080371,11,4
4.016373,11,5
11.567437,11,6
4.732715,11,7
23.593341,11,8
17.072224,11,9
7.613773,11,10
11.493928,11,12
1.557259,12,1
123.611339,12,2
85.626325,12,3
32.646917,12,4
17.9458,12,5
56.747416,12,6
36.354256,12,7
82.621715,12,8
157.469635,12,9
4.581,12,10
29.512344,12,11
succeed
0.0,0.563683,1.185019,1.286523,0.244016,2.594296,0.491683,0.709195,0.521061,0.286576,0.233955,2.437771
2.28968,0.0,27.360453,8.691859,6.325789,28.696552,8.491475,19.497691,16.804451,3.463691,10.293763,62.734672
1.001435,21.63036,0.0,15.111427,13.01084,29.957456,10.585675,28.834432,7.161867,3.455507,6.961131,18.316216
0.276296,6.320885,31.893685,0.0,7.333989,10.285189,12.280077,24.773645,13.252709,11.097453,14.565448,17.637528
2.520016,5.173309,26.449072,5.434341,0.0,9.720816,4.158187,7.142771,6.367123,3.987952,4.717957,7.187837
0.643349,19.516952,101.768976,7.368624,7.004877,0.0,16.124603,19.740987,38.086829,4.377939,9.96384,32.718285
0.500189,8.372109,39.649176,10.328635,5.244965,16.044768,0.0,7.362248,10.911237,1.545912,2.353699,11.892963
0.627973,16.155581,107.507045,9.328733,11.519581,49.04952,13.258048,0.0,57.834963,3.582805,27.962355,60.358203
1.705891,35.167675,84.431739,17.54892,41.209069,58.774533,26.708563,71.715627,0.0,7.457485,23.982411,78.514891
0.304403,0.892371,5.696176,14.635347,1.701227,3.314221,1.679437,1.925763,2.839144,0.0,5.184813,2.998096
0.878917,15.157821,38.812909,5.080371,4.016373,11.567437,4.732715,23.593341,17.072224,7.613773,0.0,11.493928
1.557259,123.611339,85.626325,32.646917,17.9458,56.747416,36.354256,82.621715,157.469635,4.581,29.512344,0.0
