2247.363158
0.08,1,2
0.127123,1,3
0.026667,1,4
0.081781,1,5
0.026667,1,6
0.076715,1,7
0.132589,1,8
0.16,1,9
0.053333,1,11
0.167573,1,12
0.092427,2,1
5.168248,2,3
4.369125,2,4
39.150213,2,5
11.515333,2,6
1.728835,2,7
13.185949,2,8
12.510405,2,9
0.047395,2,10
6.320627,2,11
34.847616,2,12
0.192568,3,1
15.990445,3,2
4.918133,3,4
9.492987,3,5
59.822915,3,6
9.444677,3,7
30.751491,3,8
26.567088,3,9
2.072288,3,10
5.291491,3,11
23.653645,3,12
1.36976,4,1
4.738173,4,2
40.158861,4,3
23.044128,4,5
29.965979,4,6
24.279291,4,7
12.607845,4,8
15.48052,4,9
9.335128,4,10
15.924496,4,11
43.799581,4,12
0.121688,5,1
2.74784,5,2
8.009581,5,3
3.511592,5,4
1.363933,5,6
8.271875,5,7
6.775323,5,8
3.780645,5,9
5.413211,5,10
1.228347,5,11
4.629581,5,12
0.053333,6,1
13.917027,6,2
53.370725,6,3
9.319416,6,4
24.849859,6,5
12.014563,6,7
8.896501,6,8
19.600539,6,9
0.921787,6,10
17.747845,6,11
11.430568,6,12
2.765907,7,1
4.416856,7,2
14.917128,7,3
8.7348,7,4
7.606616,7,5
17.506176,7,6
5.621192,7,8
2.358387,7,9
2.45568,7,10
6.228352,7,11
16.635395,7,12
0.038123,8,1
22.486696,8,2
56.680971,8,3
11.712736,8,4
3.963813,8,5
19.702989,8,6
3.759539,8,7
76.696675,8,9
35.944496,8,10
28.730763,8,11
21.172107,8,12
1.266763,9,1
21.80572,9,2
66.59292,9,3
31.633424,9,4
23.035568,9,5
28.249051,9,6
7.435139,9,7
75.069453,9,8
3.166789,9,10
31.723429,9,11
47.525584,9,12
0.588085,10,2
5.58464,10,4
6.396363,10,6
38.242813,10,8
0.475432,10,9
33.262981,10,11
0.920165,10,12
0.080387,11,1
9.477819,11,2
39.196411,11,3
4.636683,11,4
1.423691,11,5
8.980035,11,6
5.699499,11,7
19.100077,11,8
12.699293,11,9
3.091232,11,10
11.508597,11,12
3.769693,12,1
96.438149,12,2
87.553312,12,3
46.146163,12,4
20.953845,12,5
74.313752,12,6
17.749248,12,7
50.890029,12,8
150.436333,12,9
5.745632,12,10
27.617672,12,11
succeed
0.0,0.08,0.127123,0.026667,0.081781,0.026667,0.076715,0.132589,0.16,0.0,0.053333,0.167573
0.092427,0.0,5.168248,4.369125,39.150213,11.515333,1.728835,13.185949,12.510405,0.047395,6.320627,34.847616
0.192568,15.990445,0.0,4.918133,9.492987,59.822915,9.444677,30.751491,26.567088,2.072288,5.291491,23.653645
1.36976,4.738173,40.158861,0.0,23.044128,29.965979,24.279291,12.607845,15.48052,9.335128,15.924496,43.799581
0.121688,2.74784,8.009581,3.511592,0.0,1.363933,8.271875,6.775323,3.780645,5.413211,1.228347,4.629581
0.053333,13.917027,53.370725,9.319416,24.849859,0.0,12.014563,8.896501,19.600539,0.921787,17.747845,11.430568
2.765907,4.416856,14.917128,8.7348,7.606616,17.506176,0.0,5.621192,2.358387,2.45568,6.228352,16.635395
0.038123,22.486696,56.680971,11.712736,3.963813,19.702989,3.759539,0.0,76.696675,35.944496,28.730763,21.172107
1.266763,21.80572,66.59292,31.633424,23.035568,28.249051,7.435139,75.069453,0.0,3.166789,31.723429,47.525584
0.0,0.588085,0.0,5.58464,0.0,6.396363,0.0,38.242813,0.475432,0.0,33.262981,0.920165
0.080387,9.477819,39.196411,4.636683,1.423691,8.980035,5.699499,19.100077,12.699293,3.091232,0.0,11.508597
3.769693,96.438149,87.553312,46.146163,20.953845,74.313752,17.749248,50.890029,150.436333,5.745632,27.617672,0.0
