1979.242059
0.053333,1,2
0.569909,1,3
0.026667,1,4
0.026667,1,5
0.026667,1,7
0.06224,1,8
0.026667,1,11
0.483035,1,12
0.453155,2,1
11.686499,2,3
3.913109,2,4
1.031619,2,5
17.515437,2,6
4.145981,2,7
25.414005,2,8
3.866269,2,9
1.212888,2,10
4.705637,2,11
40.392651,2,12
0.179629,3,1
18.313728,3,2
3.280499,3,4
6.410021,3,5
17.264592,3,6
6.552435,3,7
31.037432,3,8
9.278315,3,9
5.021005,3,10
7.346037,3,11
53.341477,3,12
0.363275,4,1
4.546981,4,2
61.681176,4,3
22.389464,4,5
24.212843,4,6
7.146747,4,7
4.54884,4,8
8.307589,4,9
7.450723,4,10
21.658091,4,11
38.150877,4,12
0.178,5,1
1.181445,5,2
9.038792,5,3
1.437763,5,4
2.89552,5,6
8.660003,5,7
4.320931,5,8
5.496739,5,9
2.832875,5,11
2.609923,5,12
0.106667,6,1
6.023707,6,2
48.471,6,3
5.680392,6,4
0.828821,6,5
4.729677,6,7
17.547011,6,8
7.841701,6,9
0.622744,6,10
16.994299,6,11
19.294733,6,12
2.787707,7,2
10.372872,7,3
3.742539,7,4
2.660632,7,5
11.040205,7,6
4.129229,7,8
4.014285,7,9
1.806696,7,10
3.498533,7,11
11.626912,7,12
0.068003,8,1
7.261072,8,2
117.750931,8,3
10.389864,8,4
1.797221,8,5
118.554027,8,6
3.987893,8,7
28.486629,8,9
20.899477,8,10
24.368416,8,11
43.349477,8,12
0.722053,9,1
14.852701,9,2
63.524269,9,3
28.721659,9,4
6.016232,9,5
21.147616,9,6
7.152104,9,7
50.423341,9,8
1.077856,9,10
16.891069,9,11
43.270581,9,12
0.026667,10,2
0.111051,10,3
14.155328,10,4
0.128904,10,6
37.739512,10,8
36.45452,10,11
0.158304,10,12
0.026667,11,1
5.486163,11,2
64.249621,11,3
1.348453,11,4
2.287432,11,5
9.313144,11,6
0.930816,11,7
11.938003,11,8
11.013579,11,9
1.445376,11,10
5.214611,11,12
0.314795,12,1
78.159893,12,2
83.636784,12,3
41.765173,12,4
24.601989,12,5
27.923781,12,6
6.655104,12,7
35.977712,12,8
120.746624,12,9
0.910675,12,10
29.242323,12,11
succeed
0.0,0.053333,0.569909,0.026667,0.026667,0.0,0.026667,0.06224,0.0,0.0,0.026667,0.483035
0.453155,0.0,11.686499,3.913109,1.031619,17.515437,4.145981,25.414005,3.866269,1.212888,4.705637,40.392651
0.179629,18.313728,0.0,3.280499,6.410021,17.264592,6.552435,31.037432,9.278315,5.021005,7.346037,53.341477
0.363275,4.546981,61.681176,0.0,22.389464,24.212843,7.146747,4.54884,8.307589,7.450723,21.658091,38.150877
0.178,1.181445,9.038792,1.437763,0.0,2.89552,8.660003,4.320931,5.496739,0.0,2.832875,2.609923
0.106667,6.023707,48.471,5.680392,0.828821,0.0,4.729677,17.547011,7.841701,0.622744,16.994299,19.294733
0.0,2.787707,10.372872,3.742539,2.660632,11.040205,0.0,4.129229,4.014285,1.806696,3.498533,11.626912
0.068003,7.261072,117.750931,10.389864,1.797221,118.554027,3.987893,0.0,28.486629,20.899477,24.368416,43.349477
0.722053,14.852701,63.524269,28.721659,6.016232,21.147616,7.152104,50.423341,0.0,1.077856,16.891069,43.270581
0.0,0.026667,0.111051,14.155328,0.0,0.128904,0.0,37.739512,0.0,0.0,36.45452,0.158304
0.026667,5.486163,64.249621,1.348453,2.287432,9.313144,0.930816,11.938003,11.013579,1.445376,0.0,5.214611
0.314795,78.159893,83.636784,41.765173,24.601989,27.923781,6.655104,35.977712,120.746624,0.910675,29.242323,0.0
