2375.916156
0.026667,1,2
0.333616,1,3
0.026667,1,4
0.026667,1,6
0.026667,1,8
0.054667,1,9
0.217208,1,11
0.375184,1,12
0.257539,2,1
10.193336,2,3
5.852528,2,4
1.155493,2,5
9.665331,2,6
2.507923,2,7
42.351125,2,8
21.44676,2,9
0.061088,2,10
4.3806,2,11
41.624037,2,12
0.130389,3,1
8.335144,3,2
10.750821,3,4
7.334613,3,5
22.068088,3,6
7.705331,3,7
25.926957,3,8
45.666232,3,9
0.326899,3,10
8.954651,3,11
133.650221,3,12
0.118667,4,1
5.597501,4,2
66.908456,4,3
22.493296,4,5
24.320696,4,6
16.729173,4,7
13.37584,4,8
18.427381,4,9
11.133493,4,10
13.714645,4,11
40.822568,4,12
0.210688,5,1
17.726664,5,2
20.649555,5,3
0.709139,5,4
4.838077,5,6
1.086557,5,7
10.953395,5,8
3.624363,5,9
0.105867,5,10
2.825947,5,11
2.697651,5,12
9.50956,6,2
74.620221,6,3
5.174349,6,4
0.957155,6,5
2.094629,6,7
24.842864,6,8
24.697968,6,9
1.999112,6,10
8.089421,6,11
30.163293,6,12
1.679091,7,2
19.694629,7,3
15.201667,7,4
6.207712,7,5
16.421032,7,6
4.351683,7,8
2.766861,7,9
1.170717,7,10
0.867501,7,11
8.896771,7,12
1.332912,8,1
21.290136,8,2
69.990336,8,3
16.243221,8,4
5.501424,8,5
37.105083,8,6
4.893707,8,7
80.559123,8,9
10.090149,8,10
39.545576,8,11
93.443389,8,12
0.954933,9,1
20.256325,9,2
45.312936,9,3
29.670557,9,4
5.358509,9,5
34.417989,9,6
10.583765,9,7
71.027963,9,8
3.087123,9,10
33.281939,9,11
58.100584,9,12
0.05568,10,2
0.118379,10,3
6.737525,10,4
0.035115,10,5
0.212624,10,6
0.053333,10,7
31.377429,10,8
0.294136,10,9
34.548381,10,11
0.08,10,12
8.297307,11,2
10.115104,11,3
3.500491,11,4
2.568171,11,5
8.665141,11,6
4.626795,11,7
26.655917,11,8
7.553851,11,9
5.387189,11,10
6.992125,11,12
0.026667,12,1
131.80316,12,2
64.280131,12,3
45.204115,12,4
25.370717,12,5
40.671077,12,6
16.279576,12,7
96.225091,12,8
104.172909,12,9
1.149885,12,10
30.902152,12,11
succeed
0.0,0.026667,0.333616,0.026667,0.0,0.026667,0.0,0.026667,0.054667,0.0,0.217208,0.375184
0.257539,0.0,10.193336,5.852528,1.155493,9.665331,2.507923,42.351125,21.44676,0.061088,4.3806,41.624037
0.130389,8.335144,0.0,10.750821,7.334613,22.068088,7.705331,25.926957,45.666232,0.326899,8.954651,133.650221
0.118667,5.597501,66.908456,0.0,22.493296,24.320696,16.729173,13.37584,18.427381,11.133493,13.714645,40.822568
0.210688,17.726664,20.649555,0.709139,0.0,4.838077,1.086557,10.953395,3.624363,0.105867,2.825947,2.697651
0.0,9.50956,74.620221,5.174349,0.957155,0.0,2.094629,24.842864,24.697968,1.999112,8.089421,30.163293
0.0,1.679091,19.694629,15.201667,6.207712,16.421032,0.0,4.351683,2.766861,1.170717,0.867501,8.896771
1.332912,21.290136,69.990336,16.243221,5.501424,37.105083,4.893707,0.0,80.559123,10.090149,39.545576,93.443389
0.954933,20.256325,45.312936,29.670557,5.358509,34.417989,10.583765,71.027963,0.0,3.087123,33.281939,58.100584
0.0,0.05568,0.118379,6.737525,0.035115,0.212624,0.053333,31.377429,0.294136,0.0,34.548381,0.08
0.0,8.297307,10.115104,3.500491,2.568171,8.665141,4.626795,26.655917,7.553851,5.387189,0.0,6.992125
0.026667,131.80316,64.280131,45.204115,25.370717,40.671077,16.279576,96.225091,104.172909,1.149885,30.902152,0.0
