2913.663772
0.048579,1,2
0.083064,1,3
0.026667,1,4
0.026667,1,5
0.026667,1,6
0.026667,1,7
0.512656,1,8
0.153301,1,9
0.577195,1,11
0.284771,1,12
0.219971,2,1
10.370403,2,3
1.846464,2,4
13.252483,2,5
18.834731,2,6
3.455928,2,7
944.07968,2,8
7.011008,2,9
0.165711,2,10
2.343296,2,11
50.294664,2,12
0.165256,3,1
13.214235,3,2
22.246419,3,4
2.883043,3,5
16.604072,3,6
4.057288,3,7
47.179211,3,8
4.018115,3,9
2.173853,3,10
10.766933,3,11
14.021533,3,12
0.086027,4,1
1.906781,4,2
56.709747,4,3
25.226061,4,5
30.834237,4,6
20.594613,4,7
33.505373,4,8
11.917237,4,9
18.068931,4,10
36.461757,4,11
38.627363,4,12
1.226128,5,1
2.805768,5,2
14.983373,5,3
2.29712,5,4
7.510939,5,6
4.221669,5,7
6.85968,5,8
1.365021,5,9
2.723787,5,11
1.380669,5,12
0.026667,6,1
10.46024,6,2
76.380405,6,3
18.702693,6,4
0.805765,6,5
2.070448,6,7
8.844019,6,8
20.024213,6,9
0.111744,6,10
6.073656,6,11
3.272027,6,12
0.969229,7,2
14.058704,7,3
19.843093,7,4
2.669045,7,5
11.358528,7,6
7.562405,7,8
2.44724,7,9
1.936395,7,10
2.687181,7,11
5.375384,7,12
0.207365,8,1
21.31332,8,2
142.8414,8,3
5.981579,8,4
17.003579,8,5
14.850117,8,6
3.999848,8,7
31.038432,8,9
8.993677,8,10
26.196928,8,11
26.763701,8,12
0.18996,9,1
15.459472,9,2
11.454011,9,3
24.95208,9,4
2.494227,9,5
12.013627,9,6
4.657749,9,7
53.966941,9,8
1.254277,9,10
20.969571,9,11
45.223285,9,12
0.026667,10,2
0.451205,10,3
3.67772,10,4
0.026667,10,5
0.564587,10,6
0.026667,10,7
37.503693,10,8
0.631691,10,9
25.492744,10,11
0.026667,10,12
0.026667,11,1
7.754744,11,2
22.605064,11,3
9.727701,11,4
1.055408,11,5
11.261275,11,6
0.714011,11,7
17.312032,11,8
9.337341,11,9
2.047768,11,10
4.729072,11,12
0.139112,12,1
89.586256,12,2
60.272763,12,3
69.355509,12,4
24.449341,12,5
29.566941,12,6
16.835923,12,7
60.384051,12,8
134.556072,12,9
4.451955,12,10
51.279419,12,11
succeed
0.0,0.048579,0.083064,0.026667,0.026667,0.026667,0.026667,0.512656,0.153301,0.0,0.577195,0.284771
0.219971,0.0,10.370403,1.846464,13.252483,18.834731,3.455928,944.07968,7.011008,0.165711,2.343296,50.294664
0.165256,13.214235,0.0,22.246419,2.883043,16.604072,4.057288,47.179211,4.018115,2.173853,10.766933,14.021533
0.086027,1.906781,56.709747,0.0,25.226061,30.834237,20.594613,33.505373,11.917237,18.068931,36.461757,38.627363
1.226128,2.805768,14.983373,2.29712,0.0,7.510939,4.221669,6.85968,1.365021,0.0,2.723787,1.380669
0.026667,10.46024,76.380405,18.702693,0.805765,0.0,2.070448,8.844019,20.024213,0.111744,6.073656,3.272027
0.0,0.969229,14.058704,19.843093,2.669045,11.358528,0.0,7.562405,2.44724,1.936395,2.687181,5.375384
0.207365,21.31332,142.8414,5.981579,17.003579,14.850117,3.999848,0.0,31.038432,8.993677,26.196928,26.763701
0.18996,15.459472,11.454011,24.95208,2.494227,12.013627,4.657749,53.966941,0.0,1.254277,20.969571,45.223285
0.0,0.026667,0.451205,3.67772,0.026667,0.564587,0.026667,37.503693,0.631691,0.0,25.492744,0.026667
0.026667,7.754744,22.605064,9.727701,1.055408,11.261275,0.714011,17.312032,9.337341,2.047768,0.0,4.729072
0.139112,89.586256,60.272763,69.355509,24.449341,29.566941,16.835923,60.384051,134.556072,4.451955,51.279419,0.0
