3121.957082
0.026667,1,2
0.730224,1,3
1.529893,1,4
0.082621,1,5
0.626003,1,6
0.215995,1,7
0.644611,1,8
0.634317,1,9
0.168992,1,11
0.776749,1,12
0.146152,2,1
19.231381,2,3
7.424552,2,4
4.327397,2,5
18.761309,2,6
6.592789,2,7
13.110748,2,8
15.081037,2,9
0.551193,2,10
5.68152,2,11
43.351837,2,12
0.428635,3,1
18.579173,3,2
33.936875,3,4
19.567779,3,5
56.739989,3,6
25.713357,3,7
47.355741,3,8
24.952496,3,9
6.123179,3,10
15.198933,3,11
45.44548,3,12
0.467304,4,1
7.186707,4,2
55.366717,4,3
29.381603,4,5
33.030328,4,6
18.786323,4,7
11.187243,4,8
23.696301,4,9
15.631515,4,10
21.447787,4,11
50.584224,4,12
0.155024,5,1
5.594976,5,2
26.856565,5,3
5.71992,5,4
10.379779,5,6
2.983117,5,7
145.275123,5,8
7.03552,5,9
2.008168,5,10
2.940707,5,11
4.512904,5,12
0.42876,6,1
7.741477,6,2
91.188901,6,3
22.613149,6,4
7.214136,6,5
13.089987,6,7
21.661709,6,8
19.101053,6,9
3.922136,6,10
9.238808,6,11
20.600059,6,12
0.307667,7,1
3.503544,7,2
34.274923,7,3
9.199347,7,4
5.018005,7,5
11.842099,7,6
8.423776,7,8
7.615941,7,9
2.43628,7,10
5.744325,7,11
6.971349,7,12
0.634344,8,1
16.129243,8,2
100.026224,8,3
17.629957,8,4
16.81836,8,5
47.711792,8,6
13.852789,8,7
57.7194,8,9
10.48408,8,10
24.850427,8,11
80.35432,8,12
0.28356,9,1
32.223085,9,2
76.990085,9,3
38.018141,9,4
26.071133,9,5
65.366445,9,6
25.801389,9,7
85.029656,9,8
13.655797,9,10
41.700917,9,11
154.371013,9,12
0.295187,10,2
7.340853,10,3
11.773555,10,4
1.356912,10,5
11.426267,10,6
0.704109,10,7
36.942595,10,8
2.860851,10,9
49.867733,10,11
3.055843,10,12
0.289843,11,1
6.988957,11,2
33.269891,11,3
7.076003,11,4
6.776859,11,5
22.068605,11,6
7.212627,11,7
38.202357,11,8
9.900411,11,9
8.553229,11,10
7.562125,11,12
0.630165,12,1
104.873003,12,2
105.737176,12,3
68.475856,12,4
26.750901,12,5
53.248003,12,6
14.100488,12,7
95.273349,12,8
154.228376,12,9
4.177979,12,10
49.111907,12,11
succeed
0.0,0.026667,0.730224,1.529893,0.082621,0.626003,0.215995,0.644611,0.634317,0.0,0.168992,0.776749
0.146152,0.0,19.231381,7.424552,4.327397,18.761309,6.592789,13.110748,15.081037,0.551193,5.68152,43.351837
0.428635,18.579173,0.0,33.936875,19.567779,56.739989,25.713357,47.355741,24.952496,6.123179,15.198933,45.44548
0.467304,7.186707,55.366717,0.0,29.381603,33.030328,18.786323,11.187243,23.696301,15.631515,21.447787,50.584224
0.155024,5.594976,26.856565,5.71992,0.0,10.379779,2.983117,145.275123,7.03552,2.008168,2.940707,4.512904
0.42876,7.741477,91.188901,22.613149,7.214136,0.0,13.089987,21.661709,19.101053,3.922136,9.238808,20.600059
0.307667,3.503544,34.274923,9.199347,5.018005,11.842099,0.0,8.423776,7.615941,2.43628,5.744325,6.971349
0.634344,16.129243,100.026224,17.629957,16.81836,47.711792,13.852789,0.0,57.7194,10.48408,24.850427,80.35432
0.28356,32.223085,76.990085,38.018141,26.071133,65.366445,25.801389,85.029656,0.0,13.655797,41.700917,154.371013
0.0,0.295187,7.340853,11.773555,1.356912,11.426267,0.704109,36.942595,2.860851,0.0,49.867733,3.055843
0.289843,6.988957,33.269891,7.076003,6.776859,22.068605,7.212627,38.202357,9.900411,8.553229,0.0,7.562125
0.630165,104.873003,105.737176,68.475856,26.750901,53.248003,14.100488,95.273349,154.228376,4.177979,49.111907,0.0
