3540.130481
0.2478,1,2
0.160011,1,3
0.044176,1,5
0.445563,1,6
0.064803,1,7
0.484445,1,8
0.161152,1,9
0.053984,1,11
0.162563,1,12
0.275736,2,1
9.759813,2,3
10.907707,2,4
29.730069,2,5
25.314696,2,6
8.237843,2,7
15.259173,2,8
9.019477,2,9
1.009408,2,10
4.205709,2,11
51.923141,2,12
0.552456,3,1
36.610707,3,2
20.045597,3,4
14.659237,3,5
73.025157,3,6
10.855592,3,7
62.513907,3,8
119.512093,3,9
4.165677,3,10
11.404965,3,11
53.354352,3,12
0.11488,4,1
19.069771,4,2
37.782008,4,3
22.071717,4,5
26.623848,4,6
14.572613,4,7
37.278808,4,8
36.822592,4,9
31.293643,4,10
11.27144,4,11
48.392155,4,12
0.026667,5,1
7.304291,5,2
21.970229,5,3
3.160077,5,4
2.964035,5,6
6.143077,5,7
6.997741,5,8
3.143731,5,9
1.339397,5,10
8.055624,5,11
10.114976,5,12
0.113016,6,1
20.980955,6,2
62.472435,6,3
18.505824,6,4
4.588693,6,5
9.517749,6,7
35.181805,6,8
105.799448,6,9
5.57212,6,10
8.964744,6,11
33.745181,6,12
0.242573,7,1
5.002168,7,2
17.966821,7,3
8.761987,7,4
5.327565,7,5
11.654651,7,6
15.153539,7,8
20.593536,7,9
2.475731,7,10
2.798965,7,11
15.572757,7,12
4.236475,8,1
63.021256,8,2
120.812765,8,3
16.115896,8,4
19.467203,8,5
43.065232,8,6
9.720128,8,7
149.937757,8,9
16.351043,8,10
41.155923,8,11
105.796469,8,12
0.678659,9,1
45.636936,9,2
94.571571,9,3
39.637512,9,4
13.818736,9,5
68.043637,9,6
23.180909,9,7
105.872363,9,8
5.548981,9,10
31.390011,9,11
105.841165,9,12
0.906477,10,2
2.93988,10,3
20.753453,10,4
0.257123,10,5
1.470691,10,6
0.108896,10,7
42.3356,10,8
14.826245,10,9
39.121784,10,11
0.836744,10,12
0.318117,11,1
10.862989,11,2
12.834168,11,3
8.580571,11,4
5.075979,11,5
15.883821,11,6
2.95316,11,7
47.019616,11,8
22.9748,11,9
9.082389,11,10
16.369941,11,12
0.752216,12,1
144.448488,12,2
93.614173,12,3
72.986971,12,4
19.515749,12,5
88.570443,12,6
28.646389,12,7
140.269221,12,8
167.840883,12,9
4.820669,12,10
37.579616,12,11
succeed
0.0,0.2478,0.160011,0.0,0.044176,0.445563,0.064803,0.484445,0.161152,0.0,0.053984,0.162563
0.275736,0.0,9.759813,10.907707,29.730069,25.314696,8.237843,15.259173,9.019477,1.009408,4.205709,51.923141
0.552456,36.610707,0.0,20.045597,14.659237,73.025157,10.855592,62.513907,119.512093,4.165677,11.404965,53.354352
0.11488,19.069771,37.782008,0.0,22.071717,26.623848,14.572613,37.278808,36.822592,31.293643,11.27144,48.392155
0.026667,7.304291,21.970229,3.160077,0.0,2.964035,6.143077,6.997741,3.143731,1.339397,8.055624,10.114976
0.113016,20.980955,62.472435,18.505824,4.588693,0.0,9.517749,35.181805,105.799448,5.57212,8.964744,33.745181
0.242573,5.002168,17.966821,8.761987,5.327565,11.654651,0.0,15.153539,20.593536,2.475731,2.798965,15.572757
4.236475,63.021256,120.812765,16.115896,19.467203,43.065232,9.720128,0.0,149.937757,16.351043,41.155923,105.796469
0.678659,45.636936,94.571571,39.637512,13.818736,68.043637,23.180909,105.872363,0.0,5.548981,31.390011,105.841165
0.0,0.906477,2.93988,20.753453,0.257123,1.470691,0.108896,42.3356,14.826245,0.0,39.121784,0.836744
0.318117,10.862989,12.834168,8.580571,5.075979,15.883821,2.95316,47.019616,22.9748,9.082389,0.0,16.369941
0.752216,144.448488,93.614173,72.986971,19.515749,88.570443,28.646389,140.269221,167.840883,4.820669,37.579616,0.0
