3847.007259
0.629992,1,2
1.870259,1,3
0.087688,1,4
0.534752,1,5
1.955341,1,6
0.906389,1,7
1.041141,1,8
3.707363,1,9
0.211637,1,10
0.111136,1,11
5.910013,1,12
1.832269,2,1
65.097152,2,3
17.536133,2,4
6.122488,2,5
21.796192,2,6
20.528744,2,7
20.346116,2,8
26.333424,2,9
7.323545,2,10
7.388128,2,11
101.579565,2,12
3.401616,3,1
22.001739,3,2
18.487616,3,4
25.711621,3,5
32.175744,3,6
18.091656,3,7
32.872275,3,8
7.876224,3,9
5.005957,3,10
21.045419,3,11
17.657045,3,12
1.367307,4,1
12.524779,4,2
62.894443,4,3
17.395011,4,5
30.237117,4,6
28.025453,4,7
26.086125,4,8
33.027781,4,9
16.285013,4,10
16.805784,4,11
56.07524,4,12
2.489365,5,1
9.106864,5,2
28.642379,5,3
5.437256,5,4
10.238445,5,6
5.555309,5,7
6.423725,5,8
10.648789,5,9
2.302693,5,10
2.163587,5,11
15.711341,5,12
0.947629,6,1
19.821141,6,2
145.496979,6,3
38.558704,6,4
9.713176,6,5
22.610005,6,7
26.500045,6,8
75.226808,6,9
14.101163,6,10
13.308445,6,11
62.535621,6,12
0.867045,7,1
8.494136,7,2
46.656979,7,3
18.508179,7,4
8.18568,7,5
13.376392,7,6
4.625288,7,8
9.221083,7,9
1.600432,7,10
3.976389,7,11
22.788749,7,12
1.445051,8,1
30.777784,8,2
132.507485,8,3
29.050125,8,4
14.543992,8,5
49.263573,8,6
11.471579,8,7
57.765621,8,9
13.605248,8,10
26.156659,8,11
70.169139,8,12
5.683773,9,1
55.955693,9,2
94.09104,9,3
54.098632,9,4
48.031405,9,5
83.476533,9,6
34.763632,9,7
82.534397,9,8
11.853179,9,10
35.554869,9,11
138.133557,9,12
0.219648,10,1
0.643675,10,2
6.237872,10,3
12.640099,10,4
1.102856,10,5
4.246901,10,6
0.850136,10,7
46.174211,10,8
3.434885,10,9
71.113835,10,11
2.470517,10,12
0.371611,11,1
19.179288,11,2
92.761013,11,3
10.104336,11,4
6.848968,11,5
26.514173,11,6
6.320491,11,7
35.934221,11,8
35.888072,11,9
13.442976,11,10
20.455435,11,12
1.562699,12,1
148.305723,12,2
93.692197,12,3
86.633712,12,4
34.420181,12,5
115.241525,12,6
45.304256,12,7
100.315037,12,8
187.749669,12,9
9.211307,12,10
42.942515,12,11
succeed
0.0,0.629992,1.870259,0.087688,0.534752,1.955341,0.906389,1.041141,3.707363,0.211637,0.111136,5.910013
1.832269,0.0,65.097152,17.536133,6.122488,21.796192,20.528744,20.346116,26.333424,7.323545,7.388128,101.579565
3.401616,22.001739,0.0,18.487616,25.711621,32.175744,18.091656,32.872275,7.876224,5.005957,21.045419,17.657045
1.367307,12.524779,62.894443,0.0,17.395011,30.237117,28.025453,26.086125,33.027781,16.285013,16.805784,56.07524
2.489365,9.106864,28.642379,5.437256,0.0,10.238445,5.555309,6.423725,10.648789,2.302693,2.163587,15.711341
0.947629,19.821141,145.496979,38.558704,9.713176,0.0,22.610005,26.500045,75.226808,14.101163,13.308445,62.535621
0.867045,8.494136,46.656979,18.508179,8.18568,13.376392,0.0,4.625288,9.221083,1.600432,3.976389,22.788749
1.445051,30.777784,132.507485,29.050125,14.543992,49.263573,11.471579,0.0,57.765621,13.605248,26.156659,70.169139
5.683773,55.955693,94.09104,54.098632,48.031405,83.476533,34.763632,82.534397,0.0,11.853179,35.554869,138.133557
0.219648,0.643675,6.237872,12.640099,1.102856,4.246901,0.850136,46.174211,3.434885,0.0,71.113835,2.470517
0.371611,19.179288,92.761013,10.104336,6.848968,26.514173,6.320491,35.934221,35.888072,13.442976,0.0,20.455435
1.562699,148.305723,93.692197,86.633712,34.420181,115.241525,45.304256,100.315037,187.749669,9.211307,42.942515,0.0
