8088.925571000001
0.166635,1,2
0.971784,1,3
1.546101,1,5
0.312787,1,6
0.348,1,7
1.785899,1,9
0.034432,1,11
2.716133,1,12
26.969269,2,3
0.053333,2,4
34.47856,2,5
20.233507,2,6
3.678288,2,7
19.430627,2,9
0.121237,2,10
0.224072,2,11
63.915088,2,12
32.290317,3,2
15.29284,3,4
5117.5072,3,5
50.396293,3,6
8.601323,3,7
0.026667,3,8
22.775944,3,9
0.026667,3,10
0.680251,3,11
42.62612,3,12
10.471928,4,2
65.087893,4,3
28.87112,4,5
28.304789,4,6
7.243747,4,7
0.026667,4,8
19.718576,4,9
5.55488,4,10
0.426432,4,11
39.276144,4,12
32.320147,5,2
2.616728,5,3
0.026667,5,6
6.111261,5,9
113.967741,5,12
11.060592,6,2
142.311661,6,3
8.067405,6,4
70.025056,6,5
13.172053,6,7
44.376115,6,9
0.531485,6,10
0.207219,6,11
22.572805,6,12
4.169648,7,2
29.554781,7,3
7.567341,7,4
10.051477,7,5
9.006979,7,6
0.088813,7,8
11.6492,7,9
0.026667,7,10
0.026667,7,11
9.622387,7,12
25.877845,8,2
16.406021,8,3
8.783187,8,4
164.759056,8,5
1.014816,8,6
0.046011,8,7
65.044421,8,9
17.522664,8,10
21.965381,8,11
109.620115,8,12
39.906773,9,2
97.938509,9,3
35.0768,9,4
106.442741,9,5
37.679123,9,6
24.231901,9,7
0.173056,9,8
0.053333,9,10
3.518293,9,11
90.908968,9,12
0.106667,10,2
0.028,10,3
3.267704,10,4
8.856728,10,5
0.026667,10,6
0.253363,10,7
39.614381,10,8
4.147717,10,9
48.863949,10,11
1.189605,10,12
8.089032,11,2
4.762645,11,3
1.587912,11,4
48.814355,11,5
0.062357,11,6
4.964168,11,7
21.545075,11,8
17.531523,11,9
2.017805,11,10
8.487445,11,12
146.753848,12,2
133.548565,12,3
11.863421,12,4
257.828747,12,5
30.295379,12,6
23.140315,12,7
0.1678,12,8
160.036213,12,9
0.026667,12,10
12.756059,12,11
succeed
0.0,0.166635,0.971784,0.0,1.546101,0.312787,0.348,0.0,1.785899,0.0,0.034432,2.716133
0.0,0.0,26.969269,0.053333,34.47856,20.233507,3.678288,0.0,19.430627,0.121237,0.224072,63.915088
0.0,32.290317,0.0,15.29284,5117.5072,50.396293,8.601323,0.026667,22.775944,0.026667,0.680251,42.62612
0.0,10.471928,65.087893,0.0,28.87112,28.304789,7.243747,0.026667,19.718576,5.55488,0.426432,39.276144
0.0,32.320147,2.616728,0.0,0.0,0.026667,0.0,0.0,6.111261,0.0,0.0,113.967741
0.0,11.060592,142.311661,8.067405,70.025056,0.0,13.172053,0.0,44.376115,0.531485,0.207219,22.572805
0.0,4.169648,29.554781,7.567341,10.051477,9.006979,0.0,0.088813,11.6492,0.026667,0.026667,9.622387
0.0,25.877845,16.406021,8.783187,164.759056,1.014816,0.046011,0.0,65.044421,17.522664,21.965381,109.620115
0.0,39.906773,97.938509,35.0768,106.442741,37.679123,24.231901,0.173056,0.0,0.053333,3.518293,90.908968
0.0,0.106667,0.028,3.267704,8.856728,0.026667,0.253363,39.614381,4.147717,0.0,48.863949,1.189605
0.0,8.089032,4.762645,1.587912,48.814355,0.062357,4.964168,21.545075,17.531523,2.017805,0.0,8.487445
0.0,146.753848,133.548565,11.863421,257.828747,30.295379,23.140315,0.1678,160.036213,0.026667,12.756059,0.0
