1963.802067
0.053333,1,2
0.838075,1,3
0.026667,1,4
0.101645,1,5
0.642389,1,6
0.341629,1,8
1.036787,1,9
0.134224,1,10
0.720611,1,11
0.483389,1,12
0.171989,2,1
6.914837,2,3
7.008752,2,4
0.368837,2,5
11.253171,2,6
1.637437,2,7
13.032129,2,8
5.287056,2,9
0.074855,2,10
7.754725,2,11
21.500275,2,12
0.053333,3,1
14.918293,3,2
9.929339,3,4
8.447261,3,5
33.453443,3,6
6.220619,3,7
34.591248,3,8
14.080648,3,9
0.816349,3,10
7.445387,3,11
29.728075,3,12
0.323307,4,1
1.334573,4,2
70.955064,4,3
19.61688,4,5
33.057533,4,6
12.503027,4,7
14.247344,4,8
10.664248,4,9
6.820957,4,10
6.584176,4,11
48.937603,4,12
0.299795,5,1
7.865888,5,2
7.491784,5,3
1.475637,5,4
1.008024,5,6
2.495893,5,7
8.910968,5,8
3.790987,5,9
0.126805,5,10
1.950155,5,11
2.00748,5,12
0.026667,6,1
7.608832,6,2
63.787064,6,3
7.321957,6,4
22.297077,6,5
2.476288,6,7
9.926675,6,8
17.68308,6,9
0.525619,6,10
23.998016,6,11
8.726592,6,12
2.722328,7,2
12.329581,7,3
7.996661,7,4
1.436837,7,5
10.377539,7,6
0.931685,7,8
6.962411,7,9
2.864715,7,10
4.741672,7,11
8.901277,7,12
0.123731,8,1
22.230835,8,2
40.147221,8,3
6.901552,8,4
10.696003,8,5
33.330368,8,6
1.102432,8,7
35.874483,8,9
26.716117,8,10
27.434669,8,11
29.539584,8,12
2.871733,9,1
18.007667,9,2
26.821488,9,3
25.565837,9,4
9.428435,9,5
33.961003,9,6
5.675157,9,7
65.52024,9,8
2.937064,9,10
28.590288,9,11
51.247373,9,12
0.656043,10,2
0.026667,10,3
8.95708,10,4
0.044992,10,5
1.250915,10,6
0.026667,10,7
36.870685,10,8
0.293333,10,9
38.963803,10,11
0.026667,10,12
1.392251,11,1
7.741411,11,2
33.339784,11,3
4.01364,11,4
2.461677,11,5
5.629619,11,6
3.686864,11,7
14.059637,11,8
13.887272,11,9
10.886213,11,10
10.64232,11,12
0.106667,12,1
71.325928,12,2
48.692413,12,3
30.64548,12,4
33.928288,12,5
69.842203,12,6
7.920035,12,7
58.594752,12,8
158.142195,12,9
0.907653,12,10
58.938125,12,11
succeed
0.0,0.053333,0.838075,0.026667,0.101645,0.642389,0.0,0.341629,1.036787,0.134224,0.720611,0.483389
0.171989,0.0,6.914837,7.008752,0.368837,11.253171,1.637437,13.032129,5.287056,0.074855,7.754725,21.500275
0.053333,14.918293,0.0,9.929339,8.447261,33.453443,6.220619,34.591248,14.080648,0.816349,7.445387,29.728075
0.323307,1.334573,70.955064,0.0,19.61688,33.057533,12.503027,14.247344,10.664248,6.820957,6.584176,48.937603
0.299795,7.865888,7.491784,1.475637,0.0,1.008024,2.495893,8.910968,3.790987,0.126805,1.950155,2.00748
0.026667,7.608832,63.787064,7.321957,22.297077,0.0,2.476288,9.926675,17.68308,0.525619,23.998016,8.726592
0.0,2.722328,12.329581,7.996661,1.436837,10.377539,0.0,0.931685,6.962411,2.864715,4.741672,8.901277
0.123731,22.230835,40.147221,6.901552,10.696003,33.330368,1.102432,0.0,35.874483,26.716117,27.434669,29.539584
2.871733,18.007667,26.821488,25.565837,9.428435,33.961003,5.675157,65.52024,0.0,2.937064,28.590288,51.247373
0.0,0.656043,0.026667,8.95708,0.044992,1.250915,0.026667,36.870685,0.293333,0.0,38.963803,0.026667
1.392251,7.741411,33.339784,4.01364,2.461677,5.629619,3.686864,14.059637,13.887272,10.886213,0.0,10.64232
0.106667,71.325928,48.692413,30.64548,33.928288,69.842203,7.920035,58.594752,158.142195,0.907653,58.938125,0.0
