1607.047451
0.053333,1,3
0.066459,1,5
0.053333,1,8
0.026667,1,9
0.026667,1,11
0.460155,1,12
0.027832,2,1
14.26568,2,3
4.119715,2,4
28.993475,2,5
12.410864,2,6
1.637557,2,7
12.200789,2,8
4.635136,2,9
0.052808,2,10
7.243499,2,11
26.789208,2,12
0.026667,3,1
10.4146,3,2
7.531435,3,4
15.238107,3,5
46.972248,3,6
8.009645,3,7
30.245899,3,8
8.547792,3,9
0.865339,3,10
7.274117,3,11
32.33888,3,12
0.165547,4,1
5.915,4,2
42.170416,4,3
24.440541,4,5
24.437819,4,6
21.099789,4,7
9.286805,4,8
13.788699,4,9
7.466336,4,10
9.548235,4,11
31.003803,4,12
2.531893,5,1
5.898491,5,2
5.113227,5,3
1.507219,5,4
3.111227,5,6
0.728733,5,7
2.127704,5,8
2.193523,5,9
0.507603,5,11
7.021229,5,12
0.106027,6,1
11.498995,6,2
34.282877,6,3
12.589315,6,4
2.302176,6,5
1.151125,6,7
19.580115,6,8
5.208664,6,9
1.981053,6,10
9.910821,6,11
11.910904,6,12
3.464067,7,2
11.031469,7,3
3.645813,7,4
2.851333,7,5
10.170453,7,6
4.146053,7,8
1.305179,7,9
2.071157,7,10
2.689048,7,11
15.928944,7,12
0.061448,8,1
14.278467,8,2
40.842837,8,3
7.721768,8,4
4.979283,8,5
12.876997,8,6
4.160493,8,7
25.452531,8,9
18.523904,8,10
17.547653,8,11
17.428917,8,12
0.081467,9,1
15.070051,9,2
20.571376,9,3
20.794725,9,4
6.595963,9,5
7.456904,9,6
5.684381,9,7
57.616507,9,8
1.61168,9,10
13.572291,9,11
46.294755,9,12
0.651947,10,2
0.350253,10,3
4.578528,10,4
0.026667,10,5
0.170523,10,6
28.694269,10,8
0.337595,10,9
36.516477,10,11
0.097725,10,12
9.03984,11,2
12.90284,11,3
2.874651,11,4
3.555205,11,5
6.190312,11,6
3.069979,11,7
13.015909,11,8
9.494149,11,9
4.841832,11,10
3.121187,11,12
0.197944,12,1
91.270205,12,2
53.605499,12,3
49.625464,12,4
22.511925,12,5
35.840368,12,6
11.719024,12,7
38.570547,12,8
108.569157,12,9
0.648731,12,10
27.316968,12,11
succeed
0.0,0.0,0.053333,0.0,0.066459,0.0,0.0,0.053333,0.026667,0.0,0.026667,0.460155
0.027832,0.0,14.26568,4.119715,28.993475,12.410864,1.637557,12.200789,4.635136,0.052808,7.243499,26.789208
0.026667,10.4146,0.0,7.531435,15.238107,46.972248,8.009645,30.245899,8.547792,0.865339,7.274117,32.33888
0.165547,5.915,42.170416,0.0,24.440541,24.437819,21.099789,9.286805,13.788699,7.466336,9.548235,31.003803
2.531893,5.898491,5.113227,1.507219,0.0,3.111227,0.728733,2.127704,2.193523,0.0,0.507603,7.021229
0.106027,11.498995,34.282877,12.589315,2.302176,0.0,1.151125,19.580115,5.208664,1.981053,9.910821,11.910904
0.0,3.464067,11.031469,3.645813,2.851333,10.170453,0.0,4.146053,1.305179,2.071157,2.689048,15.928944
0.061448,14.278467,40.842837,7.721768,4.979283,12.876997,4.160493,0.0,25.452531,18.523904,17.547653,17.428917
0.081467,15.070051,20.571376,20.794725,6.595963,7.456904,5.684381,57.616507,0.0,1.61168,13.572291,46.294755
0.0,0.651947,0.350253,4.578528,0.026667,0.170523,0.0,28.694269,0.337595,0.0,36.516477,0.097725
0.0,9.03984,12.90284,2.874651,3.555205,6.190312,3.069979,13.015909,9.494149,4.841832,0.0,3.121187
0.197944,91.270205,53.605499,49.625464,22.511925,35.840368,11.719024,38.570547,108.569157,0.648731,27.316968,0.0
