3079.053413
0.274768,1,2
0.148085,1,3
1.094243,1,5
1.881373,1,6
0.632189,1,7
1.047357,1,9
1.106792,1,12
18.180173,2,3
0.053333,2,4
35.65376,2,5
24.77868,2,6
6.10632,2,7
0.0312,2,8
15.749973,2,9
1.651283,2,11
50.138021,2,12
69.196037,3,2
28.916035,3,4
86.050091,3,5
42.602741,3,6
12.946309,3,7
0.08,3,8
42.581381,3,9
0.053333,3,10
1.090085,3,11
35.963677,3,12
8.900653,4,2
50.363941,4,3
30.817128,4,5
27.360923,4,6
15.571037,4,7
15.726805,4,9
11.052603,4,10
0.536515,4,11
43.165541,4,12
35.791203,5,2
1.608128,5,3
0.053333,5,4
0.070283,5,6
0.026667,5,7
0.026667,5,8
5.579139,5,9
0.173155,5,10
0.128691,5,11
97.770611,5,12
25.105891,6,2
125.872915,6,3
12.961125,6,4
56.195885,6,5
11.974357,6,7
69.013749,6,9
0.16492,6,10
5.634864,6,11
42.765253,6,12
3.593107,7,2
24.420515,7,3
5.436835,7,4
12.481059,7,5
17.763789,7,6
0.093621,7,8
13.345661,7,9
0.165541,7,11
17.302256,7,12
28.796784,8,2
17.216771,8,3
14.180837,8,4
163.919125,8,5
0.224651,8,6
0.534323,8,7
69.861616,8,9
8.588067,8,10
21.545213,8,11
89.848437,8,12
37.988709,9,2
75.666907,9,3
40.142064,9,4
104.686021,9,5
57.7374,9,6
19.661016,9,7
0.053333,9,8
0.053333,9,10
2.077272,9,11
134.651461,9,12
0.531381,10,2
0.329509,10,3
1.631616,10,4
2.934968,10,5
4.107309,10,7
42.738755,10,8
2.720024,10,9
47.215411,10,11
0.267389,10,12
13.144552,11,2
0.783096,11,3
4.340373,11,4
38.440421,11,5
0.122427,11,6
4.372275,11,7
23.206037,11,8
5.846651,11,9
17.91092,11,10
11.573149,11,12
101.226624,12,2
99.426712,12,3
10.387771,12,4
227.216104,12,5
79.626381,12,6
14.284387,12,7
0.053333,12,8
162.370456,12,9
0.053333,12,10
7.737104,12,11
succeed
0.0,0.274768,0.148085,0.0,1.094243,1.881373,0.632189,0.0,1.047357,0.0,0.0,1.106792
0.0,0.0,18.180173,0.053333,35.65376,24.77868,6.10632,0.0312,15.749973,0.0,1.651283,50.138021
0.0,69.196037,0.0,28.916035,86.050091,42.602741,12.946309,0.08,42.581381,0.053333,1.090085,35.963677
0.0,8.900653,50.363941,0.0,30.817128,27.360923,15.571037,0.0,15.726805,11.052603,0.536515,43.165541
0.0,35.791203,1.608128,0.053333,0.0,0.070283,0.026667,0.026667,5.579139,0.173155,0.128691,97.770611
0.0,25.105891,125.872915,12.961125,56.195885,0.0,11.974357,0.0,69.013749,0.16492,5.634864,42.765253
0.0,3.593107,24.420515,5.436835,12.481059,17.763789,0.0,0.093621,13.345661,0.0,0.165541,17.302256
0.0,28.796784,17.216771,14.180837,163.919125,0.224651,0.534323,0.0,69.861616,8.588067,21.545213,89.848437
0.0,37.988709,75.666907,40.142064,104.686021,57.7374,19.661016,0.053333,0.0,0.053333,2.077272,134.651461
0.0,0.531381,0.329509,1.631616,2.934968,0.0,4.107309,42.738755,2.720024,0.0,47.215411,0.267389
0.0,13.144552,0.783096,4.340373,38.440421,0.122427,4.372275,23.206037,5.846651,17.91092,0.0,11.573149
0.0,101.226624,99.426712,10.387771,227.216104,79.626381,14.284387,0.053333,162.370456,0.053333,7.737104,0.0
