3814.6712230000003
0.216603,1,2
1.395395,1,3
0.154707,1,4
0.220371,1,5
0.834411,1,6
0.743123,1,7
0.111393,1,8
1.510747,1,9
0.031393,1,10
0.9878,1,11
3.481691,1,12
0.772363,2,1
20.376029,2,3
2.095155,2,4
4.611912,2,5
24.67096,2,6
3.517504,2,7
19.961607,2,8
20.966827,2,9
0.861249,2,10
20.092773,2,11
105.311965,2,12
0.617955,3,1
51.213376,3,2
10.131752,3,4
10.906733,3,5
65.157744,3,6
17.401189,3,7
29.570968,3,8
19.717203,3,9
5.007184,3,10
42.771821,3,11
82.626824,3,12
0.364736,4,1
6.027035,4,2
56.631976,4,3
14.083773,4,5
12.480989,4,6
21.62248,4,7
8.437941,4,8
7.939355,4,9
33.537427,4,10
17.710192,4,11
23.19352,4,12
2.759555,5,1
10.443251,5,2
26.584275,5,3
3.514368,5,4
8.653043,5,6
7.873571,5,7
3.879173,5,8
10.950344,5,9
0.324507,5,10
11.09328,5,11
8.554184,5,12
1.331592,6,1
19.426128,6,2
117.230979,6,3
4.490421,6,4
17.462733,6,5
7.95068,6,7
23.502045,6,8
30.053624,6,9
0.650253,6,10
35.4236,6,11
39.506576,6,12
0.103397,7,1
6.377979,7,2
39.814923,7,3
9.747045,7,4
6.715979,7,5
14.659131,7,6
3.471957,7,8
9.546613,7,9
5.911552,7,10
13.543195,7,11
19.564709,7,12
2.083403,8,1
21.680149,8,2
115.373987,8,3
10.007685,8,4
3.543901,8,5
18.320957,8,6
6.676931,8,7
51.465621,8,9
17.844488,8,10
59.660413,8,11
89.299704,8,12
2.45728,9,1
45.844283,9,2
47.019029,9,3
13.726461,9,4
18.218667,9,5
45.324995,9,6
17.236536,9,7
56.764704,9,8
3.224,9,10
40.013749,9,11
133.803,9,12
0.026667,10,2
0.161475,10,3
0.730216,10,4
0.137496,10,5
1.575384,10,6
0.026667,10,7
12.441328,10,8
0.131509,10,9
21.465592,10,11
1.966781,10,12
3.712984,11,1
84.098605,11,2
177.953189,11,3
33.717717,11,4
56.598395,11,5
157.808883,11,6
98.10924,11,7
52.441832,11,8
35.488219,11,9
5.718603,11,10
140.221755,11,12
6.346965,12,1
102.67944,12,2
145.846357,12,3
61.551528,12,4
29.547848,12,5
81.157064,12,6
22.464984,12,7
100.389232,12,8
199.722347,12,9
1.829901,12,10
67.820264,12,11
succeed
0.0,0.216603,1.395395,0.154707,0.220371,0.834411,0.743123,0.111393,1.510747,0.031393,0.9878,3.481691
0.772363,0.0,20.376029,2.095155,4.611912,24.67096,3.517504,19.961607,20.966827,0.861249,20.092773,105.311965
0.617955,51.213376,0.0,10.131752,10.906733,65.157744,17.401189,29.570968,19.717203,5.007184,42.771821,82.626824
0.364736,6.027035,56.631976,0.0,14.083773,12.480989,21.62248,8.437941,7.939355,33.537427,17.710192,23.19352
2.759555,10.443251,26.584275,3.514368,0.0,8.653043,7.873571,3.879173,10.950344,0.324507,11.09328,8.554184
1.331592,19.426128,117.230979,4.490421,17.462733,0.0,7.95068,23.502045,30.053624,0.650253,35.4236,39.506576
0.103397,6.377979,39.814923,9.747045,6.715979,14.659131,0.0,3.471957,9.546613,5.911552,13.543195,19.564709
2.083403,21.680149,115.373987,10.007685,3.543901,18.320957,6.676931,0.0,51.465621,17.844488,59.660413,89.299704
2.45728,45.844283,47.019029,13.726461,18.218667,45.324995,17.236536,56.764704,0.0,3.224,40.013749,133.803
0.0,0.026667,0.161475,0.730216,0.137496,1.575384,0.026667,12.441328,0.131509,0.0,21.465592,1.966781
3.712984,84.098605,177.953189,33.717717,56.598395,157.808883,98.10924,52.441832,35.488219,5.718603,0.0,140.221755
6.346965,102.67944,145.846357,61.551528,29.547848,81.157064,22.464984,100.389232,199.722347,1.829901,67.820264,0.0
