1786.604701
0.026667,1,2
0.155205,1,3
0.087563,1,4
0.034445,1,5
0.108429,1,7
0.241781,1,8
0.926589,1,9
0.092053,1,11
0.106667,1,12
0.137056,2,1
4.345016,2,3
5.741291,2,4
49.176427,2,5
12.421928,2,6
0.323091,2,7
15.035113,2,8
1.735229,2,9
0.122004,2,10
3.816197,2,11
18.047837,2,12
0.330347,3,1
12.389672,3,2
5.883139,3,4
27.791808,3,5
42.464208,3,6
7.675736,3,7
24.285912,3,8
17.143125,3,9
0.601557,3,10
5.873301,3,11
16.967461,3,12
0.15696,4,1
4.497963,4,2
51.582411,4,3
22.908733,4,5
24.739261,4,6
18.799757,4,7
17.262149,4,8
14.791624,4,9
10.450571,4,10
12.979341,4,11
43.028845,4,12
1.476267,5,1
2.242163,5,2
8.271576,5,3
0.720672,5,4
2.883373,5,6
0.670125,5,7
2.643917,5,8
2.375277,5,9
1.041288,5,11
2.271656,5,12
0.072835,6,1
8.698504,6,2
24.010629,6,3
6.045981,6,4
8.574821,6,5
6.444261,6,7
11.399107,6,8
8.361336,6,9
0.370795,6,10
9.869379,6,11
12.766104,6,12
0.365552,7,1
1.630933,7,2
7.571749,7,3
7.482205,7,4
3.168984,7,5
12.737784,7,6
3.710181,7,8
1.34264,7,9
2.281992,7,10
3.216693,7,11
9.009432,7,12
14.270677,8,2
66.894125,8,3
8.754883,8,4
8.753203,8,5
9.387947,8,6
7.52268,8,7
15.963661,8,9
22.242917,8,10
23.224032,8,11
66.224616,8,12
0.954288,9,1
17.54272,9,2
14.976779,9,3
20.487368,9,4
5.330779,9,5
14.424475,9,6
7.933763,9,7
50.911707,9,8
0.683763,9,10
13.586293,9,11
25.518624,9,12
0.026667,10,2
5.391515,10,4
0.149739,10,6
0.053333,10,7
36.935536,10,8
0.327691,10,9
46.472224,10,11
0.026667,11,1
5.918299,11,2
12.261024,11,3
0.636499,11,4
3.557299,11,5
2.244163,11,6
3.246325,11,7
9.521445,11,8
4.870504,11,9
1.920579,11,10
2.57648,11,12
1.942381,12,1
78.653245,12,2
64.271613,12,3
47.544192,12,4
37.247013,12,5
61.052208,12,6
12.777051,12,7
108.832917,12,8
132.593389,12,9
0.792472,12,10
20.160251,12,11
succeed
0.0,0.026667,0.155205,0.087563,0.034445,0.0,0.108429,0.241781,0.926589,0.0,0.092053,0.106667
0.137056,0.0,4.345016,5.741291,49.176427,12.421928,0.323091,15.035113,1.735229,0.122004,3.816197,18.047837
0.330347,12.389672,0.0,5.883139,27.791808,42.464208,7.675736,24.285912,17.143125,0.601557,5.873301,16.967461
0.15696,4.497963,51.582411,0.0,22.908733,24.739261,18.799757,17.262149,14.791624,10.450571,12.979341,43.028845
1.476267,2.242163,8.271576,0.720672,0.0,2.883373,0.670125,2.643917,2.375277,0.0,1.041288,2.271656
0.072835,8.698504,24.010629,6.045981,8.574821,0.0,6.444261,11.399107,8.361336,0.370795,9.869379,12.766104
0.365552,1.630933,7.571749,7.482205,3.168984,12.737784,0.0,3.710181,1.34264,2.281992,3.216693,9.009432
0.0,14.270677,66.894125,8.754883,8.753203,9.387947,7.52268,0.0,15.963661,22.242917,23.224032,66.224616
0.954288,17.54272,14.976779,20.487368,5.330779,14.424475,7.933763,50.911707,0.0,0.683763,13.586293,25.518624
0.0,0.026667,0.0,5.391515,0.0,0.149739,0.053333,36.935536,0.327691,0.0,46.472224,0.0
0.026667,5.918299,12.261024,0.636499,3.557299,2.244163,3.246325,9.521445,4.870504,1.920579,0.0,2.57648
1.942381,78.653245,64.271613,47.544192,37.247013,61.052208,12.777051,108.832917,132.593389,0.792472,20.160251,0.0
