3838.923562
0.179843,1,2
1.715939,1,3
0.408427,1,4
0.54108,1,5
0.79268,1,6
0.388693,1,7
2.424009,1,8
2.416523,1,9
0.390508,1,10
0.08,1,11
1.607472,1,12
0.608731,2,1
21.500837,2,3
7.009776,2,4
6.246357,2,5
32.202603,2,6
12.322056,2,7
18.051247,2,8
19.681115,2,9
2.977239,2,10
9.251227,2,11
76.425056,2,12
1.604709,3,1
22.719077,3,2
26.45016,3,4
28.523053,3,5
61.551232,3,6
34.073467,3,7
42.088557,3,8
27.478507,3,9
11.283152,3,10
21.683331,3,11
36.846757,3,12
0.16024,4,1
10.292992,4,2
69.121771,4,3
17.735317,4,5
33.88916,4,6
16.118629,4,7
6.879659,4,8
21.423925,4,9
12.025403,4,10
7.881669,4,11
55.342856,4,12
2.934533,5,1
5.851411,5,2
39.507915,5,3
5.900624,5,4
8.261904,5,6
5.941333,5,7
7.670443,5,8
9.937944,5,9
3.431627,5,10
3.152613,5,11
14.255077,5,12
0.398323,6,1
33.496587,6,2
117.757381,6,3
47.789371,6,4
13.768165,6,5
13.089669,6,7
122.594131,6,8
49.127221,6,9
6.146976,6,10
13.718008,6,11
44.979307,6,12
0.276336,7,1
19.00112,7,2
42.905587,7,3
14.615005,7,4
3.548923,7,5
33.722728,7,6
4.373181,7,8
14.629629,7,9
2.619584,7,10
6.224835,7,11
11.313741,7,12
1.272672,8,1
34.865949,8,2
154.018397,8,3
15.336712,8,4
15.694805,8,5
61.809373,8,6
13.898752,8,7
81.006888,8,9
15.971269,8,10
22.652845,8,11
54.124083,8,12
3.372029,9,1
47.371331,9,2
110.755811,9,3
43.234427,9,4
31.200528,9,5
75.673061,9,6
33.021005,9,7
73.788411,9,8
13.848653,9,10
46.97332,9,11
121.594051,9,12
0.506757,10,2
7.284096,10,3
12.395555,10,4
1.744432,10,5
2.101952,10,6
2.381877,10,7
40.776933,10,8
2.031933,10,9
62.344171,10,11
1.419099,10,12
0.657085,11,1
17.681779,11,2
72.62028,11,3
9.501611,11,4
9.911485,11,5
22.313717,11,6
8.090709,11,7
23.589933,11,8
20.240163,11,9
14.100501,11,10
18.564421,11,12
2.594925,12,1
152.470645,12,2
189.603997,12,3
92.119557,12,4
38.504157,12,5
54.036592,12,6
42.314763,12,7
90.702883,12,8
196.118685,12,9
13.894837,12,10
39.483387,12,11
succeed
0.0,0.179843,1.715939,0.408427,0.54108,0.79268,0.388693,2.424009,2.416523,0.390508,0.08,1.607472
0.608731,0.0,21.500837,7.009776,6.246357,32.202603,12.322056,18.051247,19.681115,2.977239,9.251227,76.425056
1.604709,22.719077,0.0,26.45016,28.523053,61.551232,34.073467,42.088557,27.478507,11.283152,21.683331,36.846757
0.16024,10.292992,69.121771,0.0,17.735317,33.88916,16.118629,6.879659,21.423925,12.025403,7.881669,55.342856
2.934533,5.851411,39.507915,5.900624,0.0,8.261904,5.941333,7.670443,9.937944,3.431627,3.152613,14.255077
0.398323,33.496587,117.757381,47.789371,13.768165,0.0,13.089669,122.594131,49.127221,6.146976,13.718008,44.979307
0.276336,19.00112,42.905587,14.615005,3.548923,33.722728,0.0,4.373181,14.629629,2.619584,6.224835,11.313741
1.272672,34.865949,154.018397,15.336712,15.694805,61.809373,13.898752,0.0,81.006888,15.971269,22.652845,54.124083
3.372029,47.371331,110.755811,43.234427,31.200528,75.673061,33.021005,73.788411,0.0,13.848653,46.97332,121.594051
0.0,0.506757,7.284096,12.395555,1.744432,2.101952,2.381877,40.776933,2.031933,0.0,62.344171,1.419099
0.657085,17.681779,72.62028,9.501611,9.911485,22.313717,8.090709,23.589933,20.240163,14.100501,0.0,18.564421
2.594925,152.470645,189.603997,92.119557,38.504157,54.036592,42.314763,90.702883,196.118685,13.894837,39.483387,0.0
