3556.4139020000002
0.382021,1,2
1.306251,1,3
2.144915,1,5
1.022349,1,6
0.19904,1,7
0.657917,1,9
0.026667,1,11
2.008147,1,12
35.691715,2,3
0.056813,2,4
98.375731,2,5
46.406205,2,6
5.606744,2,7
0.026667,2,8
21.25636,2,9
0.053333,2,10
0.698232,2,11
44.215109,2,12
41.66204,3,2
27.456211,3,4
114.948992,3,5
85.192699,3,6
19.84648,3,7
0.083371,3,8
113.127568,3,9
0.053333,3,10
2.401816,3,11
58.731229,3,12
6.830528,4,2
36.991008,4,3
41.266467,4,5
32.097901,4,6
14.212995,4,7
0.028,4,8
41.190784,4,9
9.394907,4,10
0.431459,4,11
38.550515,4,12
37.221907,5,2
3.240211,5,3
0.119595,5,6
0.026667,5,8
5.728211,5,9
0.026667,5,10
0.053333,5,11
111.088739,5,12
23.790616,6,2
99.641584,6,3
21.610651,6,4
51.534581,6,5
16.679461,6,7
0.053333,6,8
106.685507,6,9
0.088784,6,10
2.489333,6,11
28.379112,6,12
6.694611,7,2
14.528528,7,3
10.722979,7,4
18.758211,7,5
11.517835,7,6
0.028219,7,8
21.305379,7,9
0.08,7,11
12.604493,7,12
26.635064,8,2
7.104864,8,3
13.713795,8,4
143.223669,8,5
0.167397,8,6
0.293848,8,7
107.247747,8,9
13.640096,8,10
23.386091,8,11
95.622211,8,12
38.114325,9,2
103.645485,9,3
46.800563,9,4
135.513456,9,5
60.882384,9,6
21.165851,9,7
7.151757,9,8
0.026667,9,10
10.204389,9,11
154.723936,9,12
5.734656,10,2
5.786059,10,4
6.731781,10,5
0.039784,10,6
1.12588,10,7
36.548645,10,8
8.138368,10,9
47.931211,10,11
2.383867,10,12
10.770608,11,2
1.173403,11,3
6.630619,11,4
40.94916,11,5
0.552651,11,6
4.865451,11,7
22.968944,11,8
50.455333,11,9
11.029691,11,10
31.072725,11,12
83.175067,12,2
93.049976,12,3
6.397333,12,4
296.028427,12,5
50.253488,12,6
22.937848,12,7
0.08,12,8
145.702701,12,9
0.120856,12,10
5.184709,12,11
succeed
0.0,0.382021,1.306251,0.0,2.144915,1.022349,0.19904,0.0,0.657917,0.0,0.026667,2.008147
0.0,0.0,35.691715,0.056813,98.375731,46.406205,5.606744,0.026667,21.25636,0.053333,0.698232,44.215109
0.0,41.66204,0.0,27.456211,114.948992,85.192699,19.84648,0.083371,113.127568,0.053333,2.401816,58.731229
0.0,6.830528,36.991008,0.0,41.266467,32.097901,14.212995,0.028,41.190784,9.394907,0.431459,38.550515
0.0,37.221907,3.240211,0.0,0.0,0.119595,0.0,0.026667,5.728211,0.026667,0.053333,111.088739
0.0,23.790616,99.641584,21.610651,51.534581,0.0,16.679461,0.053333,106.685507,0.088784,2.489333,28.379112
0.0,6.694611,14.528528,10.722979,18.758211,11.517835,0.0,0.028219,21.305379,0.0,0.08,12.604493
0.0,26.635064,7.104864,13.713795,143.223669,0.167397,0.293848,0.0,107.247747,13.640096,23.386091,95.622211
0.0,38.114325,103.645485,46.800563,135.513456,60.882384,21.165851,7.151757,0.0,0.026667,10.204389,154.723936
0.0,5.734656,0.0,5.786059,6.731781,0.039784,1.12588,36.548645,8.138368,0.0,47.931211,2.383867
0.0,10.770608,1.173403,6.630619,40.94916,0.552651,4.865451,22.968944,50.455333,11.029691,0.0,31.072725
0.0,83.175067,93.049976,6.397333,296.028427,50.253488,22.937848,0.08,145.702701,0.120856,5.184709,0.0
