1775.600975
0.655136,1,3
0.026667,1,5
0.026667,1,6
0.026667,1,7
0.698771,1,8
0.029144,1,9
0.026667,1,11
0.574,1,12
0.055547,2,1
6.797333,2,3
4.660907,2,4
0.928776,2,5
15.865339,2,6
1.352469,2,7
10.711955,2,8
2.528579,2,9
0.308648,2,10
7.188451,2,11
29.593261,2,12
1.213597,3,1
11.868219,3,2
18.590645,3,4
5.782003,3,5
18.822112,3,6
22.633133,3,7
30.02196,3,8
10.837677,3,9
2.528357,3,10
9.070568,3,11
33.485272,3,12
0.07584,4,1
1.359784,4,2
36.807051,4,3
17.850579,4,5
44.226832,4,6
20.187755,4,7
32.749917,4,8
11.263003,4,9
6.260515,4,10
13.457256,4,11
41.017416,4,12
1.490067,5,1
1.904013,5,2
4.910712,5,3
0.977664,5,4
1.433976,5,6
1.017616,5,7
34.914037,5,8
4.433141,5,9
0.779325,5,11
7.947739,5,12
0.026667,6,1
10.730291,6,2
35.788275,6,3
26.873704,6,4
0.809176,6,5
4.422544,6,7
13.881227,6,8
24.752819,6,9
0.175203,6,10
13.582003,6,11
16.222928,6,12
2.786104,7,2
8.086997,7,3
10.996584,7,4
3.289512,7,5
12.672376,7,6
4.280339,7,8
2.758387,7,9
2.641507,7,10
3.198733,7,11
11.823184,7,12
0.112085,8,1
15.134099,8,2
43.969563,8,3
25.459984,8,4
5.053709,8,5
13.261525,8,6
5.321584,8,7
30.719035,8,9
11.706483,8,10
20.978227,8,11
16.017872,8,12
1.567488,9,1
9.608496,9,2
13.71416,9,3
23.851771,9,4
13.403125,9,5
12.032221,9,6
7.507632,9,7
66.001365,9,8
1.837808,9,10
7.179048,9,11
61.8968,9,12
0.053333,10,2
2.558603,10,4
0.026667,10,5
0.318205,10,6
37.262227,10,8
0.392813,10,9
28.697893,10,11
0.053333,10,12
0.208424,11,1
9.097899,11,2
13.366803,11,3
5.370133,11,4
2.756197,11,5
7.124371,11,6
7.293789,11,7
14.790739,11,8
5.012493,11,9
3.114627,11,10
5.790016,11,12
0.938253,12,1
99.731469,12,2
59.490736,12,3
71.808923,12,4
16.344613,12,5
27.03084,12,6
24.270507,12,7
40.310133,12,8
110.578979,12,9
1.178368,12,10
32.524184,12,11
succeed
0.0,0.0,0.655136,0.0,0.026667,0.026667,0.026667,0.698771,0.029144,0.0,0.026667,0.574
0.055547,0.0,6.797333,4.660907,0.928776,15.865339,1.352469,10.711955,2.528579,0.308648,7.188451,29.593261
1.213597,11.868219,0.0,18.590645,5.782003,18.822112,22.633133,30.02196,10.837677,2.528357,9.070568,33.485272
0.07584,1.359784,36.807051,0.0,17.850579,44.226832,20.187755,32.749917,11.263003,6.260515,13.457256,41.017416
1.490067,1.904013,4.910712,0.977664,0.0,1.433976,1.017616,34.914037,4.433141,0.0,0.779325,7.947739
0.026667,10.730291,35.788275,26.873704,0.809176,0.0,4.422544,13.881227,24.752819,0.175203,13.582003,16.222928
0.0,2.786104,8.086997,10.996584,3.289512,12.672376,0.0,4.280339,2.758387,2.641507,3.198733,11.823184
0.112085,15.134099,43.969563,25.459984,5.053709,13.261525,5.321584,0.0,30.719035,11.706483,20.978227,16.017872
1.567488,9.608496,13.71416,23.851771,13.403125,12.032221,7.507632,66.001365,0.0,1.837808,7.179048,61.8968
0.0,0.053333,0.0,2.558603,0.026667,0.318205,0.0,37.262227,0.392813,0.0,28.697893,0.053333
0.208424,9.097899,13.366803,5.370133,2.756197,7.124371,7.293789,14.790739,5.012493,3.114627,0.0,5.790016
0.938253,99.731469,59.490736,71.808923,16.344613,27.03084,24.270507,40.310133,110.578979,1.178368,32.524184,0.0
