8309.752480000001
0.550259,1,2
0.780232,1,3
1.649016,1,5
1.28776,1,6
0.307093,1,7
1.8392,1,9
2.846797,1,12
47.21552,2,3
0.421853,2,4
78.772429,2,5
34.531915,2,6
10.865901,2,7
0.096123,2,8
24.56988,2,9
0.316107,2,10
0.85336,2,11
77.555107,2,12
64.162885,3,2
27.800331,3,4
3972.698133,3,5
92.16424,3,6
23.250275,3,7
0.142304,3,8
42.90476,3,9
0.433152,3,10
1.8324,3,11
58.952149,3,12
23.081597,4,2
50.289973,4,3
64.808531,4,5
42.205157,4,6
29.400072,4,7
0.035005,4,8
20.345637,4,9
16.34124,4,10
0.466195,4,11
71.421456,4,12
61.243512,5,2
3.126339,5,3
0.059528,5,4
0.08,5,6
0.08,5,7
0.026667,5,8
9.209133,5,9
0.026667,5,10
0.287293,5,11
108.979365,5,12
27.899509,6,2
150.530787,6,3
29.670341,6,4
100.707555,6,5
30.313763,6,7
0.083547,6,8
91.499488,6,9
0.719499,6,10
1.205224,6,11
52.740077,6,12
9.390795,7,2
45.603771,7,3
18.343003,7,4
25.21764,7,5
21.315501,7,6
0.053333,7,8
14.82988,7,9
0.05688,7,10
0.358976,7,11
17.240651,7,12
32.389376,8,2
23.771072,8,3
40.97676,8,4
243.541424,8,5
1.146224,8,6
0.772456,8,7
101.990925,8,9
35.855827,8,10
38.994011,8,11
94.940389,8,12
62.097056,9,2
92.070096,9,3
52.793533,9,4
195.045467,9,5
128.037547,9,6
37.257888,9,7
0.372131,9,8
0.481989,9,10
4.827661,9,11
191.601448,9,12
2.672437,10,2
0.186667,10,3
9.678461,10,4
11.034085,10,5
0.026667,10,6
1.832469,10,7
39.823949,10,8
8.915992,10,9
52.052947,10,11
2.987056,10,12
17.291909,11,2
4.455739,11,3
7.72668,11,4
64.199051,11,5
0.909403,11,6
10.950893,11,7
28.529203,11,8
22.600403,11,9
9.725112,11,10
20.773755,11,12
131.231965,12,2
132.418469,12,3
0.886888,12,4
269.24552,12,5
105.64444,12,6
37.803955,12,7
0.220837,12,8
217.617909,12,9
0.437171,12,10
10.8164,12,11
succeed
0.0,0.550259,0.780232,0.0,1.649016,1.28776,0.307093,0.0,1.8392,0.0,0.0,2.846797
0.0,0.0,47.21552,0.421853,78.772429,34.531915,10.865901,0.096123,24.56988,0.316107,0.85336,77.555107
0.0,64.162885,0.0,27.800331,3972.698133,92.16424,23.250275,0.142304,42.90476,0.433152,1.8324,58.952149
0.0,23.081597,50.289973,0.0,64.808531,42.205157,29.400072,0.035005,20.345637,16.34124,0.466195,71.421456
0.0,61.243512,3.126339,0.059528,0.0,0.08,0.08,0.026667,9.209133,0.026667,0.287293,108.979365
0.0,27.899509,150.530787,29.670341,100.707555,0.0,30.313763,0.083547,91.499488,0.719499,1.205224,52.740077
0.0,9.390795,45.603771,18.343003,25.21764,21.315501,0.0,0.053333,14.82988,0.05688,0.358976,17.240651
0.0,32.389376,23.771072,40.97676,243.541424,1.146224,0.772456,0.0,101.990925,35.855827,38.994011,94.940389
0.0,62.097056,92.070096,52.793533,195.045467,128.037547,37.257888,0.372131,0.0,0.481989,4.827661,191.601448
0.0,2.672437,0.186667,9.678461,11.034085,0.026667,1.832469,39.823949,8.915992,0.0,52.052947,2.987056
0.0,17.291909,4.455739,7.72668,64.199051,0.909403,10.950893,28.529203,22.600403,9.725112,0.0,20.773755
0.0,131.231965,132.418469,0.886888,269.24552,105.64444,37.803955,0.220837,217.617909,0.437171,10.8164,0.0
