2891.757605
0.310565,1,2
1.864379,1,3
0.976723,1,4
0.124309,1,5
1.138667,1,6
0.44544,1,7
1.073785,1,8
1.921347,1,9
0.205423,1,10
0.468648,1,11
2.009288,1,12
1.492373,2,1
18.759667,2,3
4.743139,2,4
16.538229,2,5
20.961957,2,6
7.327771,2,7
20.495583,2,8
19.209419,2,9
0.245532,2,10
14.206411,2,11
40.066203,2,12
2.099077,3,1
65.805307,3,2
10.654272,3,4
25.565504,3,5
85.122469,3,6
31.166888,3,7
34.791088,3,8
50.020403,3,9
9.116133,3,10
22.301584,3,11
34.825901,3,12
0.127003,4,1
7.348387,4,2
37.111227,4,3
16.067283,4,5
16.670219,4,6
20.615965,4,7
14.438837,4,8
13.775632,4,9
10.754165,4,10
30.220493,4,11
24.881272,4,12
1.704853,5,1
9.960024,5,2
21.966691,5,3
2.794965,5,4
11.140192,5,6
12.943872,5,7
5.310141,5,8
5.762824,5,9
0.053333,5,10
8.342376,5,11
14.664915,5,12
0.506011,6,1
15.266128,6,2
75.646581,6,3
15.829283,6,4
7.051723,6,5
11.509939,6,7
21.855104,6,8
26.3676,6,9
2.943107,6,10
22.755963,6,11
26.236131,6,12
0.519493,7,1
6.853637,7,2
22.641549,7,3
9.736331,7,4
3.539749,7,5
21.108784,7,6
5.655939,7,8
8.821664,7,9
2.155899,7,10
10.792592,7,11
19.258149,7,12
0.746064,8,1
22.936035,8,2
70.815552,8,3
10.996256,8,4
6.754917,8,5
21.964245,8,6
5.263501,8,7
38.562523,8,9
20.546315,8,10
52.284888,8,11
59.384373,8,12
12.171392,9,1
39.199104,9,2
41.985352,9,3
30.417824,9,4
19.232139,9,5
44.968336,9,6
19.951339,9,7
72.976429,9,8
5.550933,9,10
33.340592,9,11
150.435219,9,12
0.723563,10,2
0.16,10,3
7.458128,10,4
0.481141,10,6
0.026667,10,7
33.568765,10,8
0.285757,10,9
21.770405,10,11
0.08,10,12
1.531989,11,1
30.962131,11,2
38.118675,11,3
18.458987,11,4
22.730523,11,5
44.220269,11,6
19.845035,11,7
59.586488,11,8
23.120304,11,9
4.49248,11,10
40.854483,11,12
4.471072,12,1
68.850832,12,2
85.01536,12,3
37.795971,12,4
21.320104,12,5
56.999283,12,6
17.902723,12,7
102.419848,12,8
138.382171,12,9
2.314683,12,10
37.566931,12,11
succeed
0.0,0.310565,1.864379,0.976723,0.124309,1.138667,0.44544,1.073785,1.921347,0.205423,0.468648,2.009288
1.492373,0.0,18.759667,4.743139,16.538229,20.961957,7.327771,20.495583,19.209419,0.245532,14.206411,40.066203
2.099077,65.805307,0.0,10.654272,25.565504,85.122469,31.166888,34.791088,50.020403,9.116133,22.301584,34.825901
0.127003,7.348387,37.111227,0.0,16.067283,16.670219,20.615965,14.438837,13.775632,10.754165,30.220493,24.881272
1.704853,9.960024,21.966691,2.794965,0.0,11.140192,12.943872,5.310141,5.762824,0.053333,8.342376,14.664915
0.506011,15.266128,75.646581,15.829283,7.051723,0.0,11.509939,21.855104,26.3676,2.943107,22.755963,26.236131
0.519493,6.853637,22.641549,9.736331,3.539749,21.108784,0.0,5.655939,8.821664,2.155899,10.792592,19.258149
0.746064,22.936035,70.815552,10.996256,6.754917,21.964245,5.263501,0.0,38.562523,20.546315,52.284888,59.384373
12.171392,39.199104,41.985352,30.417824,19.232139,44.968336,19.951339,72.976429,0.0,5.550933,33.340592,150.435219
0.0,0.723563,0.16,7.458128,0.0,0.481141,0.026667,33.568765,0.285757,0.0,21.770405,0.08
1.531989,30.962131,38.118675,18.458987,22.730523,44.220269,19.845035,59.586488,23.120304,4.49248,0.0,40.854483
4.471072,68.850832,85.01536,37.795971,21.320104,56.999283,17.902723,102.419848,138.382171,2.314683,37.566931,0.0
