1938.246015
0.158027,1,3
0.026667,1,4
0.08,1,5
0.217443,1,8
0.053333,1,9
0.013333,1,10
0.053333,1,11
0.291373,1,12
0.053333,2,1
2.436661,2,3
7.072523,2,4
1.332536,2,5
19.376179,2,6
1.069597,2,7
14.973549,2,8
2.943595,2,9
0.073083,2,10
3.496104,2,11
42.383803,2,12
0.985552,3,1
3.085587,3,2
4.519219,3,4
4.571872,3,5
11.548907,3,6
7.301093,3,7
41.708973,3,8
2.518931,3,9
0.262304,3,10
4.815781,3,11
11.684688,3,12
0.360224,4,1
1.579768,4,2
59.053611,4,3
16.757195,4,5
29.708405,4,6
27.569992,4,7
13.309504,4,8
36.215656,4,9
23.118285,4,10
10.181968,4,11
31.109549,4,12
1.004144,5,1
16.390293,5,2
16.040131,5,3
0.816005,5,4
0.776288,5,6
0.9168,5,7
7.763693,5,8
1.377803,5,9
1.29444,5,11
1.708152,5,12
0.026667,6,1
15.101973,6,2
57.613621,6,3
4.604059,6,4
22.36052,6,5
2.107723,6,7
23.475843,6,8
16.076539,6,9
0.403952,6,10
14.368651,6,11
11.531848,6,12
1.237203,7,2
19.941251,7,3
8.03552,7,4
3.776757,7,5
10.144045,7,6
3.001157,7,8
2.121752,7,9
1.877507,7,10
2.524075,7,11
7.389925,7,12
0.035619,8,1
7.022221,8,2
118.61816,8,3
10.26436,8,4
7.975517,8,5
28.303885,8,6
1.602819,8,7
53.057429,8,9
15.222003,8,10
39.043699,8,11
16.523507,8,12
0.257509,9,1
16.205947,9,2
7.763032,9,3
27.862947,9,4
3.199851,9,5
13.829544,9,6
5.845477,9,7
74.298747,9,8
1.651259,9,10
17.141293,9,11
76.096664,9,12
0.08,10,2
0.026667,10,3
1.782848,10,4
0.068715,10,5
0.226789,10,6
31.238443,10,8
0.279296,10,9
23.764971,10,11
0.026667,10,12
6.843981,11,2
31.632715,11,3
2.266133,11,4
0.782819,11,5
7.451019,11,6
2.982336,11,7
17.435437,11,8
15.0078,11,9
10.770664,11,10
18.309536,11,12
0.106667,12,1
90.263789,12,2
55.859315,12,3
49.611376,12,4
29.380283,12,5
48.76484,12,6
17.647661,12,7
61.929568,12,8
130.178499,12,9
0.630203,12,10
27.195616,12,11
succeed
0.0,0.0,0.158027,0.026667,0.08,0.0,0.0,0.217443,0.053333,0.013333,0.053333,0.291373
0.053333,0.0,2.436661,7.072523,1.332536,19.376179,1.069597,14.973549,2.943595,0.073083,3.496104,42.383803
0.985552,3.085587,0.0,4.519219,4.571872,11.548907,7.301093,41.708973,2.518931,0.262304,4.815781,11.684688
0.360224,1.579768,59.053611,0.0,16.757195,29.708405,27.569992,13.309504,36.215656,23.118285,10.181968,31.109549
1.004144,16.390293,16.040131,0.816005,0.0,0.776288,0.9168,7.763693,1.377803,0.0,1.29444,1.708152
0.026667,15.101973,57.613621,4.604059,22.36052,0.0,2.107723,23.475843,16.076539,0.403952,14.368651,11.531848
0.0,1.237203,19.941251,8.03552,3.776757,10.144045,0.0,3.001157,2.121752,1.877507,2.524075,7.389925
0.035619,7.022221,118.61816,10.26436,7.975517,28.303885,1.602819,0.0,53.057429,15.222003,39.043699,16.523507
0.257509,16.205947,7.763032,27.862947,3.199851,13.829544,5.845477,74.298747,0.0,1.651259,17.141293,76.096664
0.0,0.08,0.026667,1.782848,0.068715,0.226789,0.0,31.238443,0.279296,0.0,23.764971,0.026667
0.0,6.843981,31.632715,2.266133,0.782819,7.451019,2.982336,17.435437,15.0078,10.770664,0.0,18.309536
0.106667,90.263789,55.859315,49.611376,29.380283,48.76484,17.647661,61.929568,130.178499,0.630203,27.195616,0.0
