2702.873587
0.437688,1,2
0.622325,1,3
0.213024,1,5
0.571237,1,6
0.038688,1,7
0.076755,1,8
0.188312,1,9
0.08,1,11
0.520235,1,12
0.268157,2,1
16.531035,2,3
4.393549,2,4
34.776376,2,5
20.011504,2,6
3.110845,2,7
5.483925,2,8
9.838131,2,9
8.176104,2,10
3.089947,2,11
55.714147,2,12
1.024763,3,1
22.077445,3,2
7.708488,3,4
9.315571,3,5
24.492723,3,6
11.913947,3,7
4.400517,3,8
17.36324,3,9
23.447381,3,10
9.652147,3,11
24.388189,3,12
0.249963,4,1
10.75096,4,2
51.594952,4,3
23.863509,4,5
27.845741,4,6
15.166387,4,7
3.443216,4,8
22.800032,4,9
28.200376,4,10
13.188883,4,11
66.195832,4,12
0.194507,5,1
9.361056,5,2
25.718219,5,3
2.255387,5,4
2.843421,5,6
1.957115,5,7
2.862813,5,8
4.916021,5,9
0.854632,5,10
1.067091,5,11
4.455728,5,12
0.080144,6,1
11.323352,6,2
96.30044,6,3
8.192592,6,4
4.656416,6,5
3.687024,6,7
1.074872,6,8
33.051787,6,9
9.68292,6,10
11.110205,6,11
26.718325,6,12
0.026667,7,1
3.681645,7,2
19.305968,7,3
7.107539,7,4
4.51716,7,5
11.778821,7,6
0.394344,7,8
4.561101,7,9
4.821555,7,10
6.680907,7,11
8.180509,7,12
1.051984,8,1
31.691939,8,2
94.553181,8,3
8.946181,8,4
5.976315,8,5
29.127736,8,6
2.8978,8,7
106.508995,8,9
22.595944,8,10
14.73792,8,11
114.980877,8,12
0.893163,9,1
32.652824,9,2
41.587405,9,3
26.582149,9,4
13.364557,9,5
19.517792,9,6
9.743141,9,7
11.492491,9,8
46.395235,9,10
19.401811,9,11
139.912,9,12
0.627045,10,2
0.218339,10,3
33.807211,10,4
0.220523,10,5
4.103219,10,6
0.05488,10,7
0.866712,10,8
0.053333,10,9
45.786581,10,11
1.782843,10,12
0.511213,11,1
13.166349,11,2
34.130768,11,3
10.938877,11,4
4.066277,11,5
13.703869,11,6
8.015965,11,7
4.657008,11,8
16.566045,11,9
13.263123,11,10
110.46388,11,12
2.001219,12,1
160.191909,12,2
98.095437,12,3
36.360141,12,4
26.302477,12,5
32.008125,12,6
47.478741,12,7
71.897411,12,8
143.532021,12,9
24.648264,12,10
32.095813,12,11
succeed
0.0,0.437688,0.622325,0.0,0.213024,0.571237,0.038688,0.076755,0.188312,0.0,0.08,0.520235
0.268157,0.0,16.531035,4.393549,34.776376,20.011504,3.110845,5.483925,9.838131,8.176104,3.089947,55.714147
1.024763,22.077445,0.0,7.708488,9.315571,24.492723,11.913947,4.400517,17.36324,23.447381,9.652147,24.388189
0.249963,10.75096,51.594952,0.0,23.863509,27.845741,15.166387,3.443216,22.800032,28.200376,13.188883,66.195832
0.194507,9.361056,25.718219,2.255387,0.0,2.843421,1.957115,2.862813,4.916021,0.854632,1.067091,4.455728
0.080144,11.323352,96.30044,8.192592,4.656416,0.0,3.687024,1.074872,33.051787,9.68292,11.110205,26.718325
0.026667,3.681645,19.305968,7.107539,4.51716,11.778821,0.0,0.394344,4.561101,4.821555,6.680907,8.180509
1.051984,31.691939,94.553181,8.946181,5.976315,29.127736,2.8978,0.0,106.508995,22.595944,14.73792,114.980877
0.893163,32.652824,41.587405,26.582149,13.364557,19.517792,9.743141,11.492491,0.0,46.395235,19.401811,139.912
0.0,0.627045,0.218339,33.807211,0.220523,4.103219,0.05488,0.866712,0.053333,0.0,45.786581,1.782843
0.511213,13.166349,34.130768,10.938877,4.066277,13.703869,8.015965,4.657008,16.566045,13.263123,0.0,110.46388
2.001219,160.191909,98.095437,36.360141,26.302477,32.008125,47.478741,71.897411,143.532021,24.648264,32.095813,0.0
