3927.113739
0.449552,1,2
1.271133,1,3
0.976123,1,5
1.268909,1,6
0.16,1,7
0.7728,1,9
0.026667,1,11
1.468883,1,12
29.561331,2,3
0.106667,2,4
40.143451,2,5
26.429845,2,6
4.658827,2,7
0.08,2,8
43.033949,2,9
0.28824,2,10
1.038453,2,11
74.255749,2,12
34.238485,3,2
21.019267,3,4
143.505445,3,5
52.685477,3,6
14.878328,3,7
0.078731,3,8
42.05784,3,9
0.219739,3,10
1.221971,3,11
43.264976,3,12
12.252195,4,2
82.314259,4,3
43.409043,4,5
31.297563,4,6
25.155467,4,7
0.053333,4,8
19.654216,4,9
15.305965,4,10
0.119296,4,11
46.026109,4,12
44.611464,5,2
3.663064,5,3
0.026667,5,4
0.081152,5,6
60.898493,5,9
0.534219,5,11
123.924683,5,12
30.595923,6,2
178.442803,6,3
14.194045,6,4
38.170701,6,5
19.405371,6,7
0.026667,6,8
65.917605,6,9
0.360485,6,10
0.447229,6,11
49.095459,6,12
9.651445,7,2
39.829627,7,3
2.991469,7,4
22.488947,7,5
24.683587,7,6
19.938517,7,9
0.106667,7,10
0.106667,7,11
25.656157,7,12
32.924368,8,2
18.025437,8,3
29.124269,8,4
237.052091,8,5
0.568549,8,6
0.8572,8,7
75.002088,8,9
13.08484,8,10
17.879888,8,11
112.454325,8,12
59.137355,9,2
122.026117,9,3
40.147539,9,4
129.582813,9,5
55.804208,9,6
30.351005,9,7
0.20496,9,8
2.112803,9,11
166.041067,9,12
2.822965,10,2
0.151979,10,3
14.650475,10,4
11.52224,10,5
0.026667,10,6
0.483147,10,7
46.641419,10,8
1.672248,10,9
50.373768,10,11
7.456205,10,12
12.486285,11,2
5.264376,11,3
5.174125,11,4
58.526349,11,5
0.500909,11,6
5.550803,11,7
22.411781,11,8
14.484576,11,9
21.621704,11,10
21.371427,11,12
142.695699,12,2
148.965027,12,3
9.099304,12,4
219.893147,12,5
52.77184,12,6
28.438736,12,7
0.195123,12,8
244.78432,12,9
0.053333,12,10
4.045443,12,11
succeed
0.0,0.449552,1.271133,0.0,0.976123,1.268909,0.16,0.0,0.7728,0.0,0.026667,1.468883
0.0,0.0,29.561331,0.106667,40.143451,26.429845,4.658827,0.08,43.033949,0.28824,1.038453,74.255749
0.0,34.238485,0.0,21.019267,143.505445,52.685477,14.878328,0.078731,42.05784,0.219739,1.221971,43.264976
0.0,12.252195,82.314259,0.0,43.409043,31.297563,25.155467,0.053333,19.654216,15.305965,0.119296,46.026109
0.0,44.611464,3.663064,0.026667,0.0,0.081152,0.0,0.0,60.898493,0.0,0.534219,123.924683
0.0,30.595923,178.442803,14.194045,38.170701,0.0,19.405371,0.026667,65.917605,0.360485,0.447229,49.095459
0.0,9.651445,39.829627,2.991469,22.488947,24.683587,0.0,0.0,19.938517,0.106667,0.106667,25.656157
0.0,32.924368,18.025437,29.124269,237.052091,0.568549,0.8572,0.0,75.002088,13.08484,17.879888,112.454325
0.0,59.137355,122.026117,40.147539,129.582813,55.804208,30.351005,0.20496,0.0,0.0,2.112803,166.041067
0.0,2.822965,0.151979,14.650475,11.52224,0.026667,0.483147,46.641419,1.672248,0.0,50.373768,7.456205
0.0,12.486285,5.264376,5.174125,58.526349,0.500909,5.550803,22.411781,14.484576,21.621704,0.0,21.371427
0.0,142.695699,148.965027,9.099304,219.893147,52.77184,28.438736,0.195123,244.78432,0.053333,4.045443,0.0
