3820.851569
0.607491,1,2
2.405179,1,3
3.126635,1,5
0.52948,1,6
0.320477,1,7
1.521435,1,9
0.089333,1,11
0.833363,1,12
46.691477,2,3
0.121141,2,4
62.936643,2,5
45.880173,2,6
8.536408,2,7
0.053333,2,8
23.093747,2,9
0.997277,2,11
65.667096,2,12
63.066013,3,2
31.373888,3,4
109.161443,3,5
62.966045,3,6
22.099251,3,7
0.053333,3,8
80.892997,3,9
0.053333,3,10
2.3108,3,11
58.791904,3,12
14.723717,4,2
47.856307,4,3
51.537419,4,5
56.317907,4,6
11.282285,4,7
0.123971,4,8
19.331179,4,9
8.251083,4,10
0.330293,4,11
54.377157,4,12
31.404888,5,2
1.752029,5,3
0.026667,5,4
0.026667,5,6
6.543907,5,9
0.053333,5,10
0.106667,5,11
95.523224,5,12
28.18416,6,2
146.964781,6,3
16.681752,6,4
138.813331,6,5
21.80012,6,7
53.036957,6,9
0.221717,6,10
1.956299,6,11
53.130267,6,12
5.171685,7,2
28.424312,7,3
14.221683,7,4
25.091355,7,5
18.750077,7,6
0.076165,7,8
15.190901,7,9
0.026667,7,10
0.622845,7,11
17.164933,7,12
22.475595,8,2
7.926075,8,3
26.189173,8,4
259.738392,8,5
0.476584,8,6
0.853181,8,7
69.403013,8,9
16.205275,8,10
29.314637,8,11
89.062013,8,12
67.400384,9,2
105.680997,9,3
35.399904,9,4
161.802293,9,5
55.794851,9,6
29.037707,9,7
0.223275,9,8
0.28964,9,10
10.085613,9,11
144.984741,9,12
1.132496,10,2
0.108427,10,3
6.008635,10,4
6.676395,10,5
0.055008,10,6
1.447739,10,7
48.635131,10,8
6.344869,10,9
44.310267,10,11
0.910587,10,12
13.793112,11,2
2.721904,11,3
6.103768,11,4
43.857344,11,5
0.11928,11,6
4.151501,11,7
36.967656,11,8
14.156461,11,9
9.741224,11,10
12.567389,11,12
91.137021,12,2
116.439624,12,3
8.536869,12,4
264.544461,12,5
40.1874,12,6
25.472843,12,7
0.184293,12,8
194.000773,12,9
0.272832,12,10
8.644515,12,11
succeed
0.0,0.607491,2.405179,0.0,3.126635,0.52948,0.320477,0.0,1.521435,0.0,0.089333,0.833363
0.0,0.0,46.691477,0.121141,62.936643,45.880173,8.536408,0.053333,23.093747,0.0,0.997277,65.667096
0.0,63.066013,0.0,31.373888,109.161443,62.966045,22.099251,0.053333,80.892997,0.053333,2.3108,58.791904
0.0,14.723717,47.856307,0.0,51.537419,56.317907,11.282285,0.123971,19.331179,8.251083,0.330293,54.377157
0.0,31.404888,1.752029,0.026667,0.0,0.026667,0.0,0.0,6.543907,0.053333,0.106667,95.523224
0.0,28.18416,146.964781,16.681752,138.813331,0.0,21.80012,0.0,53.036957,0.221717,1.956299,53.130267
0.0,5.171685,28.424312,14.221683,25.091355,18.750077,0.0,0.076165,15.190901,0.026667,0.622845,17.164933
0.0,22.475595,7.926075,26.189173,259.738392,0.476584,0.853181,0.0,69.403013,16.205275,29.314637,89.062013
0.0,67.400384,105.680997,35.399904,161.802293,55.794851,29.037707,0.223275,0.0,0.28964,10.085613,144.984741
0.0,1.132496,0.108427,6.008635,6.676395,0.055008,1.447739,48.635131,6.344869,0.0,44.310267,0.910587
0.0,13.793112,2.721904,6.103768,43.857344,0.11928,4.151501,36.967656,14.156461,9.741224,0.0,12.567389
0.0,91.137021,116.439624,8.536869,264.544461,40.1874,25.472843,0.184293,194.000773,0.272832,8.644515,0.0
