2873.729233
0.026667,1,2
0.943069,1,3
0.053333,1,4
0.070269,1,5
1.153573,1,6
0.342752,1,7
0.835544,1,8
0.490157,1,9
0.096768,1,10
0.026667,1,11
1.79816,1,12
0.175224,2,1
13.805224,2,3
4.681299,2,4
2.107835,2,5
26.905384,2,6
3.066973,2,7
18.398912,2,8
10.452821,2,9
12.193669,2,10
5.772413,2,11
51.011125,2,12
1.156384,3,1
11.737645,3,2
16.990197,3,4
12.573827,3,5
32.179779,3,6
14.319699,3,7
52.526269,3,8
29.645152,3,9
5.990976,3,10
23.13788,3,11
29.865747,3,12
0.056408,4,1
6.776053,4,2
83.396045,4,3
20.575901,4,5
25.173645,4,6
23.014803,4,7
11.315301,4,8
25.933605,4,9
12.258824,4,10
9.701411,4,11
64.474189,4,12
0.697077,5,1
0.928853,5,2
24.94232,5,3
2.085499,5,4
7.003291,5,6
2.224299,5,7
9.116115,5,8
4.043789,5,9
1.500109,5,10
3.157035,5,11
2.255736,5,12
1.396352,6,1
7.935224,6,2
178.87488,6,3
16.942443,6,4
3.771872,6,5
26.929939,6,7
24.891325,6,8
24.816488,6,9
7.266315,6,10
15.137077,6,11
21.061584,6,12
0.103099,7,1
4.569619,7,2
43.310464,7,3
10.802197,7,4
3.272928,7,5
10.172731,7,6
8.017643,7,8
9.032792,7,9
1.585736,7,10
4.559043,7,11
7.108947,7,12
1.419683,8,1
16.293544,8,2
142.440501,8,3
7.727736,8,4
11.921784,8,5
21.943795,8,6
8.402579,8,7
58.578779,8,9
11.294011,8,10
32.177053,8,11
52.631781,8,12
1.834429,9,1
22.422472,9,2
95.051325,9,3
31.338915,9,4
29.888757,9,5
39.502331,9,6
23.768368,9,7
76.310099,9,8
14.352901,9,10
33.659005,9,11
116.464163,9,12
0.342731,10,2
4.058592,10,3
5.096843,10,4
0.875771,10,5
1.005725,10,6
0.549069,10,7
29.506904,10,8
11.06596,10,9
42.683123,10,11
0.597779,10,12
0.026667,11,1
6.5084,11,2
61.429069,11,3
6.881304,11,4
3.443856,11,5
7.092979,11,6
2.403541,11,7
25.888173,11,8
18.604632,11,9
7.463213,11,10
6.455621,11,12
0.151203,12,1
126.230987,12,2
96.151608,12,3
64.145653,12,4
8.417395,12,5
22.143491,12,6
18.727643,12,7
85.362672,12,8
155.030611,12,9
3.842952,12,10
45.400656,12,11
succeed
0.0,0.026667,0.943069,0.053333,0.070269,1.153573,0.342752,0.835544,0.490157,0.096768,0.026667,1.79816
0.175224,0.0,13.805224,4.681299,2.107835,26.905384,3.066973,18.398912,10.452821,12.193669,5.772413,51.011125
1.156384,11.737645,0.0,16.990197,12.573827,32.179779,14.319699,52.526269,29.645152,5.990976,23.13788,29.865747
0.056408,6.776053,83.396045,0.0,20.575901,25.173645,23.014803,11.315301,25.933605,12.258824,9.701411,64.474189
0.697077,0.928853,24.94232,2.085499,0.0,7.003291,2.224299,9.116115,4.043789,1.500109,3.157035,2.255736
1.396352,7.935224,178.87488,16.942443,3.771872,0.0,26.929939,24.891325,24.816488,7.266315,15.137077,21.061584
0.103099,4.569619,43.310464,10.802197,3.272928,10.172731,0.0,8.017643,9.032792,1.585736,4.559043,7.108947
1.419683,16.293544,142.440501,7.727736,11.921784,21.943795,8.402579,0.0,58.578779,11.294011,32.177053,52.631781
1.834429,22.422472,95.051325,31.338915,29.888757,39.502331,23.768368,76.310099,0.0,14.352901,33.659005,116.464163
0.0,0.342731,4.058592,5.096843,0.875771,1.005725,0.549069,29.506904,11.06596,0.0,42.683123,0.597779
0.026667,6.5084,61.429069,6.881304,3.443856,7.092979,2.403541,25.888173,18.604632,7.463213,0.0,6.455621
0.151203,126.230987,96.151608,64.145653,8.417395,22.143491,18.727643,85.362672,155.030611,3.842952,45.400656,0.0
