2645.596144
0.507515,1,2
2.406384,1,3
0.167112,1,4
0.756437,1,5
0.884936,1,6
1.039219,1,7
0.220701,1,8
0.903384,1,9
0.019029,1,10
0.378973,1,11
0.954947,1,12
0.314056,2,1
10.552208,2,3
3.049845,2,4
2.500589,2,5
17.217968,2,6
2.527048,2,7
14.457,2,8
4.693352,2,9
0.166147,2,10
9.974795,2,11
29.328904,2,12
2.74768,3,1
21.853405,3,2
30.151171,3,4
15.709725,3,5
86.50904,3,6
16.316715,3,7
36.731429,3,8
30.019885,3,9
2.104205,3,10
19.940192,3,11
31.214824,3,12
1.836277,4,1
6.050587,4,2
35.849259,4,3
15.244608,4,5
11.145928,4,6
20.300448,4,7
17.102072,4,8
11.675963,4,9
1.853976,4,10
21.564205,4,11
28.597536,4,12
2.300555,5,1
2.694907,5,2
15.541451,5,3
1.244453,5,4
6.220483,5,6
8.774627,5,7
11.207075,5,8
4.651477,5,9
6.721744,5,11
7.622725,5,12
0.124928,6,1
20.01164,6,2
56.416453,6,3
5.403408,6,4
3.808963,6,5
6.77832,6,7
16.62532,6,8
12.382269,6,9
2.357144,6,10
24.687461,6,11
18.239416,6,12
1.233117,7,1
5.388955,7,2
26.049256,7,3
8.782712,7,4
3.849627,7,5
18.034509,7,6
4.846981,7,8
7.813205,7,9
0.74088,7,10
9.296181,7,11
11.448189,7,12
0.026667,8,1
9.889667,8,2
82.574133,8,3
15.053843,8,4
8.653165,8,5
24.770112,8,6
5.21192,8,7
30.782848,8,9
14.784352,8,10
50.589139,8,11
55.13752,8,12
1.830693,9,1
23.717635,9,2
19.2146,9,3
11.945904,9,4
9.289957,9,5
39.157941,9,6
10.298381,9,7
54.568832,9,8
2.974573,9,10
18.430008,9,11
71.466011,9,12
0.053333,10,2
0.026667,10,3
4.018509,10,4
0.026667,10,5
0.322981,10,6
6.682187,10,8
0.294637,10,9
25.22256,10,11
2.723216,11,1
51.76868,11,2
84.709032,11,3
24.131731,11,4
29.922661,11,5
79.377203,11,6
46.389741,11,7
37.318733,11,8
32.015061,11,9
3.354661,11,10
105.177672,11,12
0.377323,12,1
121.807872,12,2
53.470323,12,3
104.032227,12,4
36.338573,12,5
45.798024,12,6
11.886819,12,7
71.391773,12,8
167.982955,12,9
2.428101,12,10
37.340211,12,11
succeed
0.0,0.507515,2.406384,0.167112,0.756437,0.884936,1.039219,0.220701,0.903384,0.019029,0.378973,0.954947
0.314056,0.0,10.552208,3.049845,2.500589,17.217968,2.527048,14.457,4.693352,0.166147,9.974795,29.328904
2.74768,21.853405,0.0,30.151171,15.709725,86.50904,16.316715,36.731429,30.019885,2.104205,19.940192,31.214824
1.836277,6.050587,35.849259,0.0,15.244608,11.145928,20.300448,17.102072,11.675963,1.853976,21.564205,28.597536
2.300555,2.694907,15.541451,1.244453,0.0,6.220483,8.774627,11.207075,4.651477,0.0,6.721744,7.622725
0.124928,20.01164,56.416453,5.403408,3.808963,0.0,6.77832,16.62532,12.382269,2.357144,24.687461,18.239416
1.233117,5.388955,26.049256,8.782712,3.849627,18.034509,0.0,4.846981,7.813205,0.74088,9.296181,11.448189
0.026667,9.889667,82.574133,15.053843,8.653165,24.770112,5.21192,0.0,30.782848,14.784352,50.589139,55.13752
1.830693,23.717635,19.2146,11.945904,9.289957,39.157941,10.298381,54.568832,0.0,2.974573,18.430008,71.466011
0.0,0.053333,0.026667,4.018509,0.026667,0.322981,0.0,6.682187,0.294637,0.0,25.22256,0.0
2.723216,51.76868,84.709032,24.131731,29.922661,79.377203,46.389741,37.318733,32.015061,3.354661,0.0,105.177672
0.377323,121.807872,53.470323,104.032227,36.338573,45.798024,11.886819,71.391773,167.982955,2.428101,37.340211,0.0
