1862.8721719999999
0.199981,1,2
1.079555,1,3
0.026667,1,4
0.039611,1,8
0.029536,1,9
0.073579,1,10
0.382259,1,12
9.459027,2,3
2.744677,2,4
8.229139,2,5
9.671453,2,6
0.999019,2,7
10.434445,2,8
8.502512,2,9
0.314995,2,10
4.322256,2,11
35.630643,2,12
0.026667,3,1
9.027856,3,2
6.181709,3,4
5.315477,3,5
43.943733,3,6
17.253149,3,7
22.948584,3,8
7.884355,3,9
0.315429,3,10
8.40132,3,11
12.444411,3,12
0.247424,4,1
10.614413,4,2
48.21048,4,3
19.755691,4,5
25.988755,4,6
9.159421,4,7
16.99624,4,8
7.802509,4,9
4.60272,4,10
11.369925,4,11
37.740061,4,12
0.173707,5,1
0.885693,5,2
9.993571,5,3
1.720501,5,4
2.131611,5,6
2.194189,5,7
5.486995,5,8
2.354285,5,9
0.033077,5,10
0.645237,5,11
1.877669,5,12
0.026667,6,1
5.440301,6,2
67.049208,6,3
5.885288,6,4
0.384696,6,5
1.254363,6,7
18.605949,6,8
10.627603,6,9
0.381747,6,10
13.242312,6,11
24.251901,6,12
2.823187,7,2
16.361253,7,3
3.984008,7,4
3.771856,7,5
10.236947,7,6
3.464381,7,8
2.377915,7,9
3.861888,7,10
3.008312,7,11
10.755453,7,12
0.297533,8,1
13.553808,8,2
100.489499,8,3
6.494192,8,4
8.244456,8,5
5.140939,8,6
1.336523,8,7
25.998909,8,9
18.398464,8,10
23.017,8,11
89.74796,8,12
0.293432,9,1
20.943504,9,2
19.301768,9,3
25.434109,9,4
2.551768,9,5
36.782592,9,6
2.792648,9,7
51.612211,9,8
4.963304,9,10
10.995992,9,11
61.951165,9,12
0.650651,10,2
0.026667,10,3
1.692512,10,4
0.026667,10,5
0.261755,10,6
29.022053,10,8
0.722773,10,9
32.910328,10,11
0.08,10,12
0.026667,11,1
8.191429,11,2
26.269571,11,3
3.466675,11,4
0.805459,11,5
4.498173,11,6
0.82444,11,7
10.095733,11,8
14.068675,11,9
1.750843,11,10
9.549891,11,12
0.053333,12,1
98.938664,12,2
54.802253,12,3
46.650379,12,4
16.265968,12,5
37.849056,12,6
7.39068,12,7
100.117933,12,8
136.423939,12,9
3.794101,12,10
31.641675,12,11
succeed
0.0,0.199981,1.079555,0.026667,0.0,0.0,0.0,0.039611,0.029536,0.073579,0.0,0.382259
0.0,0.0,9.459027,2.744677,8.229139,9.671453,0.999019,10.434445,8.502512,0.314995,4.322256,35.630643
0.026667,9.027856,0.0,6.181709,5.315477,43.943733,17.253149,22.948584,7.884355,0.315429,8.40132,12.444411
0.247424,10.614413,48.21048,0.0,19.755691,25.988755,9.159421,16.99624,7.802509,4.60272,11.369925,37.740061
0.173707,0.885693,9.993571,1.720501,0.0,2.131611,2.194189,5.486995,2.354285,0.033077,0.645237,1.877669
0.026667,5.440301,67.049208,5.885288,0.384696,0.0,1.254363,18.605949,10.627603,0.381747,13.242312,24.251901
0.0,2.823187,16.361253,3.984008,3.771856,10.236947,0.0,3.464381,2.377915,3.861888,3.008312,10.755453
0.297533,13.553808,100.489499,6.494192,8.244456,5.140939,1.336523,0.0,25.998909,18.398464,23.017,89.74796
0.293432,20.943504,19.301768,25.434109,2.551768,36.782592,2.792648,51.612211,0.0,4.963304,10.995992,61.951165
0.0,0.650651,0.026667,1.692512,0.026667,0.261755,0.0,29.022053,0.722773,0.0,32.910328,0.08
0.026667,8.191429,26.269571,3.466675,0.805459,4.498173,0.82444,10.095733,14.068675,1.750843,0.0,9.549891
0.053333,98.938664,54.802253,46.650379,16.265968,37.849056,7.39068,100.117933,136.423939,3.794101,31.641675,0.0
