3274.950221
0.265499,1,2
1.057701,1,3
1.780821,1,5
0.053333,1,6
0.029856,1,7
0.13724,1,9
2.204152,1,12
30.855592,2,3
45.068016,2,5
31.062701,2,6
5.227797,2,7
14.364741,2,9
0.040176,2,10
0.118131,2,11
69.566672,2,12
19.79808,3,2
19.57216,3,4
139.244061,3,5
60.585848,3,6
26.275291,3,7
0.16388,3,8
37.520595,3,9
0.026667,3,10
0.845856,3,11
42.161917,3,12
3.387715,4,2
64.876264,4,3
35.620173,4,5
25.674523,4,6
10.346627,4,7
11.117816,4,9
7.997115,4,10
0.10512,4,11
25.779563,4,12
23.799536,5,2
1.507576,5,3
0.026667,5,6
6.678216,5,9
0.133069,5,11
90.962424,5,12
12.343795,6,2
166.925501,6,3
8.927264,6,4
116.373392,6,5
7.096243,6,7
0.026667,6,8
70.159251,6,9
0.855648,6,10
0.618104,6,11
31.717768,6,12
5.462019,7,2
43.897275,7,3
5.923725,7,4
19.585504,7,5
11.682776,7,6
0.107008,7,8
7.876544,7,9
0.133117,7,11
15.058995,7,12
34.717664,8,2
11.668968,8,3
16.448205,8,4
234.594533,8,5
0.094048,8,6
0.053333,8,7
76.548872,8,9
14.263917,8,10
36.175403,8,11
82.725056,8,12
31.214717,9,2
106.936704,9,3
30.176485,9,4
165.222965,9,5
68.580525,9,6
22.155424,9,7
0.206928,9,8
0.119563,9,10
5.558504,9,11
103.045171,9,12
0.370323,10,2
0.026667,10,3
6.751928,10,4
5.649147,10,5
0.026667,10,6
0.262867,10,7
42.852667,10,8
3.627059,10,9
26.755472,10,11
1.373203,10,12
5.867448,11,2
3.662371,11,3
2.213157,11,4
33.714624,11,5
0.026667,11,6
4.320587,11,7
36.827181,11,8
10.152029,11,9
1.973595,11,10
15.648005,11,12
80.168896,12,2
119.496891,12,3
213.04544,12,5
57.573496,12,6
33.42656,12,7
0.072109,12,8
144.095691,12,9
0.073389,12,10
3.579317,12,11
succeed
0.0,0.265499,1.057701,0.0,1.780821,0.053333,0.029856,0.0,0.13724,0.0,0.0,2.204152
0.0,0.0,30.855592,0.0,45.068016,31.062701,5.227797,0.0,14.364741,0.040176,0.118131,69.566672
0.0,19.79808,0.0,19.57216,139.244061,60.585848,26.275291,0.16388,37.520595,0.026667,0.845856,42.161917
0.0,3.387715,64.876264,0.0,35.620173,25.674523,10.346627,0.0,11.117816,7.997115,0.10512,25.779563
0.0,23.799536,1.507576,0.0,0.0,0.026667,0.0,0.0,6.678216,0.0,0.133069,90.962424
0.0,12.343795,166.925501,8.927264,116.373392,0.0,7.096243,0.026667,70.159251,0.855648,0.618104,31.717768
0.0,5.462019,43.897275,5.923725,19.585504,11.682776,0.0,0.107008,7.876544,0.0,0.133117,15.058995
0.0,34.717664,11.668968,16.448205,234.594533,0.094048,0.053333,0.0,76.548872,14.263917,36.175403,82.725056
0.0,31.214717,106.936704,30.176485,165.222965,68.580525,22.155424,0.206928,0.0,0.119563,5.558504,103.045171
0.0,0.370323,0.026667,6.751928,5.649147,0.026667,0.262867,42.852667,3.627059,0.0,26.755472,1.373203
0.0,5.867448,3.662371,2.213157,33.714624,0.026667,4.320587,36.827181,10.152029,1.973595,0.0,15.648005
0.0,80.168896,119.496891,0.0,213.04544,57.573496,33.42656,0.072109,144.095691,0.073389,3.579317,0.0
