1973.419192
0.066827,1,2
0.401611,1,3
0.026667,1,4
0.386216,1,7
0.082221,1,8
0.122027,1,9
0.026667,1,11
1.166797,1,12
0.088981,2,1
3.895192,2,3
3.85092,2,4
0.519752,2,5
9.897659,2,6
4.839747,2,7
12.873221,2,8
7.483763,2,9
0.026667,2,10
3.032963,2,11
27.005733,2,12
0.806192,3,1
11.120888,3,2
7.98192,3,4
7.73772,3,5
26.712589,3,6
9.727029,3,7
49.42448,3,8
11.414995,3,9
1.786909,3,10
5.213875,3,11
19.98884,3,12
0.735413,4,1
13.725387,4,2
55.743653,4,3
17.749459,4,5
24.999909,4,6
23.907765,4,7
13.464195,4,8
14.177003,4,9
12.111491,4,10
8.452109,4,11
32.717616,4,12
0.269205,5,1
14.966643,5,2
9.650891,5,3
1.001829,5,4
0.810237,5,6
1.631792,5,7
8.911125,5,8
2.099824,5,9
0.997648,5,11
1.567307,5,12
24.417312,6,2
58.029141,6,3
15.609096,6,4
1.661976,6,5
2.042608,6,7
26.44456,6,8
16.132387,6,9
1.433267,6,10
9.920264,6,11
13.344069,6,12
1.788285,7,1
2.775075,7,2
7.3716,7,3
8.630459,7,4
4.265424,7,5
11.514797,7,6
4.100245,7,8
2.572232,7,9
2.043549,7,10
3.167829,7,11
7.625795,7,12
0.076067,8,1
15.147104,8,2
94.869315,8,3
10.811768,8,4
13.832813,8,5
19.065179,8,6
5.208192,8,7
27.574296,8,9
29.398757,8,10
26.289435,8,11
18.006872,8,12
3.162997,9,1
10.432517,9,2
8.502221,9,3
30.835171,9,4
21.055667,9,5
18.151405,9,6
7.427941,9,7
70.238808,9,8
1.046061,9,10
26.596499,9,11
32.952504,9,12
0.513301,10,2
0.084672,10,3
1.562421,10,4
0.027648,10,5
0.176293,10,6
0.053333,10,7
37.916848,10,8
0.329152,10,9
28.58,10,11
0.026667,11,1
5.210315,11,2
13.506152,11,3
3.736427,11,4
1.876307,11,5
5.142384,11,6
2.195587,11,7
17.211477,11,8
9.342752,11,9
4.378504,11,10
72.984715,11,12
1.161523,12,1
58.519861,12,2
117.974189,12,3
51.741848,12,4
14.615451,12,5
55.234464,12,6
16.779043,12,7
72.015389,12,8
125.199067,12,9
1.486469,12,10
50.865805,12,11
succeed
0.0,0.066827,0.401611,0.026667,0.0,0.0,0.386216,0.082221,0.122027,0.0,0.026667,1.166797
0.088981,0.0,3.895192,3.85092,0.519752,9.897659,4.839747,12.873221,7.483763,0.026667,3.032963,27.005733
0.806192,11.120888,0.0,7.98192,7.73772,26.712589,9.727029,49.42448,11.414995,1.786909,5.213875,19.98884
0.735413,13.725387,55.743653,0.0,17.749459,24.999909,23.907765,13.464195,14.177003,12.111491,8.452109,32.717616
0.269205,14.966643,9.650891,1.001829,0.0,0.810237,1.631792,8.911125,2.099824,0.0,0.997648,1.567307
0.0,24.417312,58.029141,15.609096,1.661976,0.0,2.042608,26.44456,16.132387,1.433267,9.920264,13.344069
1.788285,2.775075,7.3716,8.630459,4.265424,11.514797,0.0,4.100245,2.572232,2.043549,3.167829,7.625795
0.076067,15.147104,94.869315,10.811768,13.832813,19.065179,5.208192,0.0,27.574296,29.398757,26.289435,18.006872
3.162997,10.432517,8.502221,30.835171,21.055667,18.151405,7.427941,70.238808,0.0,1.046061,26.596499,32.952504
0.0,0.513301,0.084672,1.562421,0.027648,0.176293,0.053333,37.916848,0.329152,0.0,28.58,0.0
0.026667,5.210315,13.506152,3.736427,1.876307,5.142384,2.195587,17.211477,9.342752,4.378504,0.0,72.984715
1.161523,58.519861,117.974189,51.741848,14.615451,55.234464,16.779043,72.015389,125.199067,1.486469,50.865805,0.0
