2756.854573
0.51856,1,2
0.756947,1,3
0.280203,1,4
0.223296,1,5
1.481464,1,6
0.026667,1,7
1.278472,1,8
0.08,1,9
0.427029,1,10
0.05984,1,11
2.964477,1,12
0.077728,2,1
14.386915,2,3
2.278096,2,4
35.423837,2,5
27.051805,2,6
1.021533,2,7
13.022331,2,8
7.150245,2,9
0.096101,2,10
4.098349,2,11
46.161104,2,12
0.621533,3,1
8.045443,3,2
13.358717,3,4
7.588712,3,5
43.557189,3,6
15.277344,3,7
82.690888,3,8
18.692192,3,9
2.465851,3,10
16.761968,3,11
23.135627,3,12
0.04096,4,1
2.828691,4,2
70.800584,4,3
14.334923,4,5
34.229981,4,6
20.339992,4,7
18.936691,4,8
22.511651,4,9
13.108115,4,10
9.540856,4,11
37.850715,4,12
1.132563,5,1
1.279784,5,2
28.803523,5,3
3.518613,5,4
3.468885,5,6
1.101829,5,7
7.346824,5,8
4.053787,5,9
1.956664,5,11
3.476683,5,12
0.487595,6,1
22.3458,6,2
94.226963,6,3
20.670712,6,4
4.055059,6,5
6.994712,6,7
61.033312,6,8
29.549341,6,9
2.812845,6,10
6.945979,6,11
48.508336,6,12
0.187755,7,1
1.571027,7,2
31.169853,7,3
8.978965,7,4
5.110939,7,5
9.685595,7,6
7.467571,7,8
4.498203,7,9
0.817648,7,10
5.9678,7,11
11.051208,7,12
0.90344,8,1
18.073163,8,2
128.319627,8,3
25.249184,8,4
12.755384,8,5
27.712192,8,6
7.920613,8,7
66.696336,8,9
10.53068,8,10
21.923227,8,11
91.036181,8,12
0.344616,9,1
18.956851,9,2
55.004339,9,3
28.250275,9,4
12.895752,9,5
28.251459,9,6
9.048269,9,7
101.071051,9,8
4.438232,9,10
33.378712,9,11
94.805976,9,12
0.028715,10,1
0.053333,10,2
1.260581,10,3
0.973715,10,4
0.107755,10,5
0.965939,10,6
42.645493,10,8
0.558709,10,9
52.304219,10,11
0.155077,10,12
0.235163,11,1
6.617507,11,2
30.790659,11,3
7.683616,11,4
1.377341,11,5
5.323952,11,6
2.173893,11,7
25.997541,11,8
7.718168,11,9
2.539037,11,10
13.583928,11,12
0.602656,12,1
97.950037,12,2
101.731261,12,3
61.387221,12,4
20.81904,12,5
54.915845,12,6
29.891549,12,7
117.006843,12,8
153.662749,12,9
7.138008,12,10
35.229469,12,11
succeed
0.0,0.51856,0.756947,0.280203,0.223296,1.481464,0.026667,1.278472,0.08,0.427029,0.05984,2.964477
0.077728,0.0,14.386915,2.278096,35.423837,27.051805,1.021533,13.022331,7.150245,0.096101,4.098349,46.161104
0.621533,8.045443,0.0,13.358717,7.588712,43.557189,15.277344,82.690888,18.692192,2.465851,16.761968,23.135627
0.04096,2.828691,70.800584,0.0,14.334923,34.229981,20.339992,18.936691,22.511651,13.108115,9.540856,37.850715
1.132563,1.279784,28.803523,3.518613,0.0,3.468885,1.101829,7.346824,4.053787,0.0,1.956664,3.476683
0.487595,22.3458,94.226963,20.670712,4.055059,0.0,6.994712,61.033312,29.549341,2.812845,6.945979,48.508336
0.187755,1.571027,31.169853,8.978965,5.110939,9.685595,0.0,7.467571,4.498203,0.817648,5.9678,11.051208
0.90344,18.073163,128.319627,25.249184,12.755384,27.712192,7.920613,0.0,66.696336,10.53068,21.923227,91.036181
0.344616,18.956851,55.004339,28.250275,12.895752,28.251459,9.048269,101.071051,0.0,4.438232,33.378712,94.805976
0.028715,0.053333,1.260581,0.973715,0.107755,0.965939,0.0,42.645493,0.558709,0.0,52.304219,0.155077
0.235163,6.617507,30.790659,7.683616,1.377341,5.323952,2.173893,25.997541,7.718168,2.539037,0.0,13.583928
0.602656,97.950037,101.731261,61.387221,20.81904,54.915845,29.891549,117.006843,153.662749,7.138008,35.229469,0.0
