2462.008998
0.070781,1,3
0.063984,1,5
0.135045,1,6
0.054667,1,8
0.164448,1,12
0.138019,2,1
5.982451,2,3
3.923389,2,4
39.443501,2,5
12.961336,2,6
2.270576,2,7
13.508105,2,8
8.47444,2,9
6.548172,2,10
2.964037,2,11
33.786912,2,12
0.108597,3,1
10.331872,3,2
6.002629,3,4
9.818125,3,5
15.573837,3,6
12.458933,3,7
36.422587,3,8
48.160363,3,9
2.104323,3,10
5.445813,3,11
26.911221,3,12
0.158261,4,1
7.780867,4,2
58.294992,4,3
25.284285,4,5
28.291456,4,6
33.834197,4,7
25.176499,4,8
18.476187,4,9
11.711365,4,10
13.678483,4,11
44.174672,4,12
3.147293,5,1
6.813395,5,2
14.441203,5,3
2.389864,5,4
3.27764,5,6
1.284288,5,7
4.783443,5,8
2.382869,5,9
0.298883,5,10
1.653515,5,11
4.456888,5,12
0.949269,6,1
13.022531,6,2
43.690552,6,3
9.394083,6,4
1.78732,6,5
5.138859,6,7
16.614512,6,8
7.796947,6,9
2.502584,6,10
12.253024,6,11
16.226339,6,12
3.487619,7,2
17.125029,7,3
7.469557,7,4
3.445752,7,5
12.809981,7,6
5.848008,7,8
1.200088,7,9
2.720133,7,10
5.513557,7,11
9.895528,7,12
0.185728,8,1
29.962864,8,2
80.556221,8,3
14.455507,8,4
8.610339,8,5
22.317739,8,6
3.031619,8,7
28.575896,8,9
36.045064,8,10
22.757339,8,11
105.225616,8,12
0.290331,9,1
32.739291,9,2
22.341077,9,3
40.879456,9,4
4.513069,9,5
9.281848,9,6
9.257541,9,7
74.936213,9,8
7.076571,9,10
26.226789,9,11
67.717653,9,12
0.102549,10,2
0.875027,10,3
5.010429,10,4
0.08,10,5
0.452885,10,6
0.054608,10,7
30.670037,10,8
0.053333,10,9
40.881096,10,11
0.215643,10,12
9.755544,11,2
24.459597,11,3
5.067627,11,4
1.529677,11,5
7.287456,11,6
4.924723,11,7
24.772971,11,8
13.562104,11,9
11.839256,11,10
18.057397,11,12
0.428149,12,1
91.665027,12,2
90.643,12,3
105.575283,12,4
22.861605,12,5
27.407245,12,6
34.948056,12,7
169.352765,12,8
214.857536,12,9
5.384827,12,10
37.739795,12,11
succeed
0.0,0.0,0.070781,0.0,0.063984,0.135045,0.0,0.054667,0.0,0.0,0.0,0.164448
0.138019,0.0,5.982451,3.923389,39.443501,12.961336,2.270576,13.508105,8.47444,6.548172,2.964037,33.786912
0.108597,10.331872,0.0,6.002629,9.818125,15.573837,12.458933,36.422587,48.160363,2.104323,5.445813,26.911221
0.158261,7.780867,58.294992,0.0,25.284285,28.291456,33.834197,25.176499,18.476187,11.711365,13.678483,44.174672
3.147293,6.813395,14.441203,2.389864,0.0,3.27764,1.284288,4.783443,2.382869,0.298883,1.653515,4.456888
0.949269,13.022531,43.690552,9.394083,1.78732,0.0,5.138859,16.614512,7.796947,2.502584,12.253024,16.226339
0.0,3.487619,17.125029,7.469557,3.445752,12.809981,0.0,5.848008,1.200088,2.720133,5.513557,9.895528
0.185728,29.962864,80.556221,14.455507,8.610339,22.317739,3.031619,0.0,28.575896,36.045064,22.757339,105.225616
0.290331,32.739291,22.341077,40.879456,4.513069,9.281848,9.257541,74.936213,0.0,7.076571,26.226789,67.717653
0.0,0.102549,0.875027,5.010429,0.08,0.452885,0.054608,30.670037,0.053333,0.0,40.881096,0.215643
0.0,9.755544,24.459597,5.067627,1.529677,7.287456,4.924723,24.772971,13.562104,11.839256,0.0,18.057397
0.428149,91.665027,90.643,105.575283,22.861605,27.407245,34.948056,169.352765,214.857536,5.384827,37.739795,0.0
