2155.509122
0.301099,1,3
0.026667,1,4
0.11016,1,5
0.082053,1,6
0.026667,1,8
0.106667,1,9
0.026667,1,11
0.638907,1,12
10.059085,2,3
3.71452,2,4
39.29436,2,5
15.519203,2,6
0.707939,2,7
21.135735,2,8
7.381757,2,9
1.980575,2,10
2.32084,2,11
64.576768,2,12
0.123541,3,1
3.252984,3,2
8.206456,3,4
4.416008,3,5
12.473349,3,6
5.332509,3,7
43.629147,3,8
68.776819,3,9
0.718272,3,10
4.812968,3,11
12.062955,3,12
0.13984,4,1
2.978496,4,2
59.212891,4,3
14.422496,4,5
28.579864,4,6
5.501835,4,7
7.431123,4,8
28.778021,4,9
5.266328,4,10
6.689693,4,11
43.787768,4,12
4.837091,5,1
6.365307,5,2
19.908296,5,3
0.604291,5,4
0.480712,5,6
0.797843,5,7
7.203683,5,8
3.859549,5,9
3.730096,5,11
6.376827,5,12
0.026667,6,1
33.660485,6,2
76.739912,6,3
5.550971,6,4
0.803435,6,5
3.012595,6,7
25.282976,6,8
28.502301,6,9
0.399157,6,10
4.686379,6,11
16.720389,6,12
2.1826,7,2
19.188456,7,3
3.185976,7,4
2.451731,7,5
19.4686,7,6
11.086181,7,8
6.223539,7,9
0.224915,7,10
1.168365,7,11
7.142005,7,12
0.397016,8,1
49.891597,8,2
135.942272,8,3
4.153853,8,4
9.3936,8,5
17.599544,8,6
5.150776,8,7
76.107936,8,9
10.71088,8,10
28.108307,8,11
80.241088,8,12
0.106667,9,1
29.696557,9,2
59.601445,9,3
23.406965,9,4
6.690272,9,5
22.097323,9,6
16.047411,9,7
79.028813,9,8
2.369739,9,10
26.740317,9,11
67.40304,9,12
4.36272,10,2
0.623053,10,3
0.864515,10,4
0.042475,10,5
0.135637,10,6
0.073232,10,7
33.161699,10,8
0.314712,10,9
30.971984,10,11
0.959085,11,1
8.202445,11,2
20.455181,11,3
1.536984,11,4
0.857803,11,5
3.770144,11,6
1.692667,11,7
19.350627,11,8
11.84144,11,9
1.598152,11,10
3.827427,11,12
0.111979,12,1
70.235907,12,2
41.941307,12,3
26.612472,12,4
7.620243,12,5
36.734824,12,6
5.374477,12,7
91.329733,12,8
90.898509,12,9
0.989101,12,10
31.658808,12,11
succeed
0.0,0.0,0.301099,0.026667,0.11016,0.082053,0.0,0.026667,0.106667,0.0,0.026667,0.638907
0.0,0.0,10.059085,3.71452,39.29436,15.519203,0.707939,21.135735,7.381757,1.980575,2.32084,64.576768
0.123541,3.252984,0.0,8.206456,4.416008,12.473349,5.332509,43.629147,68.776819,0.718272,4.812968,12.062955
0.13984,2.978496,59.212891,0.0,14.422496,28.579864,5.501835,7.431123,28.778021,5.266328,6.689693,43.787768
4.837091,6.365307,19.908296,0.604291,0.0,0.480712,0.797843,7.203683,3.859549,0.0,3.730096,6.376827
0.026667,33.660485,76.739912,5.550971,0.803435,0.0,3.012595,25.282976,28.502301,0.399157,4.686379,16.720389
0.0,2.1826,19.188456,3.185976,2.451731,19.4686,0.0,11.086181,6.223539,0.224915,1.168365,7.142005
0.397016,49.891597,135.942272,4.153853,9.3936,17.599544,5.150776,0.0,76.107936,10.71088,28.108307,80.241088
0.106667,29.696557,59.601445,23.406965,6.690272,22.097323,16.047411,79.028813,0.0,2.369739,26.740317,67.40304
0.0,4.36272,0.623053,0.864515,0.042475,0.135637,0.073232,33.161699,0.314712,0.0,30.971984,0.0
0.959085,8.202445,20.455181,1.536984,0.857803,3.770144,1.692667,19.350627,11.84144,1.598152,0.0,3.827427
0.111979,70.235907,41.941307,26.612472,7.620243,36.734824,5.374477,91.329733,90.898509,0.989101,31.658808,0.0
