2640.330833
0.026667,1,2
0.853379,1,3
0.053333,1,4
0.091147,1,5
0.106667,1,6
0.026667,1,7
0.239747,1,8
0.447939,1,9
0.026667,1,11
2.828717,1,12
0.053333,2,1
15.014368,2,3
5.100112,2,4
3.844584,2,5
19.408651,2,6
1.673389,2,7
12.576015,2,8
6.831667,2,9
0.374548,2,10
5.63608,2,11
64.438936,2,12
0.256805,3,1
11.886531,3,2
8.698064,3,4
10.713328,3,5
47.056776,3,6
12.911283,3,7
53.748427,3,8
18.255008,3,9
2.194301,3,10
9.576171,3,11
24.501099,3,12
0.161589,4,1
4.161963,4,2
62.7352,4,3
12.311293,4,5
44.155043,4,6
7.885581,4,7
17.501229,4,8
16.859715,4,9
5.784184,4,10
4.3272,4,11
43.115888,4,12
0.100736,5,1
1.047501,5,2
20.9794,5,3
1.500179,5,4
1.081381,5,6
0.873248,5,7
8.233595,5,8
2.790069,5,9
0.151109,5,10
1.510243,5,11
3.86956,5,12
0.917821,6,1
35.985315,6,2
107.148349,6,3
18.252803,6,4
2.578485,6,5
3.960309,6,7
22.059403,6,8
28.790531,6,9
3.178699,6,10
10.035581,6,11
32.835637,6,12
0.210856,7,1
2.530523,7,2
41.913533,7,3
8.2612,7,4
2.79492,7,5
7.518376,7,6
5.151123,7,8
4.905853,7,9
0.460075,7,10
3.065272,7,11
11.166411,7,12
1.606749,8,1
19.753768,8,2
136.189421,8,3
16.487109,8,4
22.299384,8,5
35.131704,8,6
6.356973,8,7
72.988165,8,9
12.963237,8,10
16.365384,8,11
115.523445,8,12
0.407699,9,1
25.454859,9,2
55.091053,9,3
27.269107,9,4
13.072091,9,5
38.253635,9,6
16.644352,9,7
67.522915,9,8
3.802995,9,10
24.947168,9,11
112.722253,9,12
0.420736,10,2
0.844261,10,3
12.400589,10,4
0.106667,10,5
0.368315,10,6
0.11588,10,7
38.550675,10,8
0.941912,10,9
55.921445,10,11
0.13596,10,12
0.056187,11,1
7.157925,11,2
29.463597,11,3
6.256256,11,4
1.751653,11,5
3.091707,11,6
2.094275,11,7
19.463373,11,8
8.560736,11,9
3.107491,11,10
15.957552,11,12
3.979325,12,1
110.222312,12,2
77.089701,12,3
57.378573,12,4
10.907829,12,5
40.766152,12,6
18.122784,12,7
124.361715,12,8
150.692877,12,9
0.924035,12,10
43.957485,12,11
succeed
0.0,0.026667,0.853379,0.053333,0.091147,0.106667,0.026667,0.239747,0.447939,0.0,0.026667,2.828717
0.053333,0.0,15.014368,5.100112,3.844584,19.408651,1.673389,12.576015,6.831667,0.374548,5.63608,64.438936
0.256805,11.886531,0.0,8.698064,10.713328,47.056776,12.911283,53.748427,18.255008,2.194301,9.576171,24.501099
0.161589,4.161963,62.7352,0.0,12.311293,44.155043,7.885581,17.501229,16.859715,5.784184,4.3272,43.115888
0.100736,1.047501,20.9794,1.500179,0.0,1.081381,0.873248,8.233595,2.790069,0.151109,1.510243,3.86956
0.917821,35.985315,107.148349,18.252803,2.578485,0.0,3.960309,22.059403,28.790531,3.178699,10.035581,32.835637
0.210856,2.530523,41.913533,8.2612,2.79492,7.518376,0.0,5.151123,4.905853,0.460075,3.065272,11.166411
1.606749,19.753768,136.189421,16.487109,22.299384,35.131704,6.356973,0.0,72.988165,12.963237,16.365384,115.523445
0.407699,25.454859,55.091053,27.269107,13.072091,38.253635,16.644352,67.522915,0.0,3.802995,24.947168,112.722253
0.0,0.420736,0.844261,12.400589,0.106667,0.368315,0.11588,38.550675,0.941912,0.0,55.921445,0.13596
0.056187,7.157925,29.463597,6.256256,1.751653,3.091707,2.094275,19.463373,8.560736,3.107491,0.0,15.957552
3.979325,110.222312,77.089701,57.378573,10.907829,40.766152,18.122784,124.361715,150.692877,0.924035,43.957485,0.0
