2974.698123
0.253763,1,2
0.286933,1,3
0.181592,1,4
0.190048,1,5
0.149904,1,6
0.793984,1,7
0.206429,1,9
0.026667,1,10
2.18916,1,12
0.328371,2,1
19.729947,2,3
9.58056,2,4
6.201312,2,5
17.840088,2,6
4.406235,2,7
17.802881,2,8
10.860256,2,9
0.593047,2,10
4.687653,2,11
47.275555,2,12
0.276861,3,1
22.744475,3,2
23.785904,3,4
14.904179,3,5
98.916093,3,6
15.871605,3,7
47.496413,3,8
27.405008,3,9
1.860139,3,10
9.985851,3,11
43.748776,3,12
0.181067,4,1
9.909381,4,2
63.658451,4,3
21.108379,4,5
27.774432,4,6
39.928125,4,7
57.463213,4,8
21.839557,4,9
14.260768,4,10
12.11728,4,11
81.342403,4,12
0.445141,5,1
3.876248,5,2
12.79716,5,3
5.183491,5,4
3.616061,5,6
3.252752,5,7
5.762613,5,8
2.74964,5,9
0.237299,5,10
2.869331,5,11
24.824848,5,12
2.069037,6,1
14.528736,6,2
75.563627,6,3
8.50324,6,4
1.403891,6,5
7.601888,6,7
21.893077,6,8
19.865467,6,9
6.626181,6,10
8.267328,6,11
21.764832,6,12
0.513147,7,1
6.248139,7,2
20.941256,7,3
6.805381,7,4
4.602808,7,5
17.124288,7,6
11.851619,7,8
10.699381,7,9
3.291192,7,10
3.873995,7,11
9.670235,7,12
0.206851,8,1
27.493197,8,2
96.970773,8,3
15.126821,8,4
24.473501,8,5
33.616739,8,6
11.363941,8,7
41.179445,8,9
19.464216,8,10
34.247944,8,11
116.763184,8,12
1.670763,9,1
50.271765,9,2
35.874045,9,3
27.828072,9,4
10.6904,9,5
31.768331,9,6
13.037085,9,7
80.71364,9,8
5.803875,9,10
23.136509,9,11
99.023251,9,12
0.026667,10,2
5.724859,10,4
0.334349,10,5
0.208589,10,6
0.026667,10,7
34.38084,10,8
0.110304,10,9
41.166712,10,11
3.861568,10,12
0.53116,11,1
12.926621,11,2
46.800749,11,3
6.198477,11,4
3.678144,11,5
8.121608,11,6
8.295528,11,7
25.213653,11,8
13.856875,11,9
11.557088,11,10
12.589677,11,12
8.275288,12,1
84.031045,12,2
137.93284,12,3
69.353283,12,4
20.291755,12,5
65.897597,12,6
18.103264,12,7
130.169259,12,8
190.057891,12,9
6.953603,12,10
57.811741,12,11
succeed
0.0,0.253763,0.286933,0.181592,0.190048,0.149904,0.793984,0.0,0.206429,0.026667,0.0,2.18916
0.328371,0.0,19.729947,9.58056,6.201312,17.840088,4.406235,17.802881,10.860256,0.593047,4.687653,47.275555
0.276861,22.744475,0.0,23.785904,14.904179,98.916093,15.871605,47.496413,27.405008,1.860139,9.985851,43.748776
0.181067,9.909381,63.658451,0.0,21.108379,27.774432,39.928125,57.463213,21.839557,14.260768,12.11728,81.342403
0.445141,3.876248,12.79716,5.183491,0.0,3.616061,3.252752,5.762613,2.74964,0.237299,2.869331,24.824848
2.069037,14.528736,75.563627,8.50324,1.403891,0.0,7.601888,21.893077,19.865467,6.626181,8.267328,21.764832
0.513147,6.248139,20.941256,6.805381,4.602808,17.124288,0.0,11.851619,10.699381,3.291192,3.873995,9.670235
0.206851,27.493197,96.970773,15.126821,24.473501,33.616739,11.363941,0.0,41.179445,19.464216,34.247944,116.763184
1.670763,50.271765,35.874045,27.828072,10.6904,31.768331,13.037085,80.71364,0.0,5.803875,23.136509,99.023251
0.0,0.026667,0.0,5.724859,0.334349,0.208589,0.026667,34.38084,0.110304,0.0,41.166712,3.861568
0.53116,12.926621,46.800749,6.198477,3.678144,8.121608,8.295528,25.213653,13.856875,11.557088,0.0,12.589677
8.275288,84.031045,137.93284,69.353283,20.291755,65.897597,18.103264,130.169259,190.057891,6.953603,57.811741,0.0
