4075.276197
0.929648,1,2
0.835216,1,3
2.385939,1,5
0.646288,1,6
0.244677,1,7
1.199261,1,9
0.727936,1,12
41.729496,2,3
62.333264,2,5
45.088853,2,6
5.499949,2,7
0.026667,2,8
19.460832,2,9
0.287896,2,11
50.398861,2,12
40.073611,3,2
34.962731,3,4
172.827016,3,5
74.471173,3,6
27.345504,3,7
0.152963,3,8
52.386165,3,9
1.397845,3,11
46.133264,3,12
6.692139,4,2
47.650091,4,3
53.607152,4,5
28.937216,4,6
12.608827,4,7
18.457317,4,9
7.36596,4,10
0.297179,4,11
28.956824,4,12
43.45676,5,2
1.232643,5,3
0.026667,5,6
0.026667,5,8
9.932309,5,9
0.258627,5,11
154.043643,5,12
17.510832,6,2
147.884312,6,3
49.205243,6,4
106.688445,6,5
9.110349,6,7
0.122672,6,8
87.969768,6,9
1.032592,6,10
4.136507,6,11
46.293112,6,12
9.933547,7,2
33.425493,7,3
6.434389,7,4
19.154288,7,5
20.464779,7,6
0.352925,7,8
12.560653,7,9
0.026667,7,10
0.298211,7,11
19.610467,7,12
32.059133,8,2
7.742853,8,3
18.912496,8,4
273.877893,8,5
0.342477,8,6
0.739088,8,7
125.842056,8,9
11.089824,8,10
43.229547,8,11
137.558605,8,12
57.654869,9,2
103.586645,9,3
46.211781,9,4
187.877984,9,5
78.432856,9,6
21.053661,9,7
3.162109,9,8
0.026667,9,10
8.781837,9,11
196.748723,9,12
0.857928,10,2
0.566125,10,3
2.32168,10,4
9.552704,10,5
0.513096,10,7
60.913035,10,8
4.83696,10,9
27.726944,10,11
0.971637,10,12
12.210533,11,2
0.975211,11,3
5.602968,11,4
38.061453,11,5
0.026667,11,6
5.45352,11,7
33.871765,11,8
12.617091,11,9
8.027384,11,10
36.936432,11,12
92.776683,12,2
112.755528,12,3
263.297837,12,5
73.868411,12,6
17.288264,12,7
0.202387,12,8
203.072701,12,9
1.246131,12,10
6.483691,12,11
succeed
0.0,0.929648,0.835216,0.0,2.385939,0.646288,0.244677,0.0,1.199261,0.0,0.0,0.727936
0.0,0.0,41.729496,0.0,62.333264,45.088853,5.499949,0.026667,19.460832,0.0,0.287896,50.398861
0.0,40.073611,0.0,34.962731,172.827016,74.471173,27.345504,0.152963,52.386165,0.0,1.397845,46.133264
0.0,6.692139,47.650091,0.0,53.607152,28.937216,12.608827,0.0,18.457317,7.36596,0.297179,28.956824
0.0,43.45676,1.232643,0.0,0.0,0.026667,0.0,0.026667,9.932309,0.0,0.258627,154.043643
0.0,17.510832,147.884312,49.205243,106.688445,0.0,9.110349,0.122672,87.969768,1.032592,4.136507,46.293112
0.0,9.933547,33.425493,6.434389,19.154288,20.464779,0.0,0.352925,12.560653,0.026667,0.298211,19.610467
0.0,32.059133,7.742853,18.912496,273.877893,0.342477,0.739088,0.0,125.842056,11.089824,43.229547,137.558605
0.0,57.654869,103.586645,46.211781,187.877984,78.432856,21.053661,3.162109,0.0,0.026667,8.781837,196.748723
0.0,0.857928,0.566125,2.32168,9.552704,0.0,0.513096,60.913035,4.83696,0.0,27.726944,0.971637
0.0,12.210533,0.975211,5.602968,38.061453,0.026667,5.45352,33.871765,12.617091,8.027384,0.0,36.936432
0.0,92.776683,112.755528,0.0,263.297837,73.868411,17.288264,0.202387,203.072701,1.246131,6.483691,0.0
