1987.540737
0.301843,1,2
0.121869,1,3
0.078072,1,4
0.026667,1,6
0.056368,1,7
0.300819,1,8
0.068829,1,9
0.569339,1,11
0.489429,1,12
0.201976,2,1
12.455875,2,3
3.388013,2,4
18.716816,2,5
16.346608,2,6
0.533645,2,7
12.998768,2,8
5.463851,2,9
0.926984,2,10
3.517987,2,11
18.445085,2,12
0.116027,3,1
10.251315,3,2
31.561115,3,4
11.768925,3,5
22.624088,3,6
6.565571,3,7
35.723488,3,8
16.500155,3,9
0.146109,3,10
4.93984,3,11
10.792075,3,12
0.510899,4,1
3.578117,4,2
56.80772,4,3
21.549699,4,5
27.679944,4,6
33.084187,4,7
11.708581,4,8
9.878045,4,9
16.839565,4,10
15.839403,4,11
51.227544,4,12
0.220992,5,1
7.091896,5,2
7.686229,5,3
1.177072,5,4
1.95572,5,6
2.001557,5,7
7.279589,5,8
2.381253,5,9
0.053333,5,10
1.474448,5,11
2.183427,5,12
0.026667,6,1
10.687936,6,2
44.041939,6,3
9.397152,6,4
0.519664,6,5
2.91396,6,7
17.653651,6,8
16.890725,6,9
0.306573,6,10
9.982389,6,11
17.025861,6,12
0.026667,7,1
1.34016,7,2
11.399157,7,3
8.680907,7,4
3.536677,7,5
13.596483,7,6
7.657397,7,8
2.141563,7,9
2.5632,7,10
3.254181,7,11
7.339789,7,12
0.304059,8,1
10.418251,8,2
54.965069,8,3
18.920891,8,4
18.618005,8,5
20.554096,8,6
4.368232,8,7
20.914368,8,9
14.077165,8,10
21.829803,8,11
92.200763,8,12
0.228616,9,1
15.687325,9,2
13.963816,9,3
25.82868,9,4
14.605928,9,5
11.774872,9,6
9.232179,9,7
58.406648,9,8
5.138123,9,10
31.671757,9,11
34.138624,9,12
14.278408,10,4
0.036587,10,5
0.235595,10,6
37.179253,10,8
0.144128,10,9
33.285544,10,11
0.646293,11,1
5.653851,11,2
8.054061,11,3
1.207659,11,4
0.445771,11,5
1.245563,11,6
0.526776,11,7
62.62816,11,8
8.275819,11,9
2.498389,11,10
9.689037,11,12
83.907648,12,2
57.441907,12,3
71.077909,12,4
22.541709,12,5
51.57688,12,6
13.284781,12,7
110.312995,12,8
141.871451,12,9
0.416387,12,10
32.041437,12,11
succeed
0.0,0.301843,0.121869,0.078072,0.0,0.026667,0.056368,0.300819,0.068829,0.0,0.569339,0.489429
0.201976,0.0,12.455875,3.388013,18.716816,16.346608,0.533645,12.998768,5.463851,0.926984,3.517987,18.445085
0.116027,10.251315,0.0,31.561115,11.768925,22.624088,6.565571,35.723488,16.500155,0.146109,4.93984,10.792075
0.510899,3.578117,56.80772,0.0,21.549699,27.679944,33.084187,11.708581,9.878045,16.839565,15.839403,51.227544
0.220992,7.091896,7.686229,1.177072,0.0,1.95572,2.001557,7.279589,2.381253,0.053333,1.474448,2.183427
0.026667,10.687936,44.041939,9.397152,0.519664,0.0,2.91396,17.653651,16.890725,0.306573,9.982389,17.025861
0.026667,1.34016,11.399157,8.680907,3.536677,13.596483,0.0,7.657397,2.141563,2.5632,3.254181,7.339789
0.304059,10.418251,54.965069,18.920891,18.618005,20.554096,4.368232,0.0,20.914368,14.077165,21.829803,92.200763
0.228616,15.687325,13.963816,25.82868,14.605928,11.774872,9.232179,58.406648,0.0,5.138123,31.671757,34.138624
0.0,0.0,0.0,14.278408,0.036587,0.235595,0.0,37.179253,0.144128,0.0,33.285544,0.0
0.646293,5.653851,8.054061,1.207659,0.445771,1.245563,0.526776,62.62816,8.275819,2.498389,0.0,9.689037
0.0,83.907648,57.441907,71.077909,22.541709,51.57688,13.284781,110.312995,141.871451,0.416387,32.041437,0.0
