3268.997412
0.137435,1,2
0.082133,1,3
0.175867,1,4
0.198504,1,5
0.124597,1,6
0.163525,1,7
0.328184,1,8
0.697107,1,9
0.013333,1,10
0.128144,1,11
0.57604,1,12
0.355672,2,1
24.637912,2,3
6.206427,2,4
32.726405,2,5
22.564843,2,6
7.121848,2,7
28.064136,2,8
16.218549,2,9
5.007733,2,10
5.102368,2,11
52.296725,2,12
0.162376,3,1
19.111803,3,2
13.756437,3,4
11.02008,3,5
74.436605,3,6
12.796061,3,7
49.382635,3,8
16.549384,3,9
2.134189,3,10
9.702637,3,11
71.695024,3,12
0.325373,4,1
17.222453,4,2
68.882896,4,3
25.820392,4,5
26.618061,4,6
20.327101,4,7
25.503549,4,8
29.196128,4,9
39.185571,4,10
16.941765,4,11
39.786365,4,12
3.701533,5,1
8.853984,5,2
21.172403,5,3
2.6412,5,4
10.671379,5,6
1.78144,5,7
8.007336,5,8
4.359755,5,9
0.252901,5,10
2.215317,5,11
4.923165,5,12
0.156821,6,1
23.925008,6,2
95.186968,6,3
15.273011,6,4
7.497197,6,5
11.544312,6,7
36.583837,6,8
30.959501,6,9
2.524619,6,10
10.882536,6,11
49.376787,6,12
0.613837,7,1
4.129371,7,2
24.455973,7,3
10.047931,7,4
2.752603,7,5
15.364357,7,6
7.5872,7,8
10.57744,7,9
5.649621,7,10
1.505192,7,11
11.856141,7,12
2.700603,8,1
33.361493,8,2
124.478381,8,3
38.955597,8,4
17.904016,8,5
63.229461,8,6
18.449019,8,7
80.86268,8,9
20.427181,8,10
40.526616,8,11
132.918909,8,12
2.244925,9,1
46.275667,9,2
56.001456,9,3
39.896067,9,4
21.943795,9,5
48.235864,9,6
15.050013,9,7
92.193421,9,8
6.539688,9,10
25.818269,9,11
107.940829,9,12
0.804016,10,2
0.749192,10,3
12.494747,10,4
0.447205,10,5
5.165723,10,6
0.203445,10,7
53.621824,10,8
0.428192,10,9
31.805189,10,11
1.685435,10,12
0.740139,11,1
11.216555,11,2
24.935728,11,3
9.428776,11,4
6.693032,11,5
30.917125,11,6
6.256667,11,7
42.566099,11,8
14.138381,11,9
5.949357,11,10
31.143976,11,12
18.218419,12,1
130.859288,12,2
105.222992,12,3
53.545523,12,4
26.533915,12,5
61.129339,12,6
30.922333,12,7
121.370088,12,8
119.794549,12,9
4.56344,12,10
28.977725,12,11
succeed
0.0,0.137435,0.082133,0.175867,0.198504,0.124597,0.163525,0.328184,0.697107,0.013333,0.128144,0.57604
0.355672,0.0,24.637912,6.206427,32.726405,22.564843,7.121848,28.064136,16.218549,5.007733,5.102368,52.296725
0.162376,19.111803,0.0,13.756437,11.02008,74.436605,12.796061,49.382635,16.549384,2.134189,9.702637,71.695024
0.325373,17.222453,68.882896,0.0,25.820392,26.618061,20.327101,25.503549,29.196128,39.185571,16.941765,39.786365
3.701533,8.853984,21.172403,2.6412,0.0,10.671379,1.78144,8.007336,4.359755,0.252901,2.215317,4.923165
0.156821,23.925008,95.186968,15.273011,7.497197,0.0,11.544312,36.583837,30.959501,2.524619,10.882536,49.376787
0.613837,4.129371,24.455973,10.047931,2.752603,15.364357,0.0,7.5872,10.57744,5.649621,1.505192,11.856141
2.700603,33.361493,124.478381,38.955597,17.904016,63.229461,18.449019,0.0,80.86268,20.427181,40.526616,132.918909
2.244925,46.275667,56.001456,39.896067,21.943795,48.235864,15.050013,92.193421,0.0,6.539688,25.818269,107.940829
0.0,0.804016,0.749192,12.494747,0.447205,5.165723,0.203445,53.621824,0.428192,0.0,31.805189,1.685435
0.740139,11.216555,24.935728,9.428776,6.693032,30.917125,6.256667,42.566099,14.138381,5.949357,0.0,31.143976
18.218419,130.859288,105.222992,53.545523,26.533915,61.129339,30.922333,121.370088,119.794549,4.56344,28.977725,0.0
