2017.332754
0.026667,1,2
0.194773,1,3
0.092133,1,5
0.241072,1,6
0.055235,1,9
1.318656,1,11
1.306461,1,12
0.333987,2,1
14.395307,2,3
6.202149,2,4
19.258331,2,5
17.615731,2,6
2.295395,2,7
15.478303,2,8
7.706768,2,9
0.215977,2,10
3.95608,2,11
38.133397,2,12
0.648515,3,1
20.344157,3,2
6.016997,3,4
10.734323,3,5
43.41428,3,6
9.277872,3,7
56.740453,3,8
12.358,3,9
6.403563,3,10
4.914451,3,11
41.33748,3,12
0.11296,4,1
6.307912,4,2
56.069925,4,3
21.050987,4,5
29.876309,4,6
12.170741,4,7
36.037248,4,8
11.314197,4,9
9.344237,4,10
16.793003,4,11
38.765832,4,12
2.689547,5,1
2.14124,5,2
8.896789,5,3
1.731845,5,4
1.470768,5,6
8.153024,5,7
4.465248,5,8
2.51864,5,9
0.08,5,10
0.333221,5,11
4.096851,5,12
0.279888,6,1
16.472424,6,2
35.636424,6,3
13.246931,6,4
5.186515,6,5
3.816,6,7
11.143259,6,8
6.916376,6,9
0.485155,6,10
3.837045,6,11
28.354069,6,12
0.20688,7,1
3.746867,7,2
19.077472,7,3
5.992589,7,4
3.713936,7,5
17.829651,7,6
15.325472,7,8
2.76244,7,9
2.528816,7,10
3.525085,7,11
15.23952,7,12
0.193709,8,1
8.355125,8,2
46.810315,8,3
10.349456,8,4
4.945067,8,5
9.448189,8,6
4.136189,8,7
55.911909,8,9
22.225272,8,10
19.979672,8,11
72.383963,8,12
1.282392,9,1
24.510784,9,2
19.388755,9,3
29.546824,9,4
4.827661,9,5
13.928672,9,6
15.036883,9,7
53.977552,9,8
3.572011,9,10
7.303909,9,11
59.14328,9,12
0.026667,10,2
0.140309,10,3
3.823861,10,4
0.556939,10,6
32.472005,10,8
0.053333,10,9
37.121536,10,11
0.163963,10,12
0.295389,11,1
6.489549,11,2
50.133677,11,3
13.469616,11,4
3.089965,11,5
3.424621,11,6
2.775336,11,7
13.427059,11,8
3.937517,11,9
3.360925,11,10
4.415048,11,12
2.505336,12,1
141.576963,12,2
71.171008,12,3
45.442741,12,4
17.496597,12,5
33.892387,12,6
15.922043,12,7
66.449053,12,8
97.148525,12,9
1.391725,12,10
27.141621,12,11
succeed
0.0,0.026667,0.194773,0.0,0.092133,0.241072,0.0,0.0,0.055235,0.0,1.318656,1.306461
0.333987,0.0,14.395307,6.202149,19.258331,17.615731,2.295395,15.478303,7.706768,0.215977,3.95608,38.133397
0.648515,20.344157,0.0,6.016997,10.734323,43.41428,9.277872,56.740453,12.358,6.403563,4.914451,41.33748
0.11296,6.307912,56.069925,0.0,21.050987,29.876309,12.170741,36.037248,11.314197,9.344237,16.793003,38.765832
2.689547,2.14124,8.896789,1.731845,0.0,1.470768,8.153024,4.465248,2.51864,0.08,0.333221,4.096851
0.279888,16.472424,35.636424,13.246931,5.186515,0.0,3.816,11.143259,6.916376,0.485155,3.837045,28.354069
0.20688,3.746867,19.077472,5.992589,3.713936,17.829651,0.0,15.325472,2.76244,2.528816,3.525085,15.23952
0.193709,8.355125,46.810315,10.349456,4.945067,9.448189,4.136189,0.0,55.911909,22.225272,19.979672,72.383963
1.282392,24.510784,19.388755,29.546824,4.827661,13.928672,15.036883,53.977552,0.0,3.572011,7.303909,59.14328
0.0,0.026667,0.140309,3.823861,0.0,0.556939,0.0,32.472005,0.053333,0.0,37.121536,0.163963
0.295389,6.489549,50.133677,13.469616,3.089965,3.424621,2.775336,13.427059,3.937517,3.360925,0.0,4.415048
2.505336,141.576963,71.171008,45.442741,17.496597,33.892387,15.922043,66.449053,97.148525,1.391725,27.141621,0.0
