2342.631406
0.202707,1,2
0.220272,1,3
0.026667,1,4
0.089021,1,5
0.129067,1,6
0.136472,1,7
0.900803,1,8
0.062667,1,9
0.026667,1,10
0.089405,1,11
0.531787,1,12
0.253005,2,1
17.224347,2,3
3.152429,2,4
1.979283,2,5
17.181704,2,6
2.346984,2,7
16.047956,2,8
7.372179,2,9
0.701868,2,10
6.605627,2,11
28.313075,2,12
0.154005,3,1
14.623835,3,2
23.062869,3,4
5.594237,3,5
34.643205,3,6
8.333403,3,7
66.356664,3,8
8.665957,3,9
2.898267,3,10
7.179539,3,11
20.546709,3,12
0.209752,4,1
4.184661,4,2
61.333709,4,3
15.359243,4,5
26.427413,4,6
17.750685,4,7
26.513744,4,8
15.444867,4,9
20.304963,4,10
39.261685,4,11
32.673445,4,12
0.288557,5,1
7.653629,5,2
27.321259,5,3
4.459709,5,4
9.634069,5,6
2.463787,5,7
5.523056,5,8
2.130112,5,9
0.14508,5,10
2.116381,5,11
12.324549,5,12
0.08,6,1
18.469736,6,2
84.060152,6,3
13.337467,6,4
3.212544,6,5
12.714728,6,7
26.526075,6,8
13.465077,6,9
5.592368,6,10
13.464035,6,11
27.252261,6,12
1.086845,7,1
1.389683,7,2
14.317819,7,3
10.31148,7,4
4.610045,7,5
11.274579,7,6
6.56124,7,8
1.014819,7,9
2.734195,7,10
5.280957,7,11
7.53576,7,12
0.506184,8,1
14.13892,8,2
104.419179,8,3
16.064035,8,4
10.906824,8,5
18.775773,8,6
14.880877,8,7
25.371944,8,9
22.839827,8,10
33.591341,8,11
39.204915,8,12
0.7906,9,1
27.690755,9,2
27.84716,9,3
32.135512,9,4
22.333213,9,5
31.622083,9,6
9.180659,9,7
73.022893,9,8
5.817184,9,10
24.172877,9,11
67.844224,9,12
0.026667,10,1
0.698933,10,2
0.026667,10,3
2.527837,10,4
2.785205,10,5
0.320008,10,6
39.97956,10,8
0.335669,10,9
27.880571,10,11
0.143688,10,12
5.112451,11,2
17.805453,11,3
32.872027,11,4
2.459232,11,5
5.876635,11,6
4.927445,11,7
41.204352,11,8
3.542779,11,9
4.740408,11,10
20.517901,11,12
0.747504,12,1
128.400291,12,2
84.487792,12,3
47.813656,12,4
12.683717,12,5
52.832419,12,6
12.517168,12,7
80.665885,12,8
130.599944,12,9
4.666024,12,10
36.807637,12,11
succeed
0.0,0.202707,0.220272,0.026667,0.089021,0.129067,0.136472,0.900803,0.062667,0.026667,0.089405,0.531787
0.253005,0.0,17.224347,3.152429,1.979283,17.181704,2.346984,16.047956,7.372179,0.701868,6.605627,28.313075
0.154005,14.623835,0.0,23.062869,5.594237,34.643205,8.333403,66.356664,8.665957,2.898267,7.179539,20.546709
0.209752,4.184661,61.333709,0.0,15.359243,26.427413,17.750685,26.513744,15.444867,20.304963,39.261685,32.673445
0.288557,7.653629,27.321259,4.459709,0.0,9.634069,2.463787,5.523056,2.130112,0.14508,2.116381,12.324549
0.08,18.469736,84.060152,13.337467,3.212544,0.0,12.714728,26.526075,13.465077,5.592368,13.464035,27.252261
1.086845,1.389683,14.317819,10.31148,4.610045,11.274579,0.0,6.56124,1.014819,2.734195,5.280957,7.53576
0.506184,14.13892,104.419179,16.064035,10.906824,18.775773,14.880877,0.0,25.371944,22.839827,33.591341,39.204915
0.7906,27.690755,27.84716,32.135512,22.333213,31.622083,9.180659,73.022893,0.0,5.817184,24.172877,67.844224
0.026667,0.698933,0.026667,2.527837,2.785205,0.320008,0.0,39.97956,0.335669,0.0,27.880571,0.143688
0.0,5.112451,17.805453,32.872027,2.459232,5.876635,4.927445,41.204352,3.542779,4.740408,0.0,20.517901
0.747504,128.400291,84.487792,47.813656,12.683717,52.832419,12.517168,80.665885,130.599944,4.666024,36.807637,0.0
