1908.532353
0.326829,1,3
0.145112,1,6
1.197752,1,7
0.042467,1,8
0.106371,1,9
0.478483,1,12
0.058184,2,1
3.350552,2,3
5.061365,2,4
12.888939,2,5
10.458805,2,6
2.028405,2,7
3.332341,2,8
1.830664,2,9
0.035573,2,10
11.086867,2,11
22.608541,2,12
0.396621,3,1
23.697773,3,2
7.285696,3,4
13.596219,3,5
64.425675,3,6
11.093965,3,7
19.237616,3,8
11.544883,3,9
0.147469,3,10
4.634611,3,11
27.165901,3,12
0.2688,4,1
5.339904,4,2
52.888747,4,3
23.651952,4,5
33.241776,4,6
19.384824,4,7
11.007219,4,8
10.577275,4,9
17.985499,4,10
12.25564,4,11
41.379416,4,12
0.509507,5,1
19.797232,5,2
8.071459,5,3
6.532251,5,4
2.377261,5,6
0.786832,5,7
3.800541,5,8
2.418509,5,9
0.026667,5,10
0.48184,5,11
3.398181,5,12
0.125949,6,1
5.515635,6,2
47.635485,6,3
13.704405,6,4
1.691187,6,5
3.197888,6,7
12.745856,6,8
22.636675,6,9
0.142243,6,10
23.251715,6,11
29.100008,6,12
0.389197,7,1
1.834757,7,2
10.077307,7,3
6.202301,7,4
3.880096,7,5
21.252736,7,6
24.605485,7,8
1.393,7,9
1.725731,7,10
2.030837,7,11
6.965915,7,12
0.183616,8,1
11.711912,8,2
48.076949,8,3
5.478075,8,4
15.609475,8,5
15.553781,8,6
2.006293,8,7
19.433696,8,9
23.270728,8,10
15.676872,8,11
21.997357,8,12
4.879763,9,1
14.206696,9,2
29.800752,9,3
31.085131,9,4
8.242776,9,5
40.397205,9,6
4.789059,9,7
55.095488,9,8
2.478792,9,10
8.553701,9,11
73.128363,9,12
0.026667,10,2
0.026667,10,3
1.749507,10,4
0.860267,10,6
18.677747,10,8
40.18984,10,11
0.026667,10,12
0.026667,11,1
8.370213,11,2
13.684147,11,3
4.387733,11,4
3.054576,11,5
8.553819,11,6
1.745912,11,7
9.905515,11,8
8.378155,11,9
4.085357,11,10
9.524824,11,12
0.026667,12,1
118.294656,12,2
69.371072,12,3
48.085427,12,4
20.052237,12,5
50.202259,12,6
6.210072,12,7
24.329285,12,8
182.694648,12,9
7.296651,12,10
22.4892,12,11
succeed
0.0,0.0,0.326829,0.0,0.0,0.145112,1.197752,0.042467,0.106371,0.0,0.0,0.478483
0.058184,0.0,3.350552,5.061365,12.888939,10.458805,2.028405,3.332341,1.830664,0.035573,11.086867,22.608541
0.396621,23.697773,0.0,7.285696,13.596219,64.425675,11.093965,19.237616,11.544883,0.147469,4.634611,27.165901
0.2688,5.339904,52.888747,0.0,23.651952,33.241776,19.384824,11.007219,10.577275,17.985499,12.25564,41.379416
0.509507,19.797232,8.071459,6.532251,0.0,2.377261,0.786832,3.800541,2.418509,0.026667,0.48184,3.398181
0.125949,5.515635,47.635485,13.704405,1.691187,0.0,3.197888,12.745856,22.636675,0.142243,23.251715,29.100008
0.389197,1.834757,10.077307,6.202301,3.880096,21.252736,0.0,24.605485,1.393,1.725731,2.030837,6.965915
0.183616,11.711912,48.076949,5.478075,15.609475,15.553781,2.006293,0.0,19.433696,23.270728,15.676872,21.997357
4.879763,14.206696,29.800752,31.085131,8.242776,40.397205,4.789059,55.095488,0.0,2.478792,8.553701,73.128363
0.0,0.026667,0.026667,1.749507,0.0,0.860267,0.0,18.677747,0.0,0.0,40.18984,0.026667
0.026667,8.370213,13.684147,4.387733,3.054576,8.553819,1.745912,9.905515,8.378155,4.085357,0.0,9.524824
0.026667,118.294656,69.371072,48.085427,20.052237,50.202259,6.210072,24.329285,182.694648,7.296651,22.4892,0.0
