3496.276332
0.171451,1,2
1.131352,1,3
0.090781,1,4
0.082368,1,5
0.237024,1,6
0.026667,1,7
0.194491,1,8
0.21844,1,9
0.109115,1,11
1.414507,1,12
0.311403,2,1
23.424456,2,3
12.953205,2,4
8.7106,2,5
15.197045,2,6
3.238704,2,7
15.655873,2,8
7.843827,2,9
1.714585,2,10
6.955368,2,11
51.6182,2,12
4.140195,3,1
26.122112,3,2
17.895299,3,4
12.564251,3,5
24.177568,3,6
9.572035,3,7
47.295621,3,8
19.957104,3,9
1.134061,3,10
10.680256,3,11
33.45064,3,12
0.044523,4,1
9.488323,4,2
95.44052,4,3
21.122043,4,5
46.260651,4,6
22.719469,4,7
19.325845,4,8
12.370752,4,9
16.123597,4,10
13.192445,4,11
39.448107,4,12
1.336584,5,1
12.762536,5,2
23.555632,5,3
1.147269,5,4
12.19192,5,6
1.555333,5,7
12.624267,5,8
3.958693,5,9
0.49088,5,10
1.263456,5,11
7.786245,5,12
0.517336,6,1
22.274888,6,2
98.365531,6,3
14.109816,6,4
13.843053,6,5
5.813827,6,7
23.640512,6,8
37.203408,6,9
1.841971,6,10
16.295352,6,11
42.517259,6,12
0.799381,7,1
4.511875,7,2
64.281347,7,3
8.308261,7,4
5.452112,7,5
13.378581,7,6
4.911304,7,8
5.5692,7,9
0.376219,7,10
11.027419,7,11
17.080307,7,12
0.745173,8,1
34.808379,8,2
158.491941,8,3
10.671141,8,4
7.847109,8,5
56.650003,8,6
10.623176,8,7
53.160808,8,9
16.21596,8,10
38.642459,8,11
92.995107,8,12
1.081168,9,1
61.607013,9,2
70.589445,9,3
37.241507,9,4
9.714451,9,5
33.712901,9,6
14.791827,9,7
88.806891,9,8
1.880952,9,10
22.967251,9,11
167.907648,9,12
9.137616,10,2
1.417133,10,3
3.950152,10,4
0.067011,10,5
0.717464,10,6
37.431632,10,8
0.289325,10,9
27.588971,10,11
1.133176,10,12
0.415035,11,1
16.160125,11,2
51.187757,11,3
4.881696,11,4
2.369757,11,5
16.761539,11,6
3.432269,11,7
354.176747,11,8
20.815947,11,9
3.855896,11,10
17.654525,11,12
0.836805,12,1
110.991139,12,2
143.363243,12,3
65.427464,12,4
45.025752,12,5
36.865131,12,6
51.727051,12,7
112.388843,12,8
181.867043,12,9
10.540549,12,10
28.030576,12,11
succeed
0.0,0.171451,1.131352,0.090781,0.082368,0.237024,0.026667,0.194491,0.21844,0.0,0.109115,1.414507
0.311403,0.0,23.424456,12.953205,8.7106,15.197045,3.238704,15.655873,7.843827,1.714585,6.955368,51.6182
4.140195,26.122112,0.0,17.895299,12.564251,24.177568,9.572035,47.295621,19.957104,1.134061,10.680256,33.45064
0.044523,9.488323,95.44052,0.0,21.122043,46.260651,22.719469,19.325845,12.370752,16.123597,13.192445,39.448107
1.336584,12.762536,23.555632,1.147269,0.0,12.19192,1.555333,12.624267,3.958693,0.49088,1.263456,7.786245
0.517336,22.274888,98.365531,14.109816,13.843053,0.0,5.813827,23.640512,37.203408,1.841971,16.295352,42.517259
0.799381,4.511875,64.281347,8.308261,5.452112,13.378581,0.0,4.911304,5.5692,0.376219,11.027419,17.080307
0.745173,34.808379,158.491941,10.671141,7.847109,56.650003,10.623176,0.0,53.160808,16.21596,38.642459,92.995107
1.081168,61.607013,70.589445,37.241507,9.714451,33.712901,14.791827,88.806891,0.0,1.880952,22.967251,167.907648
0.0,9.137616,1.417133,3.950152,0.067011,0.717464,0.0,37.431632,0.289325,0.0,27.588971,1.133176
0.415035,16.160125,51.187757,4.881696,2.369757,16.761539,3.432269,354.176747,20.815947,3.855896,0.0,17.654525
0.836805,110.991139,143.363243,65.427464,45.025752,36.865131,51.727051,112.388843,181.867043,10.540549,28.030576,0.0
