2331.634619
0.490635,1,3
0.049397,1,5
0.122232,1,6
0.033285,1,7
0.103648,1,8
0.120021,1,9
0.026667,1,10
0.132219,1,11
0.567789,1,12
0.123379,2,1
7.657488,2,3
9.404224,2,4
3.491664,2,5
11.803627,2,6
0.751501,2,7
13.271803,2,8
8.721312,2,9
0.013333,2,10
7.294125,2,11
25.811155,2,12
0.10048,3,1
17.207477,3,2
27.904888,3,4
4.899539,3,5
37.249981,3,6
10.799568,3,7
53.840192,3,8
5.733128,3,9
0.954272,3,10
8.702723,3,11
24.682469,3,12
0.073909,4,1
1.501661,4,2
36.566288,4,3
14.487597,4,5
37.249923,4,6
17.376853,4,7
36.370587,4,8
14.188181,4,9
6.597496,4,10
18.863016,4,11
39.643704,4,12
0.805312,5,1
9.55744,5,2
7.465336,5,3
1.180432,5,4
2.255856,5,6
3.360691,5,7
14.464083,5,8
1.712469,5,9
1.649717,5,11
2.124413,5,12
0.135019,6,1
10.48672,6,2
47.926829,6,3
15.168261,6,4
1.524293,6,5
3.974787,6,7
34.5592,6,8
17.841771,6,9
0.084059,6,10
9.889016,6,11
16.230475,6,12
1.095717,7,2
16.850835,7,3
14.930152,7,4
5.086928,7,5
11.001779,7,6
8.295741,7,8
4.787744,7,9
2.96132,7,10
3.962069,7,11
7.890973,7,12
0.188195,8,1
15.592048,8,2
281.776453,8,3
11.750349,8,4
15.231941,8,5
17.900437,8,6
5.608549,8,7
41.577357,8,9
12.275296,8,10
55.004424,8,11
42.246747,8,12
0.874624,9,1
23.468813,9,2
57.506307,9,3
24.312235,9,4
10.097147,9,5
29.130208,9,6
10.757861,9,7
81.560957,9,8
0.740432,9,10
39.546379,9,11
40.214141,9,12
0.026667,10,2
0.026667,10,3
36.222651,10,4
0.082709,10,5
0.21152,10,6
35.792933,10,8
0.251541,10,9
29.530411,10,11
0.248,10,12
0.205197,11,1
6.946883,11,2
17.061152,11,3
2.26444,11,4
2.154376,11,5
6.110683,11,6
2.031139,11,7
21.604237,11,8
6.190107,11,9
1.717939,11,10
7.941893,11,12
1.085859,12,1
90.527835,12,2
87.622616,12,3
50.240077,12,4
15.862747,12,5
37.589776,12,6
5.426061,12,7
85.507389,12,8
150.892893,12,9
0.857856,12,10
27.796592,12,11
succeed
0.0,0.0,0.490635,0.0,0.049397,0.122232,0.033285,0.103648,0.120021,0.026667,0.132219,0.567789
0.123379,0.0,7.657488,9.404224,3.491664,11.803627,0.751501,13.271803,8.721312,0.013333,7.294125,25.811155
0.10048,17.207477,0.0,27.904888,4.899539,37.249981,10.799568,53.840192,5.733128,0.954272,8.702723,24.682469
0.073909,1.501661,36.566288,0.0,14.487597,37.249923,17.376853,36.370587,14.188181,6.597496,18.863016,39.643704
0.805312,9.55744,7.465336,1.180432,0.0,2.255856,3.360691,14.464083,1.712469,0.0,1.649717,2.124413
0.135019,10.48672,47.926829,15.168261,1.524293,0.0,3.974787,34.5592,17.841771,0.084059,9.889016,16.230475
0.0,1.095717,16.850835,14.930152,5.086928,11.001779,0.0,8.295741,4.787744,2.96132,3.962069,7.890973
0.188195,15.592048,281.776453,11.750349,15.231941,17.900437,5.608549,0.0,41.577357,12.275296,55.004424,42.246747
0.874624,23.468813,57.506307,24.312235,10.097147,29.130208,10.757861,81.560957,0.0,0.740432,39.546379,40.214141
0.0,0.026667,0.026667,36.222651,0.082709,0.21152,0.0,35.792933,0.251541,0.0,29.530411,0.248
0.205197,6.946883,17.061152,2.26444,2.154376,6.110683,2.031139,21.604237,6.190107,1.717939,0.0,7.941893
1.085859,90.527835,87.622616,50.240077,15.862747,37.589776,5.426061,85.507389,150.892893,0.857856,27.796592,0.0
