3003.75839
0.053333,1,2
0.494984,1,3
0.933117,1,5
1.237712,1,6
0.376328,1,9
1.715155,1,12
14.574067,2,3
0.03896,2,4
34.483299,2,5
39.42444,2,6
3.087445,2,7
25.239027,2,9
0.055808,2,10
1.213355,2,11
70.853013,2,12
34.692117,3,2
16.565488,3,4
99.639243,3,5
45.447973,3,6
9.308987,3,7
0.32248,3,8
20.70408,3,9
0.053333,3,10
1.455587,3,11
41.057581,3,12
9.655139,4,2
60.340312,4,3
29.195883,4,5
32.200888,4,6
17.465176,4,7
22.986139,4,9
8.90236,4,10
37.033072,4,12
22.870923,5,2
2.525808,5,3
0.08,5,4
0.412395,5,6
5.610008,5,9
0.08,5,11
95.051037,5,12
15.251621,6,2
165.26312,6,3
8.180653,6,4
53.817173,6,5
22.440608,6,7
23.170373,6,9
0.136216,6,10
0.142661,6,11
16.507325,6,12
5.058093,7,2
36.364232,7,3
9.299893,7,4
21.206467,7,5
12.719533,7,6
8.743445,7,9
0.026667,7,11
12.773027,7,12
18.000179,8,2
19.687883,8,3
9.163563,8,4
168.453429,8,5
0.832019,8,6
0.030208,8,7
48.262544,8,9
14.724461,8,10
24.240853,8,11
90.148565,8,12
24.55528,9,2
66.028251,9,3
33.778627,9,4
88.296717,9,5
56.708021,9,6
22.951923,9,7
0.157923,9,8
0.106667,9,10
4.039965,9,11
78.35164,9,12
0.37148,10,2
0.505533,10,3
12.231208,10,4
4.129736,10,5
0.026667,10,6
0.455696,10,7
30.225728,10,8
5.203109,10,9
53.269856,10,11
0.587008,10,12
8.627813,11,2
24.412965,11,3
4.199848,11,4
47.466611,11,5
0.350888,11,6
1.868485,11,7
20.299493,11,8
11.634845,11,9
5.501627,11,10
36.908189,11,12
116.622136,12,2
67.743077,12,3
6.533963,12,4
293.882827,12,5
45.270621,12,6
13.794816,12,7
0.154104,12,8
197.929032,12,9
0.175216,12,10
6.319936,12,11
succeed
0.0,0.053333,0.494984,0.0,0.933117,1.237712,0.0,0.0,0.376328,0.0,0.0,1.715155
0.0,0.0,14.574067,0.03896,34.483299,39.42444,3.087445,0.0,25.239027,0.055808,1.213355,70.853013
0.0,34.692117,0.0,16.565488,99.639243,45.447973,9.308987,0.32248,20.70408,0.053333,1.455587,41.057581
0.0,9.655139,60.340312,0.0,29.195883,32.200888,17.465176,0.0,22.986139,8.90236,0.0,37.033072
0.0,22.870923,2.525808,0.08,0.0,0.412395,0.0,0.0,5.610008,0.0,0.08,95.051037
0.0,15.251621,165.26312,8.180653,53.817173,0.0,22.440608,0.0,23.170373,0.136216,0.142661,16.507325
0.0,5.058093,36.364232,9.299893,21.206467,12.719533,0.0,0.0,8.743445,0.0,0.026667,12.773027
0.0,18.000179,19.687883,9.163563,168.453429,0.832019,0.030208,0.0,48.262544,14.724461,24.240853,90.148565
0.0,24.55528,66.028251,33.778627,88.296717,56.708021,22.951923,0.157923,0.0,0.106667,4.039965,78.35164
0.0,0.37148,0.505533,12.231208,4.129736,0.026667,0.455696,30.225728,5.203109,0.0,53.269856,0.587008
0.0,8.627813,24.412965,4.199848,47.466611,0.350888,1.868485,20.299493,11.634845,5.501627,0.0,36.908189
0.0,116.622136,67.743077,6.533963,293.882827,45.270621,13.794816,0.154104,197.929032,0.175216,6.319936,0.0
