2890.736285
0.053333,1,2
0.337965,1,3
0.449373,1,5
0.082443,1,6
0.026667,1,7
0.243432,1,9
0.028277,1,11
2.255229,1,12
20.115168,2,3
0.026667,2,4
36.336352,2,5
22.921901,2,6
2.760099,2,7
0.044552,2,8
23.309,2,9
0.054587,2,10
1.262016,2,11
77.494979,2,12
27.533701,3,2
14.444805,3,4
89.277059,3,5
44.741115,3,6
16.162677,3,7
0.475691,3,8
27.253917,3,9
0.115461,3,10
0.317776,3,11
34.089005,3,12
11.394925,4,2
65.824816,4,3
24.910221,4,5
24.704091,4,6
19.766472,4,7
18.681419,4,9
7.527877,4,10
36.940141,4,12
26.728363,5,2
2.433877,5,3
0.053333,5,6
0.026667,5,7
6.690331,5,9
0.064373,5,11
101.642859,5,12
14.711608,6,2
155.951197,6,3
10.615307,6,4
51.288563,6,5
17.343875,6,7
0.0284,6,8
29.033499,6,9
0.132715,6,10
0.204632,6,11
14.622285,6,12
6.729045,7,2
38.474859,7,3
8.874941,7,4
14.040003,7,5
9.801107,7,6
0.026667,7,8
9.652563,7,9
0.053333,7,11
11.482387,7,12
21.812955,8,2
13.060467,8,3
4.820907,8,4
172.639309,8,5
2.797453,8,6
0.155493,8,7
53.97016,8,9
18.848192,8,10
18.926491,8,11
96.346523,8,12
50.367181,9,2
63.190979,9,3
39.093371,9,4
92.614555,9,5
37.044979,9,6
16.631691,9,7
0.227851,9,10
2.485752,9,11
74.263368,9,12
0.244371,10,2
0.225016,10,3
0.460029,10,4
3.470347,10,5
0.155384,10,7
24.665811,10,8
10.725973,10,9
45.267128,10,11
0.395291,10,12
8.946203,11,2
26.405637,11,3
4.519488,11,4
49.036136,11,5
0.334304,11,6
2.879315,11,7
19.689872,11,8
14.156088,11,9
4.218059,11,10
26.240013,11,12
137.005035,12,2
69.399224,12,3
4.690352,12,4
277.79448,12,5
39.593144,12,6
6.872272,12,7
147.820624,12,9
0.277739,12,10
3.281275,12,11
succeed
0.0,0.053333,0.337965,0.0,0.449373,0.082443,0.026667,0.0,0.243432,0.0,0.028277,2.255229
0.0,0.0,20.115168,0.026667,36.336352,22.921901,2.760099,0.044552,23.309,0.054587,1.262016,77.494979
0.0,27.533701,0.0,14.444805,89.277059,44.741115,16.162677,0.475691,27.253917,0.115461,0.317776,34.089005
0.0,11.394925,65.824816,0.0,24.910221,24.704091,19.766472,0.0,18.681419,7.527877,0.0,36.940141
0.0,26.728363,2.433877,0.0,0.0,0.053333,0.026667,0.0,6.690331,0.0,0.064373,101.642859
0.0,14.711608,155.951197,10.615307,51.288563,0.0,17.343875,0.0284,29.033499,0.132715,0.204632,14.622285
0.0,6.729045,38.474859,8.874941,14.040003,9.801107,0.0,0.026667,9.652563,0.0,0.053333,11.482387
0.0,21.812955,13.060467,4.820907,172.639309,2.797453,0.155493,0.0,53.97016,18.848192,18.926491,96.346523
0.0,50.367181,63.190979,39.093371,92.614555,37.044979,16.631691,0.0,0.0,0.227851,2.485752,74.263368
0.0,0.244371,0.225016,0.460029,3.470347,0.0,0.155384,24.665811,10.725973,0.0,45.267128,0.395291
0.0,8.946203,26.405637,4.519488,49.036136,0.334304,2.879315,19.689872,14.156088,4.218059,0.0,26.240013
0.0,137.005035,69.399224,4.690352,277.79448,39.593144,6.872272,0.0,147.820624,0.277739,3.281275,0.0
