7741.542607
0.026667,1,2
0.273192,1,3
0.106848,1,5
0.026667,1,6
0.034688,1,7
0.099931,1,8
0.026667,1,9
0.035301,1,10
1.980056,1,12
0.130875,2,1
6.623837,2,3
5.246728,2,4
2.344133,2,5
11.965184,2,6
1.31524,2,7
24.106336,2,8
2.436573,2,9
0.115968,2,10
3.895221,2,11
30.273344,2,12
2.273797,3,1
7.702363,3,2
17.563587,3,4
12.40852,3,5
22.153099,3,6
8.555069,3,7
5442.762667,3,8
125.808293,3,9
3.109768,3,10
7.273656,3,11
42.732859,3,12
0.07392,4,1
1.997869,4,2
33.585656,4,3
19.522008,4,5
20.485181,4,6
13.756285,4,7
9.648091,4,8
44.40632,4,9
10.095379,4,10
7.406093,4,11
45.938779,4,12
3.157632,5,1
3.988205,5,2
8.135957,5,3
1.176552,5,4
0.983728,5,6
1.489099,5,7
7.796643,5,8
5.601813,5,9
3.902069,5,11
15.500453,5,12
0.026667,6,1
18.884744,6,2
35.450027,6,3
4.189547,6,4
1.145635,6,5
5.316675,6,7
23.657733,6,8
54.727035,6,9
1.473248,6,10
13.287016,6,11
23.065011,6,12
0.026667,7,1
1.878835,7,2
8.402139,7,3
3.882261,7,4
10.251619,7,5
8.606877,7,6
3.8222,7,8
12.615368,7,9
0.026667,7,10
0.389283,7,11
5.932843,7,12
0.943629,8,1
17.212269,8,2
52.660749,8,3
10.272312,8,4
17.724688,8,5
26.199475,8,6
6.763885,8,7
122.281301,8,9
13.532627,8,10
22.857333,8,11
90.815456,8,12
0.40164,9,1
20.663808,9,2
52.325115,9,3
25.771805,9,4
15.729963,9,5
37.232032,9,6
7.927032,9,7
75.871528,9,8
4.375168,9,10
21.782485,9,11
54.877157,9,12
8.215232,10,2
0.409123,10,3
7.98868,10,4
0.031957,10,5
0.14172,10,6
0.026667,10,7
37.844413,10,8
1.228731,10,9
33.339144,10,11
0.795181,10,12
0.177381,11,1
10.582477,11,2
6.643616,11,3
3.075088,11,4
4.82764,11,5
8.116048,11,6
2.852005,11,7
16.085557,11,8
12.823008,11,9
2.287813,11,10
26.648013,11,12
0.457693,12,1
70.973493,12,2
54.768837,12,3
68.722251,12,4
25.84672,12,5
66.230949,12,6
11.698941,12,7
102.857659,12,8
138.477643,12,9
6.705552,12,10
33.328955,12,11
succeed
0.0,0.026667,0.273192,0.0,0.106848,0.026667,0.034688,0.099931,0.026667,0.035301,0.0,1.980056
0.130875,0.0,6.623837,5.246728,2.344133,11.965184,1.31524,24.106336,2.436573,0.115968,3.895221,30.273344
2.273797,7.702363,0.0,17.563587,12.40852,22.153099,8.555069,5442.762667,125.808293,3.109768,7.273656,42.732859
0.07392,1.997869,33.585656,0.0,19.522008,20.485181,13.756285,9.648091,44.40632,10.095379,7.406093,45.938779
3.157632,3.988205,8.135957,1.176552,0.0,0.983728,1.489099,7.796643,5.601813,0.0,3.902069,15.500453
0.026667,18.884744,35.450027,4.189547,1.145635,0.0,5.316675,23.657733,54.727035,1.473248,13.287016,23.065011
0.026667,1.878835,8.402139,3.882261,10.251619,8.606877,0.0,3.8222,12.615368,0.026667,0.389283,5.932843
0.943629,17.212269,52.660749,10.272312,17.724688,26.199475,6.763885,0.0,122.281301,13.532627,22.857333,90.815456
0.40164,20.663808,52.325115,25.771805,15.729963,37.232032,7.927032,75.871528,0.0,4.375168,21.782485,54.877157
0.0,8.215232,0.409123,7.98868,0.031957,0.14172,0.026667,37.844413,1.228731,0.0,33.339144,0.795181
0.177381,10.582477,6.643616,3.075088,4.82764,8.116048,2.852005,16.085557,12.823008,2.287813,0.0,26.648013
0.457693,70.973493,54.768837,68.722251,25.84672,66.230949,11.698941,102.857659,138.477643,6.705552,33.328955,0.0
