3553.810989
0.284672,1,2
0.393771,1,3
0.053333,1,4
0.164864,1,5
0.283328,1,6
0.098213,1,7
0.46308,1,8
0.120701,1,9
0.026667,1,11
1.084317,1,12
0.773845,2,1
14.196805,2,3
13.857341,2,4
41.838776,2,5
16.221213,2,6
3.013549,2,7
696.949733,2,8
5.527584,2,9
0.264979,2,10
6.483544,2,11
32.47532,2,12
0.623531,3,1
20.182757,3,2
61.884904,3,4
6.564472,3,5
75.909877,3,6
13.363149,3,7
78.504336,3,8
11.589528,3,9
3.445683,3,10
4.930811,3,11
29.403856,3,12
0.269504,4,1
7.048936,4,2
35.472856,4,3
33.201728,4,5
36.888168,4,6
15.892616,4,7
27.267565,4,8
25.290088,4,9
8.566819,4,10
21.353005,4,11
43.429368,4,12
4.354677,5,1
9.812048,5,2
9.842152,5,3
1.462027,5,4
6.294427,5,6
0.899461,5,7
11.218869,5,8
2.762864,5,9
0.053333,5,10
4.156643,5,11
3.155875,5,12
0.086688,6,1
20.605277,6,2
63.266312,6,3
14.477043,6,4
4.062973,6,5
7.653227,6,7
41.97184,6,8
21.636083,6,9
10.293995,6,10
18.036595,6,11
22.367824,6,12
0.064203,7,1
2.674168,7,2
23.984203,7,3
13.333117,7,4
6.510459,7,5
13.989512,7,6
6.410373,7,8
4.366712,7,9
3.405637,7,10
4.956179,7,11
12.805285,7,12
1.095088,8,1
30.618651,8,2
111.234224,8,3
37.198869,8,4
10.901952,8,5
49.653005,8,6
7.123893,8,7
59.960749,8,9
21.362208,8,10
69.206432,8,11
97.312787,8,12
6.661968,9,1
39.073995,9,2
37.617507,9,3
40.785013,9,4
8.420581,9,5
25.972123,9,6
18.529256,9,7
81.847163,9,8
3.840635,9,10
25.24452,9,11
98.559565,9,12
4.153387,10,1
0.053333,10,2
0.72908,10,3
21.783632,10,4
0.216512,10,5
0.62372,10,6
0.026667,10,7
48.340557,10,8
0.697741,10,9
28.577997,10,11
0.328995,10,12
0.026667,11,1
12.467741,11,2
16.695872,11,3
7.565989,11,4
2.182069,11,5
15.214059,11,6
9.022616,11,7
28.754301,11,8
10.807387,11,9
19.021349,11,10
9.859997,11,12
0.821339,12,1
96.284971,12,2
72.814424,12,3
56.269661,12,4
20.867309,12,5
42.667744,12,6
30.477237,12,7
127.635131,12,8
172.137989,12,9
4.405408,12,10
43.430651,12,11
succeed
0.0,0.284672,0.393771,0.053333,0.164864,0.283328,0.098213,0.46308,0.120701,0.0,0.026667,1.084317
0.773845,0.0,14.196805,13.857341,41.838776,16.221213,3.013549,696.949733,5.527584,0.264979,6.483544,32.47532
0.623531,20.182757,0.0,61.884904,6.564472,75.909877,13.363149,78.504336,11.589528,3.445683,4.930811,29.403856
0.269504,7.048936,35.472856,0.0,33.201728,36.888168,15.892616,27.267565,25.290088,8.566819,21.353005,43.429368
4.354677,9.812048,9.842152,1.462027,0.0,6.294427,0.899461,11.218869,2.762864,0.053333,4.156643,3.155875
0.086688,20.605277,63.266312,14.477043,4.062973,0.0,7.653227,41.97184,21.636083,10.293995,18.036595,22.367824
0.064203,2.674168,23.984203,13.333117,6.510459,13.989512,0.0,6.410373,4.366712,3.405637,4.956179,12.805285
1.095088,30.618651,111.234224,37.198869,10.901952,49.653005,7.123893,0.0,59.960749,21.362208,69.206432,97.312787
6.661968,39.073995,37.617507,40.785013,8.420581,25.972123,18.529256,81.847163,0.0,3.840635,25.24452,98.559565
4.153387,0.053333,0.72908,21.783632,0.216512,0.62372,0.026667,48.340557,0.697741,0.0,28.577997,0.328995
0.026667,12.467741,16.695872,7.565989,2.182069,15.214059,9.022616,28.754301,10.807387,19.021349,0.0,9.859997
0.821339,96.284971,72.814424,56.269661,20.867309,42.667744,30.477237,127.635131,172.137989,4.405408,43.430651,0.0
