1728.80321
0.060189,1,3
0.026667,1,4
0.088512,1,5
1.007363,1,7
0.026667,1,8
0.026667,1,9
0.046515,1,11
0.032,1,12
4.184803,2,3
5.049872,2,4
43.51112,2,5
10.510219,2,6
4.008317,2,7
13.530408,2,8
1.972616,2,9
0.091795,2,10
6.770443,2,11
16.688491,2,12
4.074179,3,2
20.234336,3,4
10.915331,3,5
18.988856,3,6
6.109883,3,7
27.673728,3,8
9.165168,3,9
0.288523,3,10
4.301992,3,11
22.705901,3,12
0.120587,4,1
4.738875,4,2
45.848587,4,3
18.393904,4,5
27.470051,4,6
14.211872,4,7
25.790019,4,8
9.916499,4,9
4.675971,4,10
7.98596,4,11
38.328379,4,12
4.201301,5,1
16.384501,5,2
4.161965,5,3
1.100656,5,4
0.418859,5,6
0.581973,5,7
3.546723,5,8
1.404744,5,9
0.026667,5,10
0.296059,5,11
3.982525,5,12
6.035957,6,2
39.572045,6,3
15.055904,6,4
0.602424,6,5
1.367381,6,7
14.840683,6,8
10.077731,6,9
0.510541,6,10
11.281832,6,11
12.549952,6,12
2.273893,7,2
6.600243,7,3
3.281603,7,4
4.242259,7,5
9.22268,7,6
6.15764,7,8
1.211952,7,9
1.725781,7,10
3.004232,7,11
15.835307,7,12
8.678264,8,2
43.563805,8,3
12.501384,8,4
5.065157,8,5
14.025515,8,6
5.409336,8,7
24.272755,8,9
17.66492,8,10
25.189803,8,11
23.137387,8,12
0.798325,9,1
9.198152,9,2
18.947853,9,3
28.116621,9,4
5.519776,9,5
6.585384,9,6
7.433704,9,7
58.727552,9,8
1.841835,9,10
12.764245,9,11
56.445101,9,12
0.026667,10,2
0.026667,10,3
0.248667,10,4
0.170776,10,6
36.385464,10,8
0.491285,10,9
41.012659,10,11
7.347269,11,2
14.492472,11,3
1.468445,11,4
0.951611,11,5
4.325485,11,6
1.670488,11,7
182.453637,11,8
10.302768,11,9
5.167256,11,10
2.375685,11,12
0.05296,12,1
56.997536,12,2
55.44492,12,3
32.927504,12,4
12.84948,12,5
54.339723,12,6
13.647563,12,7
31.447037,12,8
117.73272,12,9
6.219381,12,10
21.212933,12,11
succeed
0.0,0.0,0.060189,0.026667,0.088512,0.0,1.007363,0.026667,0.026667,0.0,0.046515,0.032
0.0,0.0,4.184803,5.049872,43.51112,10.510219,4.008317,13.530408,1.972616,0.091795,6.770443,16.688491
0.0,4.074179,0.0,20.234336,10.915331,18.988856,6.109883,27.673728,9.165168,0.288523,4.301992,22.705901
0.120587,4.738875,45.848587,0.0,18.393904,27.470051,14.211872,25.790019,9.916499,4.675971,7.98596,38.328379
4.201301,16.384501,4.161965,1.100656,0.0,0.418859,0.581973,3.546723,1.404744,0.026667,0.296059,3.982525
0.0,6.035957,39.572045,15.055904,0.602424,0.0,1.367381,14.840683,10.077731,0.510541,11.281832,12.549952
0.0,2.273893,6.600243,3.281603,4.242259,9.22268,0.0,6.15764,1.211952,1.725781,3.004232,15.835307
0.0,8.678264,43.563805,12.501384,5.065157,14.025515,5.409336,0.0,24.272755,17.66492,25.189803,23.137387
0.798325,9.198152,18.947853,28.116621,5.519776,6.585384,7.433704,58.727552,0.0,1.841835,12.764245,56.445101
0.0,0.026667,0.026667,0.248667,0.0,0.170776,0.0,36.385464,0.491285,0.0,41.012659,0.0
0.0,7.347269,14.492472,1.468445,0.951611,4.325485,1.670488,182.453637,10.302768,5.167256,0.0,2.375685
0.05296,56.997536,55.44492,32.927504,12.84948,54.339723,13.647563,31.447037,117.73272,6.219381,21.212933,0.0
