2366.783996
0.026667,1,2
0.685885,1,3
0.216395,1,4
0.026667,1,5
1.072301,1,8
1.095432,1,9
4.441813,1,12
0.152064,2,1
4.803221,2,3
5.061064,2,4
3.273976,2,5
17.972504,2,6
0.718483,2,7
17.035067,2,8
4.181115,2,9
0.040443,2,10
5.605088,2,11
50.602315,2,12
0.040571,3,1
5.85984,3,2
12.036088,3,4
5.219013,3,5
18.762144,3,6
5.334128,3,7
53.164331,3,8
9.353261,3,9
0.420477,3,10
15.359371,3,11
55.002027,3,12
0.104509,4,1
3.887987,4,2
55.752435,4,3
18.054899,4,5
8.018947,4,6
18.190688,4,7
9.474083,4,8
15.395525,4,9
8.166925,4,10
11.712493,4,11
18.050176,4,12
0.198731,5,1
0.382923,5,2
15.846568,5,3
1.229205,5,4
3.055659,5,6
1.185029,5,7
8.943304,5,8
2.879909,5,9
5.246109,5,11
2.04472,5,12
8.471269,6,2
81.455453,6,3
5.603203,6,4
3.233163,6,5
2.66016,6,7
51.415749,6,8
31.683203,6,9
0.387075,6,10
6.646867,6,11
2.55096,6,12
1.218808,7,2
23.414357,7,3
18.421619,7,4
2.527976,7,5
10.000933,7,6
8.746901,7,8
2.800003,7,9
0.163341,7,10
0.966163,7,11
10.096811,7,12
0.174387,8,1
42.385453,8,2
155.570619,8,3
9.482077,8,4
3.487405,8,5
34.877672,8,6
4.73796,8,7
59.053133,8,9
5.572672,8,10
57.566275,8,11
104.69592,8,12
0.147395,9,1
12.041837,9,2
40.079784,9,3
29.084259,9,4
9.871155,9,5
26.746811,9,6
6.346931,9,7
99.5402,9,8
2.518848,9,10
34.193125,9,11
55.123536,9,12
0.08,10,2
1.391045,10,3
5.155576,10,4
0.032472,10,5
0.19568,10,6
13.979592,10,8
0.186075,10,9
6.807944,10,11
0.070531,11,1
6.292965,11,2
31.162768,11,3
2.248008,11,4
2.892488,11,5
8.054989,11,6
2.911141,11,7
29.407739,11,8
11.784299,11,9
3.455069,11,10
7.424656,11,12
0.055,12,1
93.134776,12,2
81.593899,12,3
40.795443,12,4
23.436781,12,5
32.003427,12,6
12.471816,12,7
148.142251,12,8
194.057083,12,9
3.474211,12,10
32.942229,12,11
succeed
0.0,0.026667,0.685885,0.216395,0.026667,0.0,0.0,1.072301,1.095432,0.0,0.0,4.441813
0.152064,0.0,4.803221,5.061064,3.273976,17.972504,0.718483,17.035067,4.181115,0.040443,5.605088,50.602315
0.040571,5.85984,0.0,12.036088,5.219013,18.762144,5.334128,53.164331,9.353261,0.420477,15.359371,55.002027
0.104509,3.887987,55.752435,0.0,18.054899,8.018947,18.190688,9.474083,15.395525,8.166925,11.712493,18.050176
0.198731,0.382923,15.846568,1.229205,0.0,3.055659,1.185029,8.943304,2.879909,0.0,5.246109,2.04472
0.0,8.471269,81.455453,5.603203,3.233163,0.0,2.66016,51.415749,31.683203,0.387075,6.646867,2.55096
0.0,1.218808,23.414357,18.421619,2.527976,10.000933,0.0,8.746901,2.800003,0.163341,0.966163,10.096811
0.174387,42.385453,155.570619,9.482077,3.487405,34.877672,4.73796,0.0,59.053133,5.572672,57.566275,104.69592
0.147395,12.041837,40.079784,29.084259,9.871155,26.746811,6.346931,99.5402,0.0,2.518848,34.193125,55.123536
0.0,0.08,1.391045,5.155576,0.032472,0.19568,0.0,13.979592,0.186075,0.0,6.807944,0.0
0.070531,6.292965,31.162768,2.248008,2.892488,8.054989,2.911141,29.407739,11.784299,3.455069,0.0,7.424656
0.055,93.134776,81.593899,40.795443,23.436781,32.003427,12.471816,148.142251,194.057083,3.474211,32.942229,0.0
