1810.238468
0.026667,1,4
0.055661,1,5
0.245381,1,6
0.379467,1,8
0.026667,1,9
1.088923,1,12
0.118571,2,1
3.184349,2,3
7.880685,2,4
43.838285,2,5
23.016032,2,6
1.780344,2,7
13.571119,2,8
2.801704,2,9
1.580052,2,10
4.256739,2,11
38.232405,2,12
4.83668,3,2
10.104944,3,4
4.545579,3,5
17.479949,3,6
16.727656,3,7
21.969184,3,8
8.504824,3,9
0.180752,3,10
5.510579,3,11
19.051451,3,12
0.12688,4,1
1.03236,4,2
46.385253,4,3
18.150925,4,5
26.703592,4,6
19.70232,4,7
10.201131,4,8
14.684347,4,9
12.165307,4,10
7.21396,4,11
32.307323,4,12
2.464715,5,1
4.252389,5,2
12.74344,5,3
0.731893,5,4
1.090704,5,6
1.776011,5,7
25.237227,5,8
1.333997,5,9
1.780355,5,11
7.578475,5,12
0.152477,6,1
5.238597,6,2
71.046973,6,3
8.637008,6,4
22.553717,6,5
4.640819,6,7
5.616829,6,8
26.327035,6,9
0.210563,6,10
14.463125,6,11
7.596683,6,12
0.657659,7,2
30.159328,7,3
9.168032,7,4
2.620861,7,5
8.950507,7,6
4.216099,7,8
5.652445,7,9
1.837067,7,10
3.788181,7,11
4.143843,7,12
16.121176,8,2
92.6362,8,3
5.183349,8,4
7.23148,8,5
19.739363,8,6
0.965981,8,7
31.602467,8,9
15.949883,8,10
21.985749,8,11
15.457229,8,12
20.99204,9,2
21.295741,9,3
25.453608,9,4
6.213981,9,5
18.127611,9,6
8.292413,9,7
63.369203,9,8
0.523989,9,10
19.150507,9,11
26.792437,9,12
0.053333,10,2
0.026667,10,3
1.269699,10,4
0.270283,10,6
23.501733,10,8
0.270528,10,9
24.506053,10,11
0.026667,10,12
6.443203,11,2
49.288995,11,3
3.253429,11,4
0.965693,11,5
3.673696,11,6
2.15816,11,7
11.973813,11,8
12.010915,11,9
7.962832,11,10
3.628928,11,12
0.026667,12,1
64.819192,12,2
72.727053,12,3
48.204336,12,4
63.988664,12,5
23.599365,12,6
8.792816,12,7
46.683077,12,8
121.963173,12,9
0.461931,12,10
34.268059,12,11
succeed
0.0,0.0,0.0,0.026667,0.055661,0.245381,0.0,0.379467,0.026667,0.0,0.0,1.088923
0.118571,0.0,3.184349,7.880685,43.838285,23.016032,1.780344,13.571119,2.801704,1.580052,4.256739,38.232405
0.0,4.83668,0.0,10.104944,4.545579,17.479949,16.727656,21.969184,8.504824,0.180752,5.510579,19.051451
0.12688,1.03236,46.385253,0.0,18.150925,26.703592,19.70232,10.201131,14.684347,12.165307,7.21396,32.307323
2.464715,4.252389,12.74344,0.731893,0.0,1.090704,1.776011,25.237227,1.333997,0.0,1.780355,7.578475
0.152477,5.238597,71.046973,8.637008,22.553717,0.0,4.640819,5.616829,26.327035,0.210563,14.463125,7.596683
0.0,0.657659,30.159328,9.168032,2.620861,8.950507,0.0,4.216099,5.652445,1.837067,3.788181,4.143843
0.0,16.121176,92.6362,5.183349,7.23148,19.739363,0.965981,0.0,31.602467,15.949883,21.985749,15.457229
0.0,20.99204,21.295741,25.453608,6.213981,18.127611,8.292413,63.369203,0.0,0.523989,19.150507,26.792437
0.0,0.053333,0.026667,1.269699,0.0,0.270283,0.0,23.501733,0.270528,0.0,24.506053,0.026667
0.0,6.443203,49.288995,3.253429,0.965693,3.673696,2.15816,11.973813,12.010915,7.962832,0.0,3.628928
0.026667,64.819192,72.727053,48.204336,63.988664,23.599365,8.792816,46.683077,121.963173,0.461931,34.268059,0.0
