1708.8809959999999
0.095003,1,3
0.026667,1,5
0.122987,1,6
0.066432,1,8
0.119915,1,9
0.071789,1,10
0.368355,1,12
0.238955,2,1
2.667133,2,3
6.369195,2,4
0.420899,2,5
7.894971,2,6
0.694893,2,7
5.944587,2,8
1.269419,2,9
0.074581,2,10
1.095,2,11
23.853104,2,12
0.127496,3,1
15.890147,3,2
3.868549,3,4
16.197589,3,5
17.945157,3,6
10.992613,3,7
24.991557,3,8
20.246299,3,9
0.08,3,10
5.213307,3,11
16.983,3,12
0.33376,4,1
12.972027,4,2
33.165035,4,3
21.399096,4,5
34.36044,4,6
17.833341,4,7
14.227299,4,8
11.236691,4,9
5.526813,4,10
4.594336,4,11
32.407147,4,12
2.775291,5,2
7.473043,5,3
1.399803,5,4
1.35692,5,6
2.07164,5,7
2.223835,5,8
5.100915,5,9
0.053333,5,10
0.78728,5,11
16.130528,5,12
0.212539,6,1
12.055699,6,2
30.314509,6,3
8.367965,6,4
12.218187,6,5
6.342464,6,7
11.386296,6,8
4.949723,6,9
0.23352,6,10
3.62028,6,11
7.659629,6,12
4.527525,7,2
10.333728,7,3
15.034005,7,4
6.390171,7,5
13.409568,7,6
4.365341,7,8
3.428869,7,9
2.452768,7,10
2.579781,7,11
6.800637,7,12
0.810731,8,1
27.080987,8,2
51.562789,8,3
11.84428,8,4
3.575568,8,5
14.578589,8,6
3.256597,8,7
20.474067,8,9
27.937448,8,10
17.112045,8,11
48.366899,8,12
0.201312,9,1
16.27472,9,2
9.366499,9,3
24.926115,9,4
4.92756,9,5
10.755771,9,6
9.793965,9,7
48.404827,9,8
0.8652,9,10
15.826987,9,11
49.942416,9,12
0.026667,10,2
0.08,10,3
4.734893,10,4
0.225296,10,6
0.026667,10,7
31.029277,10,8
2.094733,10,9
41.460491,10,11
0.08,10,12
0.427243,11,1
7.453653,11,2
11.142397,11,3
2.803107,11,4
0.528133,11,5
6.570957,11,6
1.311947,11,7
9.034083,11,8
9.329619,11,9
9.068976,11,10
6.946384,11,12
5.689504,12,1
111.329467,12,2
43.582944,12,3
45.602085,12,4
20.602413,12,5
30.663381,12,6
29.472003,12,7
85.731248,12,8
165.078568,12,9
2.229267,12,10
28.598845,12,11
succeed
0.0,0.0,0.095003,0.0,0.026667,0.122987,0.0,0.066432,0.119915,0.071789,0.0,0.368355
0.238955,0.0,2.667133,6.369195,0.420899,7.894971,0.694893,5.944587,1.269419,0.074581,1.095,23.853104
0.127496,15.890147,0.0,3.868549,16.197589,17.945157,10.992613,24.991557,20.246299,0.08,5.213307,16.983
0.33376,12.972027,33.165035,0.0,21.399096,34.36044,17.833341,14.227299,11.236691,5.526813,4.594336,32.407147
0.0,2.775291,7.473043,1.399803,0.0,1.35692,2.07164,2.223835,5.100915,0.053333,0.78728,16.130528
0.212539,12.055699,30.314509,8.367965,12.218187,0.0,6.342464,11.386296,4.949723,0.23352,3.62028,7.659629
0.0,4.527525,10.333728,15.034005,6.390171,13.409568,0.0,4.365341,3.428869,2.452768,2.579781,6.800637
0.810731,27.080987,51.562789,11.84428,3.575568,14.578589,3.256597,0.0,20.474067,27.937448,17.112045,48.366899
0.201312,16.27472,9.366499,24.926115,4.92756,10.755771,9.793965,48.404827,0.0,0.8652,15.826987,49.942416
0.0,0.026667,0.08,4.734893,0.0,0.225296,0.026667,31.029277,2.094733,0.0,41.460491,0.08
0.427243,7.453653,11.142397,2.803107,0.528133,6.570957,1.311947,9.034083,9.329619,9.068976,0.0,6.946384
5.689504,111.329467,43.582944,45.602085,20.602413,30.663381,29.472003,85.731248,165.078568,2.229267,28.598845,0.0
