3281.714905
0.076165,1,2
0.776651,1,3
0.341205,1,5
1.028085,1,6
0.061757,1,7
0.169037,1,9
0.026667,1,10
1.541688,1,12
15.773488,2,3
30.353643,2,5
33.506611,2,6
3.090091,2,7
10.865947,2,9
0.09132,2,10
0.387019,2,11
74.801048,2,12
24.436688,3,2
20.528216,3,4
129.952765,3,5
43.583464,3,6
12.750683,3,7
0.026667,3,8
19.698293,3,9
0.799125,3,10
1.95592,3,11
33.229475,3,12
6.072024,4,2
69.363352,4,3
45.7246,4,5
24.92136,4,6
9.932061,4,7
0.026667,4,8
19.893931,4,9
8.131741,4,10
0.026667,4,11
52.866629,4,12
36.887664,5,2
2.364528,5,3
0.053333,5,4
4.9392,5,9
0.026667,5,10
0.08,5,11
104.160101,5,12
12.829693,6,2
142.239381,6,3
13.821181,6,4
133.943547,6,5
24.73892,6,7
0.064853,6,8
38.202061,6,9
6.113664,6,10
0.182979,6,11
22.825581,6,12
5.575371,7,2
33.937709,7,3
7.063997,7,4
14.514832,7,5
9.289755,7,6
5.557448,7,9
0.08,7,10
0.360053,7,11
11.914885,7,12
28.351704,8,2
22.501261,8,3
8.716832,8,4
251.295472,8,5
1.421379,8,6
0.106667,8,7
67.195008,8,9
17.035067,8,10
32.633115,8,11
99.873821,8,12
34.247307,9,2
88.857955,9,3
46.615243,9,4
108.326587,9,5
43.963867,9,6
11.786539,9,7
4.759325,9,11
85.228512,9,12
0.232323,10,2
0.164549,10,3
1.625635,10,4
2.881717,10,5
1.274667,10,7
34.74368,10,8
6.445419,10,9
45.715389,10,11
0.673845,10,12
7.246808,11,2
23.565344,11,3
5.193269,11,4
38.900104,11,5
0.026667,11,6
2.280789,11,7
31.067205,11,8
10.685253,11,9
3.597928,11,10
25.345381,11,12
123.572728,12,2
130.506443,12,3
9.963165,12,4
293.97304,12,5
22.397008,12,6
11.165101,12,7
0.201877,12,8
160.264256,12,9
0.08,12,10
6.431501,12,11
succeed
0.0,0.076165,0.776651,0.0,0.341205,1.028085,0.061757,0.0,0.169037,0.026667,0.0,1.541688
0.0,0.0,15.773488,0.0,30.353643,33.506611,3.090091,0.0,10.865947,0.09132,0.387019,74.801048
0.0,24.436688,0.0,20.528216,129.952765,43.583464,12.750683,0.026667,19.698293,0.799125,1.95592,33.229475
0.0,6.072024,69.363352,0.0,45.7246,24.92136,9.932061,0.026667,19.893931,8.131741,0.026667,52.866629
0.0,36.887664,2.364528,0.053333,0.0,0.0,0.0,0.0,4.9392,0.026667,0.08,104.160101
0.0,12.829693,142.239381,13.821181,133.943547,0.0,24.73892,0.064853,38.202061,6.113664,0.182979,22.825581
0.0,5.575371,33.937709,7.063997,14.514832,9.289755,0.0,0.0,5.557448,0.08,0.360053,11.914885
0.0,28.351704,22.501261,8.716832,251.295472,1.421379,0.106667,0.0,67.195008,17.035067,32.633115,99.873821
0.0,34.247307,88.857955,46.615243,108.326587,43.963867,11.786539,0.0,0.0,0.0,4.759325,85.228512
0.0,0.232323,0.164549,1.625635,2.881717,0.0,1.274667,34.74368,6.445419,0.0,45.715389,0.673845
0.0,7.246808,23.565344,5.193269,38.900104,0.026667,2.280789,31.067205,10.685253,3.597928,0.0,25.345381
0.0,123.572728,130.506443,9.963165,293.97304,22.397008,11.165101,0.201877,160.264256,0.08,6.431501,0.0
