2815.9992780000002
1.440621,1,2
0.313533,1,3
0.026667,1,4
0.98468,1,5
0.516283,1,6
0.216219,1,7
1.960549,1,9
0.520675,1,12
16.525096,2,3
0.08,2,4
32.580141,2,5
28.753664,2,6
3.705707,2,7
8.276451,2,9
0.692483,2,11
35.600253,2,12
22.802632,3,2
29.382051,3,4
124.501557,3,5
35.752365,3,6
15.374523,3,7
0.053333,3,8
92.545451,3,9
1.287315,3,11
39.952152,3,12
7.003901,4,2
35.32024,4,3
25.899165,4,5
26.389896,4,6
12.150355,4,7
0.026667,4,8
35.675624,4,9
8.410245,4,10
0.255043,4,11
44.599715,4,12
15.412125,5,2
0.133333,5,3
0.026667,5,7
3.452688,5,9
0.026667,5,10
0.392085,5,11
63.859509,5,12
20.148989,6,2
67.176152,6,3
13.617936,6,4
112.697917,6,5
21.483669,6,7
0.125453,6,8
71.948688,6,9
0.034293,6,10
1.953763,6,11
23.591845,6,12
6.033805,7,2
22.209968,7,3
6.225208,7,4
10.655853,7,5
16.499819,7,6
16.234928,7,9
0.204181,7,11
15.184469,7,12
8.872099,8,2
2.780165,8,3
11.032768,8,4
83.802099,8,5
0.135064,8,6
0.053333,8,7
77.733779,8,9
6.958693,8,10
15.660912,8,11
46.141176,8,12
24.667472,9,2
93.04028,9,3
30.416331,9,4
130.259835,9,5
43.629208,9,6
19.672557,9,7
2.510432,9,8
0.026667,9,10
4.066109,9,11
98.416349,9,12
0.509069,10,2
0.08,10,3
1.181445,10,4
8.460613,10,5
0.026667,10,6
0.730267,10,7
39.065171,10,8
4.998547,10,9
54.423437,10,11
1.384795,10,12
8.445392,11,2
0.797944,11,3
5.728661,11,4
18.281053,11,5
0.383915,11,6
3.050248,11,7
22.664096,11,8
45.852051,11,9
5.737893,11,10
27.395584,11,12
112.968843,12,2
118.616616,12,3
5.320648,12,4
257.776363,12,5
22.132352,12,6
11.455213,12,7
0.519424,12,8
127.057384,12,9
0.160552,12,10
12.014445,12,11
succeed
0.0,1.440621,0.313533,0.026667,0.98468,0.516283,0.216219,0.0,1.960549,0.0,0.0,0.520675
0.0,0.0,16.525096,0.08,32.580141,28.753664,3.705707,0.0,8.276451,0.0,0.692483,35.600253
0.0,22.802632,0.0,29.382051,124.501557,35.752365,15.374523,0.053333,92.545451,0.0,1.287315,39.952152
0.0,7.003901,35.32024,0.0,25.899165,26.389896,12.150355,0.026667,35.675624,8.410245,0.255043,44.599715
0.0,15.412125,0.133333,0.0,0.0,0.0,0.026667,0.0,3.452688,0.026667,0.392085,63.859509
0.0,20.148989,67.176152,13.617936,112.697917,0.0,21.483669,0.125453,71.948688,0.034293,1.953763,23.591845
0.0,6.033805,22.209968,6.225208,10.655853,16.499819,0.0,0.0,16.234928,0.0,0.204181,15.184469
0.0,8.872099,2.780165,11.032768,83.802099,0.135064,0.053333,0.0,77.733779,6.958693,15.660912,46.141176
0.0,24.667472,93.04028,30.416331,130.259835,43.629208,19.672557,2.510432,0.0,0.026667,4.066109,98.416349
0.0,0.509069,0.08,1.181445,8.460613,0.026667,0.730267,39.065171,4.998547,0.0,54.423437,1.384795
0.0,8.445392,0.797944,5.728661,18.281053,0.383915,3.050248,22.664096,45.852051,5.737893,0.0,27.395584
0.0,112.968843,118.616616,5.320648,257.776363,22.132352,11.455213,0.519424,127.057384,0.160552,12.014445,0.0
