2912.935618
0.170205,1,2
0.239285,1,3
0.128899,1,5
0.247621,1,6
0.103141,1,7
0.06736,1,8
0.08,1,9
0.026667,1,10
0.113827,1,11
0.571915,1,12
0.626096,2,1
8.989035,2,3
7.355309,2,4
55.308811,2,5
14.288323,2,6
6.723464,2,7
13.517561,2,8
10.322051,2,9
0.460177,2,10
4.246501,2,11
50.593331,2,12
0.437997,3,1
16.856963,3,2
19.300792,3,4
20.059544,3,5
83.859272,3,6
27.805355,3,7
55.477603,3,8
12.467037,3,9
10.045027,3,10
5.66372,3,11
66.565531,3,12
0.300533,4,1
9.962744,4,2
59.545165,4,3
23.765016,4,5
30.79052,4,6
25.774152,4,7
25.902435,4,8
26.952173,4,9
22.138349,4,10
22.882128,4,11
50.611077,4,12
1.039376,5,1
12.488101,5,2
13.324896,5,3
4.970691,5,4
2.590371,5,6
3.527859,5,7
3.82812,5,8
4.139461,5,9
0.821299,5,10
1.358003,5,11
8.874011,5,12
0.204325,6,1
36.58628,6,2
49.194653,6,3
14.372376,6,4
23.716125,6,5
37.437427,6,7
22.37256,6,8
22.969629,6,9
7.419347,6,10
8.701419,6,11
17.945544,6,12
0.102232,7,1
5.949048,7,2
30.135845,7,3
11.676733,7,4
8.634325,7,5
35.264608,7,6
5.2338,7,8
4.540096,7,9
3.255509,7,10
5.072051,7,11
14.944357,7,12
0.136267,8,1
23.900507,8,2
83.174744,8,3
27.795496,8,4
14.195664,8,5
24.567752,8,6
4.91732,8,7
42.360253,8,9
32.910912,8,10
24.282677,8,11
59.003331,8,12
1.357923,9,1
44.423005,9,2
20.753688,9,3
39.053229,9,4
19.132568,9,5
22.870811,9,6
20.043384,9,7
79.693491,9,8
3.677325,9,10
32.502496,9,11
129.042619,9,12
0.053333,10,2
0.190947,10,3
9.927976,10,4
0.065176,10,5
9.03236,10,6
0.067827,10,7
39.462123,10,8
0.325347,10,9
36.624611,10,11
0.085333,10,12
0.169309,11,1
14.385096,11,2
42.69044,11,3
13.602355,11,4
7.744395,11,5
14.776955,11,6
8.300299,11,7
16.237125,11,8
28.943,11,9
4.814712,11,10
14.437323,11,12
0.532061,12,1
119.170499,12,2
83.223411,12,3
57.27292,12,4
27.192144,12,5
63.740597,12,6
29.908888,12,7
61.050856,12,8
169.974949,12,9
4.076053,12,10
71.028547,12,11
succeed
0.0,0.170205,0.239285,0.0,0.128899,0.247621,0.103141,0.06736,0.08,0.026667,0.113827,0.571915
0.626096,0.0,8.989035,7.355309,55.308811,14.288323,6.723464,13.517561,10.322051,0.460177,4.246501,50.593331
0.437997,16.856963,0.0,19.300792,20.059544,83.859272,27.805355,55.477603,12.467037,10.045027,5.66372,66.565531
0.300533,9.962744,59.545165,0.0,23.765016,30.79052,25.774152,25.902435,26.952173,22.138349,22.882128,50.611077
1.039376,12.488101,13.324896,4.970691,0.0,2.590371,3.527859,3.82812,4.139461,0.821299,1.358003,8.874011
0.204325,36.58628,49.194653,14.372376,23.716125,0.0,37.437427,22.37256,22.969629,7.419347,8.701419,17.945544
0.102232,5.949048,30.135845,11.676733,8.634325,35.264608,0.0,5.2338,4.540096,3.255509,5.072051,14.944357
0.136267,23.900507,83.174744,27.795496,14.195664,24.567752,4.91732,0.0,42.360253,32.910912,24.282677,59.003331
1.357923,44.423005,20.753688,39.053229,19.132568,22.870811,20.043384,79.693491,0.0,3.677325,32.502496,129.042619
0.0,0.053333,0.190947,9.927976,0.065176,9.03236,0.067827,39.462123,0.325347,0.0,36.624611,0.085333
0.169309,14.385096,42.69044,13.602355,7.744395,14.776955,8.300299,16.237125,28.943,4.814712,0.0,14.437323
0.532061,119.170499,83.223411,57.27292,27.192144,63.740597,29.908888,61.050856,169.974949,4.076053,71.028547,0.0
