2663.501397
0.170256,1,2
0.026667,1,3
0.15968,1,5
0.193056,1,7
0.04,1,8
0.053333,1,9
0.013333,1,10
0.026667,1,11
0.445696,1,12
0.310341,2,1
8.912275,2,3
5.398096,2,4
57.995789,2,5
13.478872,2,6
5.038901,2,7
13.031513,2,8
7.074629,2,9
5.491639,2,10
3.334344,2,11
45.194725,2,12
0.053333,3,1
23.190573,3,2
8.267288,3,4
12.553043,3,5
36.999872,3,6
21.587341,3,7
22.966771,3,8
31.775923,3,9
4.969643,3,10
19.065555,3,11
23.916053,3,12
0.073221,4,1
11.284555,4,2
125.600187,4,3
14.146955,4,5
30.717915,4,6
34.186157,4,7
9.890045,4,8
34.405501,4,9
22.697315,4,10
23.304483,4,11
37.234141,4,12
3.298152,5,1
6.819075,5,2
28.148917,5,3
1.090403,5,4
3.845763,5,6
1.354043,5,7
19.438715,5,8
7.109067,5,9
1.669184,5,10
0.599213,5,11
8.342589,5,12
38.677499,6,2
67.156459,6,3
8.415168,6,4
26.786643,6,5
6.423493,6,7
11.664939,6,8
19.777629,6,9
0.454155,6,10
3.419797,6,11
24.818123,6,12
0.676413,7,1
5.451832,7,2
20.141067,7,3
6.719133,7,4
4.091856,7,5
19.099304,7,6
3.291045,7,8
5.023464,7,9
1.909376,7,10
4.116725,7,11
6.428432,7,12
0.170083,8,1
34.230389,8,2
99.30752,8,3
12.38812,8,4
6.837155,8,5
23.015005,8,6
6.338488,8,7
35.587333,8,9
18.862341,8,10
21.936976,8,11
59.993136,8,12
0.322672,9,1
33.747952,9,2
49.694888,9,3
25.938864,9,4
6.796509,9,5
21.017899,9,6
7.449208,9,7
68.188131,9,8
2.198875,9,10
20.021213,9,11
70.507717,9,12
0.08,10,2
0.053333,10,3
7.145221,10,4
0.08,10,5
0.845819,10,6
0.026667,10,7
25.181165,10,8
0.113589,10,9
34.916043,10,11
1.096363,10,12
0.246371,11,1
13.877568,11,2
29.290424,11,3
3.365629,11,4
1.948269,11,5
8.096149,11,6
8.292944,11,7
37.927629,11,8
20.42912,11,9
19.098909,11,10
53.782133,11,12
4.110893,12,1
154.090893,12,2
85.557045,12,3
35.186547,12,4
21.405157,12,5
55.322971,12,6
33.836045,12,7
116.628888,12,8
164.149816,12,9
0.704765,12,10
20.531203,12,11
succeed
0.0,0.170256,0.026667,0.0,0.15968,0.0,0.193056,0.04,0.053333,0.013333,0.026667,0.445696
0.310341,0.0,8.912275,5.398096,57.995789,13.478872,5.038901,13.031513,7.074629,5.491639,3.334344,45.194725
0.053333,23.190573,0.0,8.267288,12.553043,36.999872,21.587341,22.966771,31.775923,4.969643,19.065555,23.916053
0.073221,11.284555,125.600187,0.0,14.146955,30.717915,34.186157,9.890045,34.405501,22.697315,23.304483,37.234141
3.298152,6.819075,28.148917,1.090403,0.0,3.845763,1.354043,19.438715,7.109067,1.669184,0.599213,8.342589
0.0,38.677499,67.156459,8.415168,26.786643,0.0,6.423493,11.664939,19.777629,0.454155,3.419797,24.818123
0.676413,5.451832,20.141067,6.719133,4.091856,19.099304,0.0,3.291045,5.023464,1.909376,4.116725,6.428432
0.170083,34.230389,99.30752,12.38812,6.837155,23.015005,6.338488,0.0,35.587333,18.862341,21.936976,59.993136
0.322672,33.747952,49.694888,25.938864,6.796509,21.017899,7.449208,68.188131,0.0,2.198875,20.021213,70.507717
0.0,0.08,0.053333,7.145221,0.08,0.845819,0.026667,25.181165,0.113589,0.0,34.916043,1.096363
0.246371,13.877568,29.290424,3.365629,1.948269,8.096149,8.292944,37.927629,20.42912,19.098909,0.0,53.782133
4.110893,154.090893,85.557045,35.186547,21.405157,55.322971,33.836045,116.628888,164.149816,0.704765,20.531203,0.0
