1715.962841
0.026667,1,2
0.058245,1,3
0.041885,1,5
0.026667,1,6
0.405027,1,8
0.030011,1,9
0.026667,1,11
0.569419,1,12
0.076227,2,1
2.740248,2,3
3.484928,2,4
2.255709,2,5
13.161888,2,6
0.348376,2,7
10.942027,2,8
4.519683,2,9
0.225824,2,10
2.75496,2,11
35.683867,2,12
0.026667,3,1
9.808093,3,2
14.289645,3,4
2.981317,3,5
9.990731,3,6
16.999493,3,7
28.479568,3,8
11.594011,3,9
0.132485,3,10
5.142475,3,11
20.029216,3,12
0.14192,4,1
0.504667,4,2
57.067059,4,3
9.831261,4,5
18.72,4,6
9.902811,4,7
14.358072,4,8
14.087011,4,9
3.882099,4,10
5.373216,4,11
35.089651,4,12
1.771896,5,1
3.807931,5,2
11.235909,5,3
0.626243,5,4
0.497736,5,6
0.531189,5,7
7.211333,5,8
2.238531,5,9
1.639013,5,11
1.833912,5,12
13.427088,6,2
49.033568,6,3
18.735781,6,4
0.089701,6,5
0.892157,6,7
41.016997,6,8
8.022061,6,9
0.370485,6,10
10.416709,6,11
29.846997,6,12
1.589019,7,2
10.012893,7,3
8.581811,7,4
2.517592,7,5
8.595944,7,6
8.435347,7,8
1.672547,7,9
0.194472,7,10
4.124392,7,11
11.366523,7,12
0.361299,8,1
7.485341,8,2
101.764123,8,3
21.265056,8,4
3.342285,8,5
9.465384,8,6
3.326475,8,7
38.588467,8,9
8.258019,8,10
37.350392,8,11
35.312912,8,12
0.106515,9,1
12.285141,9,2
9.833499,9,3
21.988437,9,4
4.660125,9,5
19.967805,9,6
15.765083,9,7
76.034056,9,8
1.2164,9,10
12.119984,9,11
56.108827,9,12
0.03104,10,2
0.056035,10,3
0.675136,10,4
0.032171,10,5
9.007683,10,6
0.026667,10,7
20.983405,10,8
2.968813,10,9
19.598224,10,11
0.026667,10,12
0.026667,11,1
7.204488,11,2
23.285931,11,3
1.683859,11,4
2.165509,11,5
3.088563,11,6
1.525056,11,7
17.122784,11,8
8.798752,11,9
1.323603,11,10
6.063144,11,12
0.026667,12,1
74.833835,12,2
74.31328,12,3
40.937381,12,4
23.558608,12,5
49.273048,12,6
20.939635,12,7
65.770459,12,8
93.291677,12,9
0.326312,12,10
24.246547,12,11
succeed
0.0,0.026667,0.058245,0.0,0.041885,0.026667,0.0,0.405027,0.030011,0.0,0.026667,0.569419
0.076227,0.0,2.740248,3.484928,2.255709,13.161888,0.348376,10.942027,4.519683,0.225824,2.75496,35.683867
0.026667,9.808093,0.0,14.289645,2.981317,9.990731,16.999493,28.479568,11.594011,0.132485,5.142475,20.029216
0.14192,0.504667,57.067059,0.0,9.831261,18.72,9.902811,14.358072,14.087011,3.882099,5.373216,35.089651
1.771896,3.807931,11.235909,0.626243,0.0,0.497736,0.531189,7.211333,2.238531,0.0,1.639013,1.833912
0.0,13.427088,49.033568,18.735781,0.089701,0.0,0.892157,41.016997,8.022061,0.370485,10.416709,29.846997
0.0,1.589019,10.012893,8.581811,2.517592,8.595944,0.0,8.435347,1.672547,0.194472,4.124392,11.366523
0.361299,7.485341,101.764123,21.265056,3.342285,9.465384,3.326475,0.0,38.588467,8.258019,37.350392,35.312912
0.106515,12.285141,9.833499,21.988437,4.660125,19.967805,15.765083,76.034056,0.0,1.2164,12.119984,56.108827
0.0,0.03104,0.056035,0.675136,0.032171,9.007683,0.026667,20.983405,2.968813,0.0,19.598224,0.026667
0.026667,7.204488,23.285931,1.683859,2.165509,3.088563,1.525056,17.122784,8.798752,1.323603,0.0,6.063144
0.026667,74.833835,74.31328,40.937381,23.558608,49.273048,20.939635,65.770459,93.291677,0.326312,24.246547,0.0
