2812.367073
0.063685,1,2
1.220272,1,3
0.053333,1,4
0.486517,1,5
0.053333,1,6
0.202795,1,7
0.288771,1,8
0.207651,1,9
0.198267,1,11
0.989981,1,12
0.053333,2,1
16.244792,2,3
5.508152,2,4
4.498928,2,5
18.34452,2,6
2.007728,2,7
12.631157,2,8
5.330773,2,9
0.656547,2,10
4.471632,2,11
48.532027,2,12
1.026597,3,1
12.738355,3,2
28.574077,3,4
12.051861,3,5
38.722845,3,6
19.41084,3,7
40.972573,3,8
20.270885,3,9
5.876379,3,10
27.524597,3,11
35.676507,3,12
0.172496,4,1
6.409416,4,2
77.113704,4,3
23.299307,4,5
25.385357,4,6
24.288685,4,7
14.878256,4,8
19.399445,4,9
8.422712,4,10
8.137037,4,11
47.208376,4,12
0.819787,5,1
6.739,5,2
24.5876,5,3
5.228027,5,4
11.088312,5,6
7.845683,5,7
96.108797,5,8
5.963256,5,9
2.856384,5,10
3.845408,5,11
3.429877,5,12
0.279035,6,1
10.501285,6,2
91.609032,6,3
21.671464,6,4
9.192739,6,5
12.166749,6,7
25.346976,6,8
35.073413,6,9
4.29124,6,10
9.353051,6,11
27.073088,6,12
0.079992,7,1
2.249875,7,2
26.154739,7,3
10.017184,7,4
3.986435,7,5
7.006315,7,6
10.556437,7,8
7.122448,7,9
2.158107,7,10
5.096864,7,11
5.749603,7,12
0.867741,8,1
13.604461,8,2
118.796488,8,3
12.303208,8,4
14.911205,8,5
51.649997,8,6
9.93664,8,7
62.340147,8,9
13.906147,8,10
25.099944,8,11
66.983792,8,12
4.601875,9,1
24.683376,9,2
69.197032,9,3
32.753859,9,4
17.785864,9,5
45.028267,9,6
20.894725,9,7
69.076048,9,8
8.589285,9,10
34.489979,9,11
65.454989,9,12
0.304309,10,2
3.319291,10,3
4.768195,10,4
0.771512,10,5
1.297888,10,6
0.925539,10,7
33.58664,10,8
1.186395,10,9
51.632576,10,11
0.573429,10,12
0.053333,11,1
5.934307,11,2
44.801645,11,3
3.708549,11,4
7.569584,11,5
12.952013,11,6
5.546501,11,7
34.042912,11,8
12.601304,11,9
5.470085,11,10
6.77864,11,12
0.742576,12,1
119.842219,12,2
107.867739,12,3
53.411824,12,4
12.281691,12,5
55.680813,12,6
15.684528,12,7
91.568208,12,8
157.044035,12,9
1.750221,12,10
60.8608,12,11
succeed
0.0,0.063685,1.220272,0.053333,0.486517,0.053333,0.202795,0.288771,0.207651,0.0,0.198267,0.989981
0.053333,0.0,16.244792,5.508152,4.498928,18.34452,2.007728,12.631157,5.330773,0.656547,4.471632,48.532027
1.026597,12.738355,0.0,28.574077,12.051861,38.722845,19.41084,40.972573,20.270885,5.876379,27.524597,35.676507
0.172496,6.409416,77.113704,0.0,23.299307,25.385357,24.288685,14.878256,19.399445,8.422712,8.137037,47.208376
0.819787,6.739,24.5876,5.228027,0.0,11.088312,7.845683,96.108797,5.963256,2.856384,3.845408,3.429877
0.279035,10.501285,91.609032,21.671464,9.192739,0.0,12.166749,25.346976,35.073413,4.29124,9.353051,27.073088
0.079992,2.249875,26.154739,10.017184,3.986435,7.006315,0.0,10.556437,7.122448,2.158107,5.096864,5.749603
0.867741,13.604461,118.796488,12.303208,14.911205,51.649997,9.93664,0.0,62.340147,13.906147,25.099944,66.983792
4.601875,24.683376,69.197032,32.753859,17.785864,45.028267,20.894725,69.076048,0.0,8.589285,34.489979,65.454989
0.0,0.304309,3.319291,4.768195,0.771512,1.297888,0.925539,33.58664,1.186395,0.0,51.632576,0.573429
0.053333,5.934307,44.801645,3.708549,7.569584,12.952013,5.546501,34.042912,12.601304,5.470085,0.0,6.77864
0.742576,119.842219,107.867739,53.411824,12.281691,55.680813,15.684528,91.568208,157.044035,1.750221,60.8608,0.0
