1563.623771
0.026667,1,2
0.111811,1,3
0.026667,1,5
0.342437,1,7
0.112715,1,8
0.046027,1,9
0.293525,1,12
0.076256,2,1
9.594867,2,3
2.471408,2,4
22.927035,2,5
11.604995,2,6
2.751664,2,7
8.997767,2,8
5.815269,2,9
0.215137,2,10
2.467211,2,11
30.355424,2,12
0.072213,3,1
10.773019,3,2
19.933101,3,4
2.963957,3,5
11.337581,3,6
2.694987,3,7
32.955861,3,8
16.318755,3,9
0.398701,3,10
4.322339,3,11
15.900448,3,12
0.210069,4,1
2.632413,4,2
38.427757,4,3
11.507413,4,5
29.7522,4,6
15.552315,4,7
5.615819,4,8
17.969368,4,9
12.542371,4,10
16.824733,4,11
40.710139,4,12
0.200437,5,1
1.937221,5,2
9.970715,5,3
0.567867,5,4
9.335267,5,6
0.942437,5,7
2.681203,5,8
1.866192,5,9
0.381355,5,11
3.646115,5,12
0.053333,6,1
13.670475,6,2
52.809739,6,3
8.470632,6,4
2.282032,6,5
1.999168,6,7
4.811643,6,8
16.134349,6,9
0.238005,6,10
17.432859,6,11
34.268939,6,12
1.250715,7,2
18.982864,7,3
10.855888,7,4
4.226768,7,5
10.129717,7,6
2.423059,7,8
1.864197,7,9
1.366987,7,10
2.156709,7,11
5.727861,7,12
0.026667,8,1
6.662264,8,2
66.861243,8,3
4.442379,8,4
14.718885,8,5
8.731683,8,6
2.313352,8,7
15.399392,8,9
14.625379,8,10
16.27284,8,11
26.565555,8,12
0.667797,9,1
15.461725,9,2
27.127091,9,3
22.366371,9,4
3.533099,9,5
19.555224,9,6
5.238725,9,7
53.404685,9,8
0.325459,9,10
16.540288,9,11
27.379053,9,12
0.026667,10,2
0.106667,10,3
3.903195,10,4
0.053333,10,5
0.18464,10,6
0.026667,10,7
31.092883,10,8
0.143139,10,9
34.047296,10,11
0.053333,10,12
0.031195,11,1
6.432355,11,2
18.40924,11,3
0.950776,11,4
0.670421,11,5
5.886605,11,6
1.384787,11,7
37.187019,11,8
8.5252,11,9
3.814699,11,10
11.392045,11,12
88.373168,12,2
40.765664,12,3
38.356397,12,4
6.21064,12,5
27.710531,12,6
7.088085,12,7
43.333085,12,8
102.080115,12,9
4.973296,12,10
21.854283,12,11
succeed
0.0,0.026667,0.111811,0.0,0.026667,0.0,0.342437,0.112715,0.046027,0.0,0.0,0.293525
0.076256,0.0,9.594867,2.471408,22.927035,11.604995,2.751664,8.997767,5.815269,0.215137,2.467211,30.355424
0.072213,10.773019,0.0,19.933101,2.963957,11.337581,2.694987,32.955861,16.318755,0.398701,4.322339,15.900448
0.210069,2.632413,38.427757,0.0,11.507413,29.7522,15.552315,5.615819,17.969368,12.542371,16.824733,40.710139
0.200437,1.937221,9.970715,0.567867,0.0,9.335267,0.942437,2.681203,1.866192,0.0,0.381355,3.646115
0.053333,13.670475,52.809739,8.470632,2.282032,0.0,1.999168,4.811643,16.134349,0.238005,17.432859,34.268939
0.0,1.250715,18.982864,10.855888,4.226768,10.129717,0.0,2.423059,1.864197,1.366987,2.156709,5.727861
0.026667,6.662264,66.861243,4.442379,14.718885,8.731683,2.313352,0.0,15.399392,14.625379,16.27284,26.565555
0.667797,15.461725,27.127091,22.366371,3.533099,19.555224,5.238725,53.404685,0.0,0.325459,16.540288,27.379053
0.0,0.026667,0.106667,3.903195,0.053333,0.18464,0.026667,31.092883,0.143139,0.0,34.047296,0.053333
0.031195,6.432355,18.40924,0.950776,0.670421,5.886605,1.384787,37.187019,8.5252,3.814699,0.0,11.392045
0.0,88.373168,40.765664,38.356397,6.21064,27.710531,7.088085,43.333085,102.080115,4.973296,21.854283,0.0
