3698.501153
0.125861,1,2
1.61912,1,3
1.675845,1,5
0.292475,1,6
0.741851,1,7
0.389907,1,9
0.093973,1,11
2.678421,1,12
34.111163,2,3
0.530869,2,4
77.957955,2,5
26.825211,2,6
6.379877,2,7
26.114933,2,9
0.908869,2,11
51.863496,2,12
42.24096,3,2
133.438331,3,4
32.495029,3,5
76.864912,3,6
39.559275,3,7
0.351576,3,8
84.318619,3,9
6.024923,3,11
71.548365,3,12
11.766235,4,2
2.946413,4,3
33.097885,4,5
49.656557,4,6
22.119176,4,7
0.401333,4,9
98.952115,4,10
0.160949,4,11
24.707883,4,12
42.986413,5,2
0.293333,5,3
0.461403,5,4
0.026667,5,6
0.026667,5,7
11.465317,5,9
0.170861,5,11
119.192661,5,12
13.828336,6,2
91.538299,6,3
75.415557,6,4
20.821613,6,5
13.971893,6,7
0.026667,6,8
80.723416,6,9
1.234973,6,11
23.344965,6,12
6.057301,7,2
30.228824,7,3
26.362555,7,4
14.087707,7,5
16.234515,7,6
12.25192,7,9
0.247365,7,11
14.764301,7,12
27.232056,8,2
2.886293,8,3
0.026667,8,4
26.348779,8,5
0.031283,8,6
0.037477,8,7
7.448483,8,9
304.850027,8,10
21.686853,8,11
98.143773,8,12
55.922528,9,2
124.605048,9,3
180.631032,9,4
67.596435,9,5
67.881213,9,6
28.079509,9,7
0.138992,9,8
0.026667,9,10
6.753112,9,11
143.297152,9,12
1.077056,10,2
0.315093,10,3
0.78788,10,5
0.026667,10,7
3.709667,10,8
0.349184,10,9
48.411395,10,11
7.551261,10,12
12.220664,11,2
1.846699,11,3
0.065483,11,4
7.523189,11,5
0.053333,11,6
0.499453,11,7
12.908029,11,8
0.821144,11,9
95.36924,11,10
12.300123,11,12
93.082189,12,2
164.689787,12,3
4.04864,12,4
237.887819,12,5
57.576536,12,6
22.044536,12,7
0.08,12,8
165.214523,12,9
0.053333,12,10
5.64096,12,11
succeed
0.0,0.125861,1.61912,0.0,1.675845,0.292475,0.741851,0.0,0.389907,0.0,0.093973,2.678421
0.0,0.0,34.111163,0.530869,77.957955,26.825211,6.379877,0.0,26.114933,0.0,0.908869,51.863496
0.0,42.24096,0.0,133.438331,32.495029,76.864912,39.559275,0.351576,84.318619,0.0,6.024923,71.548365
0.0,11.766235,2.946413,0.0,33.097885,49.656557,22.119176,0.0,0.401333,98.952115,0.160949,24.707883
0.0,42.986413,0.293333,0.461403,0.0,0.026667,0.026667,0.0,11.465317,0.0,0.170861,119.192661
0.0,13.828336,91.538299,75.415557,20.821613,0.0,13.971893,0.026667,80.723416,0.0,1.234973,23.344965
0.0,6.057301,30.228824,26.362555,14.087707,16.234515,0.0,0.0,12.25192,0.0,0.247365,14.764301
0.0,27.232056,2.886293,0.026667,26.348779,0.031283,0.037477,0.0,7.448483,304.850027,21.686853,98.143773
0.0,55.922528,124.605048,180.631032,67.596435,67.881213,28.079509,0.138992,0.0,0.026667,6.753112,143.297152
0.0,1.077056,0.315093,0.0,0.78788,0.0,0.026667,3.709667,0.349184,0.0,48.411395,7.551261
0.0,12.220664,1.846699,0.065483,7.523189,0.053333,0.499453,12.908029,0.821144,95.36924,0.0,12.300123
0.0,93.082189,164.689787,4.04864,237.887819,57.576536,22.044536,0.08,165.214523,0.053333,5.64096,0.0
