9010.577933999999
0.375709,1,2
1.237456,1,3
0.026667,1,4
0.984528,1,5
0.961395,1,6
0.550163,1,7
1.311805,1,9
0.026667,1,11
7.12348,1,12
33.725147,2,3
0.269853,2,4
62.393784,2,5
33.048821,2,6
9.51264,2,7
0.085627,2,8
17.312603,2,9
0.440053,2,10
0.457336,2,11
60.762195,2,12
45.254741,3,2
31.442504,3,4
5067.578667,3,5
89.282251,3,6
28.796507,3,7
1.29308,3,8
47.863448,3,9
0.223821,3,10
3.716355,3,11
49.660827,3,12
8.802075,4,2
54.272043,4,3
57.120333,4,5
43.385341,4,6
24.464637,4,7
0.169163,4,8
41.209197,4,9
13.192635,4,10
3.906627,4,11
95.753013,4,12
37.41412,5,2
2.745611,5,3
0.115675,5,4
0.218437,5,6
0.14288,5,7
0.110795,5,8
6.086341,5,9
0.131981,5,10
0.106667,5,11
97.278032,5,12
35.811963,6,2
135.459253,6,3
16.655888,6,4
79.292696,6,5
17.629816,6,7
0.120504,6,8
75.345736,6,9
0.366192,6,10
1.145813,6,11
55.459437,6,12
8.349128,7,2
40.166131,7,3
16.580035,7,4
16.414323,7,5
14.525104,7,6
0.092064,7,8
9.074024,7,9
0.045749,7,10
0.825187,7,11
20.360933,7,12
28.039115,8,2
25.607701,8,3
36.697099,8,4
213.542517,8,5
1.711371,8,6
0.938392,8,7
71.620208,8,9
20.575605,8,10
28.16144,8,11
90.0766,8,12
66.52024,9,2
103.908416,9,3
39.815584,9,4
139.495845,9,5
96.944776,9,6
34.842043,9,7
0.547619,9,8
0.329803,9,10
6.656515,9,11
207.386904,9,12
1.73864,10,2
0.273299,10,3
7.94532,10,4
7.050979,10,5
2.269728,10,7
35.683437,10,8
4.826619,10,9
51.326379,10,11
0.894093,10,12
16.266109,11,2
4.85312,11,3
9.03696,11,4
56.636915,11,5
0.931024,11,6
9.544837,11,7
25.518317,11,8
16.141157,11,9
5.443043,11,10
25.043096,11,12
154.628195,12,2
115.285008,12,3
15.722493,12,4
298.257947,12,5
94.499109,12,6
35.705149,12,7
0.382907,12,8
166.178221,12,9
0.983136,12,10
8.031195,12,11
succeed
0.0,0.375709,1.237456,0.026667,0.984528,0.961395,0.550163,0.0,1.311805,0.0,0.026667,7.12348
0.0,0.0,33.725147,0.269853,62.393784,33.048821,9.51264,0.085627,17.312603,0.440053,0.457336,60.762195
0.0,45.254741,0.0,31.442504,5067.578667,89.282251,28.796507,1.29308,47.863448,0.223821,3.716355,49.660827
0.0,8.802075,54.272043,0.0,57.120333,43.385341,24.464637,0.169163,41.209197,13.192635,3.906627,95.753013
0.0,37.41412,2.745611,0.115675,0.0,0.218437,0.14288,0.110795,6.086341,0.131981,0.106667,97.278032
0.0,35.811963,135.459253,16.655888,79.292696,0.0,17.629816,0.120504,75.345736,0.366192,1.145813,55.459437
0.0,8.349128,40.166131,16.580035,16.414323,14.525104,0.0,0.092064,9.074024,0.045749,0.825187,20.360933
0.0,28.039115,25.607701,36.697099,213.542517,1.711371,0.938392,0.0,71.620208,20.575605,28.16144,90.0766
0.0,66.52024,103.908416,39.815584,139.495845,96.944776,34.842043,0.547619,0.0,0.329803,6.656515,207.386904
0.0,1.73864,0.273299,7.94532,7.050979,0.0,2.269728,35.683437,4.826619,0.0,51.326379,0.894093
0.0,16.266109,4.85312,9.03696,56.636915,0.931024,9.544837,25.518317,16.141157,5.443043,0.0,25.043096
0.0,154.628195,115.285008,15.722493,298.257947,94.499109,35.705149,0.382907,166.178221,0.983136,8.031195,0.0
