8555.035907
2.207664,1,2
0.886413,1,3
2.65652,1,5
0.166984,1,6
0.158773,1,7
0.144485,1,9
0.026667,1,11
1.595139,1,12
28.903547,2,3
0.064832,2,4
49.936893,2,5
21.321712,2,6
3.810821,2,7
0.064621,2,8
19.373011,2,9
0.026667,2,10
0.198603,2,11
92.121133,2,12
57.921869,3,2
25.432923,3,4
156.562032,3,5
55.04572,3,6
20.375837,3,7
2.971411,3,8
38.765347,3,9
2.054483,3,11
89.390864,3,12
7.998448,4,2
60.908021,4,3
42.339685,4,5
29.204,4,6
13.782256,4,7
0.026667,4,8
15.637272,4,9
13.925688,4,10
0.221184,4,11
48.251712,4,12
33.108923,5,2
2.746779,5,3
0.026667,5,6
0.053333,5,7
0.08,5,8
10.507776,5,9
0.026667,5,10
0.343691,5,11
135.339115,5,12
18.692995,6,2
145.896427,6,3
18.217987,6,4
98.474192,6,5
14.426669,6,7
0.053333,6,8
49.077035,6,9
0.031715,6,10
4.947192,6,11
38.541904,6,12
3.17112,7,2
35.859195,7,3
12.519403,7,4
24.107605,7,5
22.423723,7,6
0.026667,7,8
8.007603,7,9
0.386947,7,11
13.266365,7,12
28.926997,8,2
4938.470933,8,3
39.119413,8,4
192.138733,8,5
0.676867,8,6
0.182413,8,7
82.921051,8,9
11.866883,8,10
39.980125,8,11
120.344827,8,12
35.557885,9,2
79.084384,9,3
35.081371,9,4
153.458219,9,5
52.571933,9,6
16.255261,9,7
0.287613,9,8
9.089883,9,11
103.432029,9,12
0.697288,10,2
0.293979,10,3
6.436867,10,4
4.032507,10,5
0.026667,10,6
0.257659,10,7
41.714093,10,8
3.944325,10,9
52.737093,10,11
1.748525,10,12
9.837429,11,2
5.416496,11,3
5.175005,11,4
51.019211,11,5
0.172747,11,6
3.069509,11,7
26.063112,11,8
9.976424,11,9
11.062976,11,10
9.487544,11,12
125.666392,12,2
106.216376,12,3
9.69656,12,4
250.925832,12,5
75.264296,12,6
26.656136,12,7
0.342107,12,8
172.247469,12,9
0.204704,12,10
10.358827,12,11
succeed
0.0,2.207664,0.886413,0.0,2.65652,0.166984,0.158773,0.0,0.144485,0.0,0.026667,1.595139
0.0,0.0,28.903547,0.064832,49.936893,21.321712,3.810821,0.064621,19.373011,0.026667,0.198603,92.121133
0.0,57.921869,0.0,25.432923,156.562032,55.04572,20.375837,2.971411,38.765347,0.0,2.054483,89.390864
0.0,7.998448,60.908021,0.0,42.339685,29.204,13.782256,0.026667,15.637272,13.925688,0.221184,48.251712
0.0,33.108923,2.746779,0.0,0.0,0.026667,0.053333,0.08,10.507776,0.026667,0.343691,135.339115
0.0,18.692995,145.896427,18.217987,98.474192,0.0,14.426669,0.053333,49.077035,0.031715,4.947192,38.541904
0.0,3.17112,35.859195,12.519403,24.107605,22.423723,0.0,0.026667,8.007603,0.0,0.386947,13.266365
0.0,28.926997,4938.470933,39.119413,192.138733,0.676867,0.182413,0.0,82.921051,11.866883,39.980125,120.344827
0.0,35.557885,79.084384,35.081371,153.458219,52.571933,16.255261,0.287613,0.0,0.0,9.089883,103.432029
0.0,0.697288,0.293979,6.436867,4.032507,0.026667,0.257659,41.714093,3.944325,0.0,52.737093,1.748525
0.0,9.837429,5.416496,5.175005,51.019211,0.172747,3.069509,26.063112,9.976424,11.062976,0.0,9.487544
0.0,125.666392,106.216376,9.69656,250.925832,75.264296,26.656136,0.342107,172.247469,0.204704,10.358827,0.0
