2926.074576
0.166035,1,2
0.716621,1,3
0.352709,1,5
0.360565,1,6
0.861957,1,9
2.016765,1,12
21.605307,2,3
5.678517,2,5
27.850083,2,6
0.08,2,7
42.097584,2,9
2.588395,2,10
41.732504,2,12
25.695736,3,2
15.513712,3,5
51.967848,3,6
0.106667,3,7
0.053333,3,8
192.90696,3,9
0.026667,3,10
0.068,3,11
45.167731,3,12
8.750251,4,2
33.093107,4,3
38.427704,4,5
30.873211,4,6
23.499261,4,7
39.492053,4,9
13.407824,4,10
7.057931,4,11
43.947445,4,12
33.775843,5,2
0.834171,5,3
0.026667,5,7
7.108899,5,9
0.053333,5,10
0.026667,5,11
82.074259,5,12
18.425197,6,2
89.735403,6,3
11.503005,6,5
18.772091,6,7
0.08,6,8
204.807971,6,9
0.08,6,11
34.574955,6,12
9.611808,7,2
24.165896,7,3
7.842432,7,4
7.503176,7,5
22.737616,7,6
0.026667,7,8
22.197712,7,9
0.071317,7,10
17.712549,7,12
24.107384,8,2
2.846491,8,3
14.919571,8,4
149.520488,8,5
1.892611,8,6
0.226379,8,7
105.774363,8,9
6.730213,8,10
23.179896,8,11
67.438795,8,12
40.677725,9,2
3.109859,9,3
24.356256,9,5
0.090445,9,6
0.358253,9,7
0.754667,9,8
0.08,9,10
0.053333,9,11
159.190485,9,12
2.950592,10,2
2.655883,10,4
3.597024,10,5
0.323013,10,7
39.503075,10,8
7.850984,10,9
52.298403,10,11
0.227173,10,12
11.716131,11,2
0.65036,11,3
5.010963,11,4
24.494243,11,5
0.323621,11,6
3.609696,11,7
17.006147,11,8
44.647856,11,9
4.901008,11,10
30.047003,11,12
107.135635,12,2
0.578557,12,3
73.605155,12,5
0.207088,12,6
0.384664,12,7
0.026667,12,8
536.922427,12,9
0.084373,12,10
0.099504,12,11
succeed
0.0,0.166035,0.716621,0.0,0.352709,0.360565,0.0,0.0,0.861957,0.0,0.0,2.016765
0.0,0.0,21.605307,0.0,5.678517,27.850083,0.08,0.0,42.097584,2.588395,0.0,41.732504
0.0,25.695736,0.0,0.0,15.513712,51.967848,0.106667,0.053333,192.90696,0.026667,0.068,45.167731
0.0,8.750251,33.093107,0.0,38.427704,30.873211,23.499261,0.0,39.492053,13.407824,7.057931,43.947445
0.0,33.775843,0.834171,0.0,0.0,0.0,0.026667,0.0,7.108899,0.053333,0.026667,82.074259
0.0,18.425197,89.735403,0.0,11.503005,0.0,18.772091,0.08,204.807971,0.0,0.08,34.574955
0.0,9.611808,24.165896,7.842432,7.503176,22.737616,0.0,0.026667,22.197712,0.071317,0.0,17.712549
0.0,24.107384,2.846491,14.919571,149.520488,1.892611,0.226379,0.0,105.774363,6.730213,23.179896,67.438795
0.0,40.677725,3.109859,0.0,24.356256,0.090445,0.358253,0.754667,0.0,0.08,0.053333,159.190485
0.0,2.950592,0.0,2.655883,3.597024,0.0,0.323013,39.503075,7.850984,0.0,52.298403,0.227173
0.0,11.716131,0.65036,5.010963,24.494243,0.323621,3.609696,17.006147,44.647856,4.901008,0.0,30.047003
0.0,107.135635,0.578557,0.0,73.605155,0.207088,0.384664,0.026667,536.922427,0.084373,0.099504,0.0
