3720.6036209999997
0.200491,1,2
0.254229,1,3
0.101859,1,4
0.392488,1,5
0.08,1,6
0.143189,1,7
0.135641,1,8
0.142709,1,9
0.028308,1,10
0.053333,1,11
0.589187,1,12
0.494395,2,1
14.185128,2,3
8.357483,2,4
37.065763,2,5
14.513779,2,6
5.463984,2,7
18.334279,2,8
8.914312,2,9
1.098364,2,10
6.764616,2,11
39.010216,2,12
11.550723,3,1
46.596819,3,2
25.056192,3,4
14.067517,3,5
35.934693,3,6
12.971173,3,7
76.101621,3,8
11.48964,3,9
6.770405,3,10
9.969067,3,11
40.628629,3,12
0.11536,4,1
7.894488,4,2
109.703677,4,3
19.684712,4,5
35.801653,4,6
19.451819,4,7
20.634421,4,8
20.043547,4,9
16.225536,4,10
24.630843,4,11
46.442491,4,12
0.357141,5,1
11.950963,5,2
11.608995,5,3
11.058971,5,4
3.139309,5,6
1.585656,5,7
5.503821,5,8
3.316939,5,9
0.125491,5,10
1.89408,5,11
10.356483,5,12
0.197203,6,1
22.755651,6,2
68.587267,6,3
28.229285,6,4
6.81928,6,5
11.849773,6,7
45.309845,6,8
18.883984,6,9
1.476397,6,10
17.046821,6,11
30.215283,6,12
0.520923,7,1
3.821389,7,2
24.127208,7,3
11.48672,7,4
6.452379,7,5
24.574395,7,6
8.602061,7,8
6.301587,7,9
0.646077,7,10
4.659707,7,11
11.059752,7,12
0.170891,8,1
30.226565,8,2
141.071416,8,3
17.428291,8,4
15.469757,8,5
80.015608,8,6
10.130003,8,7
54.275651,8,9
16.899771,8,10
43.277368,8,11
671.900507,8,12
1.430445,9,1
53.483901,9,2
57.30872,9,3
33.66528,9,4
16.09556,9,5
23.116136,9,6
25.068861,9,7
79.878061,9,8
7.638336,9,10
26.693277,9,11
121.762416,9,12
0.026667,10,1
6.946653,10,2
1.620381,10,3
14.825032,10,4
0.657933,10,5
7.801211,10,6
0.053333,10,7
40.959541,10,8
11.948795,10,9
29.802888,10,11
3.156611,10,12
0.166045,11,1
16.335008,11,2
21.895755,11,3
8.507448,11,4
7.487504,11,5
19.233621,11,6
12.664235,11,7
41.87656,11,8
9.766944,11,9
6.39896,11,10
12.859709,11,12
1.517408,12,1
156.527728,12,2
105.778499,12,3
84.761269,12,4
37.392896,12,5
51.398501,12,6
28.449797,12,7
120.151261,12,8
103.331912,12,9
9.204547,12,10
37.482533,12,11
succeed
0.0,0.200491,0.254229,0.101859,0.392488,0.08,0.143189,0.135641,0.142709,0.028308,0.053333,0.589187
0.494395,0.0,14.185128,8.357483,37.065763,14.513779,5.463984,18.334279,8.914312,1.098364,6.764616,39.010216
11.550723,46.596819,0.0,25.056192,14.067517,35.934693,12.971173,76.101621,11.48964,6.770405,9.969067,40.628629
0.11536,7.894488,109.703677,0.0,19.684712,35.801653,19.451819,20.634421,20.043547,16.225536,24.630843,46.442491
0.357141,11.950963,11.608995,11.058971,0.0,3.139309,1.585656,5.503821,3.316939,0.125491,1.89408,10.356483
0.197203,22.755651,68.587267,28.229285,6.81928,0.0,11.849773,45.309845,18.883984,1.476397,17.046821,30.215283
0.520923,3.821389,24.127208,11.48672,6.452379,24.574395,0.0,8.602061,6.301587,0.646077,4.659707,11.059752
0.170891,30.226565,141.071416,17.428291,15.469757,80.015608,10.130003,0.0,54.275651,16.899771,43.277368,671.900507
1.430445,53.483901,57.30872,33.66528,16.09556,23.116136,25.068861,79.878061,0.0,7.638336,26.693277,121.762416
0.026667,6.946653,1.620381,14.825032,0.657933,7.801211,0.053333,40.959541,11.948795,0.0,29.802888,3.156611
0.166045,16.335008,21.895755,8.507448,7.487504,19.233621,12.664235,41.87656,9.766944,6.39896,0.0,12.859709
1.517408,156.527728,105.778499,84.761269,37.392896,51.398501,28.449797,120.151261,103.331912,9.204547,37.482533,0.0
