2318.526855
0.026667,1,2
0.106251,1,3
0.118288,1,5
0.055832,1,7
0.026667,1,9
0.279181,1,12
0.026667,2,1
4.912843,2,3
6.469643,2,4
0.721259,2,5
9.145835,2,6
0.520597,2,7
16.99314,2,8
3.078123,2,9
0.052775,2,10
3.158581,2,11
25.131589,2,12
0.167832,3,1
12.281995,3,2
8.923288,3,4
9.607525,3,5
26.005323,3,6
7.620483,3,7
53.659976,3,8
76.352944,3,9
1.127155,3,10
5.716384,3,11
29.154925,3,12
0.112587,4,1
9.324856,4,2
42.401789,4,3
22.886981,4,5
31.284072,4,6
18.897963,4,7
11.142224,4,8
25.011827,4,9
16.457085,4,10
14.730941,4,11
49.619376,4,12
1.996432,5,1
14.894251,5,2
11.292683,5,3
1.106813,5,4
1.383091,5,6
2.730824,5,7
7.240907,5,8
2.310328,5,9
0.116853,5,10
5.650781,5,11
9.864453,5,12
14.678032,6,2
32.194467,6,3
7.012024,6,4
1.072616,6,5
6.369309,6,7
52.386853,6,8
39.309704,6,9
4.04652,6,10
5.19424,6,11
9.137144,6,12
1.217467,7,2
9.581632,7,3
8.993445,7,4
3.575232,7,5
10.688819,7,6
6.815973,7,8
8.618408,7,9
0.968747,7,10
0.618576,7,11
6.806968,7,12
0.596925,8,1
10.133411,8,2
38.662544,8,3
21.586848,8,4
11.793029,8,5
46.875787,8,6
5.302035,8,7
112.251221,8,9
12.143272,8,10
43.154317,8,11
83.006803,8,12
0.053333,9,1
17.543021,9,2
41.224939,9,3
26.340213,9,4
7.41564,9,5
33.486339,9,6
9.360896,9,7
67.429267,9,8
3.088523,9,10
16.971101,9,11
55.202395,9,12
0.055893,10,2
0.135053,10,3
0.969752,10,4
0.037952,10,5
0.135197,10,6
0.053333,10,7
41.600053,10,8
0.633557,10,9
37.226331,10,11
0.374315,10,12
10.918651,11,2
4.313816,11,3
4.391147,11,4
4.692411,11,5
10.102027,11,6
1.972312,11,7
19.718133,11,8
15.978192,11,9
6.942141,11,10
12.305725,11,12
0.053333,12,1
237.039171,12,2
65.594512,12,3
41.824264,12,4
19.204488,12,5
28.453213,12,6
8.221768,12,7
97.601933,12,8
119.750579,12,9
5.492643,12,10
27.92804,12,11
succeed
0.0,0.026667,0.106251,0.0,0.118288,0.0,0.055832,0.0,0.026667,0.0,0.0,0.279181
0.026667,0.0,4.912843,6.469643,0.721259,9.145835,0.520597,16.99314,3.078123,0.052775,3.158581,25.131589
0.167832,12.281995,0.0,8.923288,9.607525,26.005323,7.620483,53.659976,76.352944,1.127155,5.716384,29.154925
0.112587,9.324856,42.401789,0.0,22.886981,31.284072,18.897963,11.142224,25.011827,16.457085,14.730941,49.619376
1.996432,14.894251,11.292683,1.106813,0.0,1.383091,2.730824,7.240907,2.310328,0.116853,5.650781,9.864453
0.0,14.678032,32.194467,7.012024,1.072616,0.0,6.369309,52.386853,39.309704,4.04652,5.19424,9.137144
0.0,1.217467,9.581632,8.993445,3.575232,10.688819,0.0,6.815973,8.618408,0.968747,0.618576,6.806968
0.596925,10.133411,38.662544,21.586848,11.793029,46.875787,5.302035,0.0,112.251221,12.143272,43.154317,83.006803
0.053333,17.543021,41.224939,26.340213,7.41564,33.486339,9.360896,67.429267,0.0,3.088523,16.971101,55.202395
0.0,0.055893,0.135053,0.969752,0.037952,0.135197,0.053333,41.600053,0.633557,0.0,37.226331,0.374315
0.0,10.918651,4.313816,4.391147,4.692411,10.102027,1.972312,19.718133,15.978192,6.942141,0.0,12.305725
0.053333,237.039171,65.594512,41.824264,19.204488,28.453213,8.221768,97.601933,119.750579,5.492643,27.92804,0.0
