3419.794481
0.133333,1,2
0.326856,1,3
0.029005,1,4
0.231389,1,5
0.469,1,6
0.22816,1,7
0.024299,1,8
1.849773,1,9
0.227275,1,10
0.971293,1,11
1.960573,1,12
1.569893,2,1
17.371864,2,3
5.115851,2,4
2.564197,2,5
15.772485,2,6
3.078371,2,7
28.374344,2,8
15.969475,2,9
0.250296,2,10
21.247997,2,11
70.313653,2,12
0.73092,3,1
20.482101,3,2
4.410835,3,4
5.392883,3,5
54.999955,3,6
22.489427,3,7
35.060304,3,8
13.823853,3,9
2.419875,3,10
36.412085,3,11
26.588984,3,12
0.262323,4,1
4.583397,4,2
66.301653,4,3
10.281672,4,5
12.942821,4,6
9.176256,4,7
3.356635,4,8
10.959099,4,9
4.681736,4,10
6.794557,4,11
21.162707,4,12
2.428451,5,2
20.799643,5,3
1.104813,5,4
9.073768,5,6
4.30208,5,7
1.796205,5,8
7.695725,5,9
0.291744,5,10
7.352501,5,11
11.721461,5,12
0.143501,6,1
9.808499,6,2
78.726259,6,3
5.184533,6,4
1.911024,6,5
5.308304,6,7
7.201208,6,8
33.690637,6,9
0.822611,6,10
34.399904,6,11
22.690816,6,12
0.113272,7,1
3.977059,7,2
30.496659,7,3
10.016304,7,4
17.48008,7,5
16.64176,7,6
3.21388,7,8
22.531747,7,9
2.112373,7,10
12.919899,7,11
8.662587,7,12
0.077171,8,1
13.675891,8,2
152.869179,8,3
7.671861,8,4
5.926779,8,5
7.589533,8,6
2.314429,8,7
51.280112,8,9
27.532323,8,10
53.805136,8,11
39.691781,8,12
1.934061,9,1
21.719893,9,2
39.622056,9,3
14.409053,9,4
7.561403,9,5
27.045885,9,6
14.914552,9,7
68.335469,9,8
2.758544,9,10
34.31944,9,11
87.21576,9,12
0.053333,10,3
3.573608,10,4
0.458485,10,6
9.274509,10,8
0.147965,10,9
19.782299,10,11
0.16,10,12
13.009083,11,1
137.245192,11,2
206.320773,11,3
9.954931,11,4
51.642123,11,5
226.208971,11,6
157.296173,11,7
29.183048,11,8
62.497971,11,9
2.135317,11,10
258.171645,11,12
0.783464,12,1
91.192792,12,2
62.984451,12,3
43.792512,12,4
22.809699,12,5
45.755147,12,6
14.743688,12,7
66.868819,12,8
173.151624,12,9
2.953216,12,10
69.360565,12,11
succeed
0.0,0.133333,0.326856,0.029005,0.231389,0.469,0.22816,0.024299,1.849773,0.227275,0.971293,1.960573
1.569893,0.0,17.371864,5.115851,2.564197,15.772485,3.078371,28.374344,15.969475,0.250296,21.247997,70.313653
0.73092,20.482101,0.0,4.410835,5.392883,54.999955,22.489427,35.060304,13.823853,2.419875,36.412085,26.588984
0.262323,4.583397,66.301653,0.0,10.281672,12.942821,9.176256,3.356635,10.959099,4.681736,6.794557,21.162707
0.0,2.428451,20.799643,1.104813,0.0,9.073768,4.30208,1.796205,7.695725,0.291744,7.352501,11.721461
0.143501,9.808499,78.726259,5.184533,1.911024,0.0,5.308304,7.201208,33.690637,0.822611,34.399904,22.690816
0.113272,3.977059,30.496659,10.016304,17.48008,16.64176,0.0,3.21388,22.531747,2.112373,12.919899,8.662587
0.077171,13.675891,152.869179,7.671861,5.926779,7.589533,2.314429,0.0,51.280112,27.532323,53.805136,39.691781
1.934061,21.719893,39.622056,14.409053,7.561403,27.045885,14.914552,68.335469,0.0,2.758544,34.31944,87.21576
0.0,0.0,0.053333,3.573608,0.0,0.458485,0.0,9.274509,0.147965,0.0,19.782299,0.16
13.009083,137.245192,206.320773,9.954931,51.642123,226.208971,157.296173,29.183048,62.497971,2.135317,0.0,258.171645
0.783464,91.192792,62.984451,43.792512,22.809699,45.755147,14.743688,66.868819,173.151624,2.953216,69.360565,0.0
