7587.167254
0.2344,1,2
1.697051,1,3
0.164,1,4
0.930941,1,5
0.739947,1,6
0.037197,1,7
0.193573,1,9
0.489752,1,12
20.635632,2,3
0.291179,2,4
50.848832,2,5
17.30232,2,6
3.630869,2,7
0.026827,2,8
10.113824,2,9
0.037269,2,10
0.183565,2,11
22.847877,2,12
29.684875,3,2
19.124427,3,4
95.224413,3,5
31.090115,3,6
13.602104,3,7
5107.395467,3,8
26.386883,3,9
0.053333,3,10
1.088112,3,11
30.798867,3,12
3.906395,4,2
47.588997,4,3
26.377037,4,5
36.328504,4,6
11.225267,4,7
14.720133,4,9
5.644909,4,10
0.172288,4,11
32.147912,4,12
29.845395,5,2
0.349832,5,3
0.026667,5,4
0.053333,5,6
0.026667,5,8
5.856331,5,9
0.118523,5,11
84.663261,5,12
8.239736,6,2
70.257061,6,3
8.157656,6,4
70.806864,6,5
19.753659,6,7
0.096213,6,8
59.447213,6,9
0.026667,6,10
0.818451,6,11
34.974296,6,12
6.449291,7,2
19.944035,7,3
7.842768,7,4
18.943885,7,5
12.856861,7,6
0.026667,7,8
6.596008,7,9
0.083067,7,11
19.690651,7,12
16.475187,8,2
17.108669,8,3
6.153947,8,4
129.291155,8,5
0.587467,8,6
0.279784,8,7
53.985291,8,9
6.556371,8,10
23.530723,8,11
79.056576,8,12
17.150536,9,2
59.36076,9,3
29.804653,9,4
117.580288,9,5
49.442917,9,6
14.258115,9,7
1.226656,9,8
4.077397,9,11
78.809544,9,12
0.598949,10,2
0.026667,10,3
1.209827,10,4
5.685512,10,5
0.318341,10,7
35.41332,10,8
4.478243,10,9
38.198184,10,11
0.424808,10,12
7.354419,11,2
2.184499,11,3
3.275749,11,4
35.341755,11,5
1.282435,11,6
2.821243,11,7
22.846069,11,8
13.343096,11,9
1.489256,11,10
7.154413,11,12
110.971715,12,2
78.404608,12,3
4.865277,12,4
175.399848,12,5
46.646144,12,6
22.766317,12,7
0.08,12,8
100.410429,12,9
0.153171,12,10
10.370773,12,11
succeed
0.0,0.2344,1.697051,0.164,0.930941,0.739947,0.037197,0.0,0.193573,0.0,0.0,0.489752
0.0,0.0,20.635632,0.291179,50.848832,17.30232,3.630869,0.026827,10.113824,0.037269,0.183565,22.847877
0.0,29.684875,0.0,19.124427,95.224413,31.090115,13.602104,5107.395467,26.386883,0.053333,1.088112,30.798867
0.0,3.906395,47.588997,0.0,26.377037,36.328504,11.225267,0.0,14.720133,5.644909,0.172288,32.147912
0.0,29.845395,0.349832,0.026667,0.0,0.053333,0.0,0.026667,5.856331,0.0,0.118523,84.663261
0.0,8.239736,70.257061,8.157656,70.806864,0.0,19.753659,0.096213,59.447213,0.026667,0.818451,34.974296
0.0,6.449291,19.944035,7.842768,18.943885,12.856861,0.0,0.026667,6.596008,0.0,0.083067,19.690651
0.0,16.475187,17.108669,6.153947,129.291155,0.587467,0.279784,0.0,53.985291,6.556371,23.530723,79.056576
0.0,17.150536,59.36076,29.804653,117.580288,49.442917,14.258115,1.226656,0.0,0.0,4.077397,78.809544
0.0,0.598949,0.026667,1.209827,5.685512,0.0,0.318341,35.41332,4.478243,0.0,38.198184,0.424808
0.0,7.354419,2.184499,3.275749,35.341755,1.282435,2.821243,22.846069,13.343096,1.489256,0.0,7.154413
0.0,110.971715,78.404608,4.865277,175.399848,46.646144,22.766317,0.08,100.410429,0.153171,10.370773,0.0
