3193.846806
0.205904,1,2
0.629752,1,3
0.204928,1,5
0.044363,1,6
0.064027,1,7
0.333053,1,8
0.395357,1,9
0.054752,1,10
0.106453,1,11
1.448216,1,12
0.167112,2,1
12.490179,2,3
6.971144,2,4
10.908859,2,5
40.533267,2,6
4.331155,2,7
15.494004,2,8
8.286955,2,9
1.693524,2,10
6.459187,2,11
42.931744,2,12
0.588397,3,1
25.805949,3,2
14.326227,3,4
23.684528,3,5
54.310915,3,6
16.146941,3,7
68.341501,3,8
26.9878,3,9
2.338125,3,10
7.934405,3,11
41.739611,3,12
0.17392,4,1
11.678328,4,2
45.691685,4,3
12.744608,4,5
34.996232,4,6
24.321784,4,7
42.892323,4,8
22.538467,4,9
11.270512,4,10
16.185899,4,11
38.527277,4,12
0.658736,5,1
15.375395,5,2
16.294533,5,3
5.221424,5,4
2.387219,5,6
6.393416,5,7
9.689056,5,8
4.790248,5,9
0.217221,5,10
2.177168,5,11
6.573995,5,12
0.471445,6,1
22.724288,6,2
89.150208,6,3
22.557397,6,4
17.85732,6,5
12.980096,6,7
52.832456,6,8
25.67152,6,9
2.770667,6,10
21.845112,6,11
32.309107,6,12
0.163085,7,1
4.470365,7,2
21.579589,7,3
29.802803,7,4
8.588099,7,5
13.142632,7,6
6.031496,7,8
4.740869,7,9
1.558443,7,10
4.026259,7,11
13.279584,7,12
1.57936,8,1
22.886563,8,2
136.74412,8,3
30.503747,8,4
15.022336,8,5
62.922232,8,6
16.649459,8,7
65.772472,8,9
30.989733,8,10
56.490027,8,11
106.366731,8,12
1.343792,9,1
59.584525,9,2
48.742928,9,3
38.056328,9,4
16.387115,9,5
45.958344,9,6
18.919715,9,7
95.254867,9,8
6.017792,9,10
31.467307,9,11
92.407672,9,12
1.316581,10,2
0.461099,10,3
5.077429,10,4
0.108704,10,5
5.783787,10,6
0.098933,10,7
35.592997,10,8
0.272555,10,9
30.389957,10,11
0.295589,10,12
0.421933,11,1
18.958733,11,2
25.549531,11,3
5.587589,11,4
4.32004,11,5
20.710285,11,6
3.402152,11,7
29.04752,11,8
22.597864,11,9
8.354019,11,10
18.343976,11,12
0.940771,12,1
122.990939,12,2
94.827213,12,3
86.742608,12,4
23.639043,12,5
91.113312,12,6
24.080835,12,7
142.210171,12,8
154.840437,12,9
5.496216,12,10
34.896203,12,11
succeed
0.0,0.205904,0.629752,0.0,0.204928,0.044363,0.064027,0.333053,0.395357,0.054752,0.106453,1.448216
0.167112,0.0,12.490179,6.971144,10.908859,40.533267,4.331155,15.494004,8.286955,1.693524,6.459187,42.931744
0.588397,25.805949,0.0,14.326227,23.684528,54.310915,16.146941,68.341501,26.9878,2.338125,7.934405,41.739611
0.17392,11.678328,45.691685,0.0,12.744608,34.996232,24.321784,42.892323,22.538467,11.270512,16.185899,38.527277
0.658736,15.375395,16.294533,5.221424,0.0,2.387219,6.393416,9.689056,4.790248,0.217221,2.177168,6.573995
0.471445,22.724288,89.150208,22.557397,17.85732,0.0,12.980096,52.832456,25.67152,2.770667,21.845112,32.309107
0.163085,4.470365,21.579589,29.802803,8.588099,13.142632,0.0,6.031496,4.740869,1.558443,4.026259,13.279584
1.57936,22.886563,136.74412,30.503747,15.022336,62.922232,16.649459,0.0,65.772472,30.989733,56.490027,106.366731
1.343792,59.584525,48.742928,38.056328,16.387115,45.958344,18.919715,95.254867,0.0,6.017792,31.467307,92.407672
0.0,1.316581,0.461099,5.077429,0.108704,5.783787,0.098933,35.592997,0.272555,0.0,30.389957,0.295589
0.421933,18.958733,25.549531,5.587589,4.32004,20.710285,3.402152,29.04752,22.597864,8.354019,0.0,18.343976
0.940771,122.990939,94.827213,86.742608,23.639043,91.113312,24.080835,142.210171,154.840437,5.496216,34.896203,0.0
