2326.752951
0.221571,1,2
0.099251,1,3
0.053333,1,4
0.026667,1,6
0.109083,1,7
0.291043,1,8
0.197707,1,9
0.013333,1,10
0.288672,1,12
0.182243,2,1
6.405421,2,3
5.707637,2,4
34.279869,2,5
15.082165,2,6
12.967211,2,7
15.384253,2,8
6.373427,2,9
0.245504,2,10
4.878117,2,11
33.576589,2,12
0.055339,3,1
11.162923,3,2
43.690259,3,4
5.851512,3,5
36.118549,3,6
5.511643,3,7
40.752643,3,8
5.700872,3,9
4.086016,3,10
16.726083,3,11
27.732251,3,12
0.136949,4,1
3.382043,4,2
66.312269,4,3
18.039144,4,5
50.002299,4,6
17.240691,4,7
25.260771,4,8
9.15044,4,9
7.805587,4,10
33.630283,4,11
45.058291,4,12
0.372397,5,1
2.494088,5,2
15.456171,5,3
2.522736,5,4
2.282752,5,6
0.842499,5,7
7.146448,5,8
3.855941,5,9
0.803877,5,11
2.712619,5,12
0.026667,6,1
11.790213,6,2
64.203848,6,3
13.957891,6,4
1.475621,6,5
18.061675,6,7
23.927827,6,8
21.749288,6,9
0.981755,6,10
9.233368,6,11
34.30012,6,12
3.538531,7,2
19.794317,7,3
17.085213,7,4
7.027493,7,5
11.958309,7,6
7.357581,7,8
1.694925,7,9
2.924405,7,10
5.641856,7,11
16.877349,7,12
0.215635,8,1
17.037477,8,2
93.203976,8,3
19.669115,8,4
29.21428,8,5
19.898819,8,6
6.833528,8,7
30.424504,8,9
16.102848,8,10
28.748109,8,11
108.440883,8,12
1.531693,9,1
14.945032,9,2
13.214885,9,3
26.641859,9,4
7.997283,9,5
26.420427,9,6
11.22896,9,7
50.244899,9,8
3.445477,9,10
19.909808,9,11
75.00276,9,12
0.053333,10,2
0.026667,10,3
11.889365,10,4
0.117221,10,5
0.315667,10,6
0.026667,10,7
39.699011,10,8
0.156152,10,9
30.6378,10,11
0.026667,10,12
0.026667,11,1
5.799219,11,2
13.36952,11,3
5.831163,11,4
0.906013,11,5
2.407416,11,6
1.251368,11,7
40.587144,11,8
11.294112,11,9
3.820965,11,10
10.6514,11,12
1.103229,12,1
119.015693,12,2
40.068763,12,3
59.066384,12,4
13.290027,12,5
51.19376,12,6
13.030203,12,7
119.97776,12,8
113.977112,12,9
8.228045,12,10
46.648448,12,11
succeed
0.0,0.221571,0.099251,0.053333,0.0,0.026667,0.109083,0.291043,0.197707,0.013333,0.0,0.288672
0.182243,0.0,6.405421,5.707637,34.279869,15.082165,12.967211,15.384253,6.373427,0.245504,4.878117,33.576589
0.055339,11.162923,0.0,43.690259,5.851512,36.118549,5.511643,40.752643,5.700872,4.086016,16.726083,27.732251
0.136949,3.382043,66.312269,0.0,18.039144,50.002299,17.240691,25.260771,9.15044,7.805587,33.630283,45.058291
0.372397,2.494088,15.456171,2.522736,0.0,2.282752,0.842499,7.146448,3.855941,0.0,0.803877,2.712619
0.026667,11.790213,64.203848,13.957891,1.475621,0.0,18.061675,23.927827,21.749288,0.981755,9.233368,34.30012
0.0,3.538531,19.794317,17.085213,7.027493,11.958309,0.0,7.357581,1.694925,2.924405,5.641856,16.877349
0.215635,17.037477,93.203976,19.669115,29.21428,19.898819,6.833528,0.0,30.424504,16.102848,28.748109,108.440883
1.531693,14.945032,13.214885,26.641859,7.997283,26.420427,11.22896,50.244899,0.0,3.445477,19.909808,75.00276
0.0,0.053333,0.026667,11.889365,0.117221,0.315667,0.026667,39.699011,0.156152,0.0,30.6378,0.026667
0.026667,5.799219,13.36952,5.831163,0.906013,2.407416,1.251368,40.587144,11.294112,3.820965,0.0,10.6514
1.103229,119.015693,40.068763,59.066384,13.290027,51.19376,13.030203,119.97776,113.977112,8.228045,46.648448,0.0
