1466.441476
0.027456,1,2
0.061325,1,3
0.026667,1,4
0.026667,1,6
0.026667,1,7
0.066667,1,8
0.013333,1,10
0.31004,1,12
0.026667,2,1
1.757581,2,3
2.907347,2,4
0.539688,2,5
9.83808,2,6
0.266635,2,7
11.969652,2,8
12.345723,2,9
0.288297,2,10
5.781475,2,11
18.951872,2,12
7.015875,3,2
12.59576,3,4
2.047784,3,5
8.918765,3,6
4.705733,3,7
34.387701,3,8
5.986251,3,9
0.089421,3,10
4.563872,3,11
31.294867,3,12
0.24288,4,1
0.701792,4,2
38.384763,4,3
9.742981,4,5
29.276357,4,6
9.396925,4,7
2.675701,4,8
9.933987,4,9
2.164563,4,10
3.902013,4,11
30.525035,4,12
0.077963,5,1
0.49916,5,2
6.205376,5,3
0.53568,5,4
0.470667,5,6
0.509096,5,7
4.509773,5,8
1.618757,5,9
0.475872,5,11
9.708413,5,12
9.811661,6,2
33.900835,6,3
20.972304,6,4
0.061517,6,5
9.633213,6,7
35.375469,6,8
21.375139,6,9
0.053333,6,10
6.355144,6,11
34.063179,6,12
3.755768,7,2
9.29948,7,3
6.158771,7,4
2.016227,7,5
5.124379,7,6
6.65992,7,8
3.188125,7,9
1.776957,7,10
5.645883,7,11
10.656336,7,12
7.698157,8,2
55.339891,8,3
18.865171,8,4
3.34548,8,5
11.299624,8,6
4.71092,8,7
35.257693,8,9
12.774285,8,10
34.211859,8,11
13.950477,8,12
0.263901,9,1
10.348496,9,2
15.638368,9,3
23.687792,9,4
2.474205,9,5
15.655971,9,6
6.934973,9,7
66.501621,9,8
1.126581,9,10
8.982216,9,11
26.348709,9,12
0.026667,10,2
0.834397,10,4
0.061781,10,5
0.291229,10,6
0.053333,10,7
31.66932,10,8
0.248949,10,9
24.591485,10,11
0.097019,11,1
6.279368,11,2
9.636816,11,3
2.654912,11,4
0.779667,11,5
6.374701,11,6
2.173432,11,7
12.078264,11,8
6.281235,11,9
1.513376,11,10
5.185083,11,12
0.747363,12,1
79.362859,12,2
58.236619,12,3
44.848395,12,4
6.654227,12,5
20.971157,12,6
6.036213,12,7
62.360125,12,8
107.575397,12,9
1.492408,12,10
27.630027,12,11
succeed
0.0,0.027456,0.061325,0.026667,0.0,0.026667,0.026667,0.066667,0.0,0.013333,0.0,0.31004
0.026667,0.0,1.757581,2.907347,0.539688,9.83808,0.266635,11.969652,12.345723,0.288297,5.781475,18.951872
0.0,7.015875,0.0,12.59576,2.047784,8.918765,4.705733,34.387701,5.986251,0.089421,4.563872,31.294867
0.24288,0.701792,38.384763,0.0,9.742981,29.276357,9.396925,2.675701,9.933987,2.164563,3.902013,30.525035
0.077963,0.49916,6.205376,0.53568,0.0,0.470667,0.509096,4.509773,1.618757,0.0,0.475872,9.708413
0.0,9.811661,33.900835,20.972304,0.061517,0.0,9.633213,35.375469,21.375139,0.053333,6.355144,34.063179
0.0,3.755768,9.29948,6.158771,2.016227,5.124379,0.0,6.65992,3.188125,1.776957,5.645883,10.656336
0.0,7.698157,55.339891,18.865171,3.34548,11.299624,4.71092,0.0,35.257693,12.774285,34.211859,13.950477
0.263901,10.348496,15.638368,23.687792,2.474205,15.655971,6.934973,66.501621,0.0,1.126581,8.982216,26.348709
0.0,0.026667,0.0,0.834397,0.061781,0.291229,0.053333,31.66932,0.248949,0.0,24.591485,0.0
0.097019,6.279368,9.636816,2.654912,0.779667,6.374701,2.173432,12.078264,6.281235,1.513376,0.0,5.185083
0.747363,79.362859,58.236619,44.848395,6.654227,20.971157,6.036213,62.360125,107.575397,1.492408,27.630027,0.0
