4058.288716
0.395763,1,2
0.585555,1,3
1.047035,1,4
0.551699,1,5
0.393085,1,6
0.473555,1,7
0.880589,1,8
1.016387,1,9
0.060579,1,10
0.112256,1,11
1.091851,1,12
1.06512,2,1
33.950523,2,3
9.873267,2,4
4.469317,2,5
29.325835,2,6
5.805517,2,7
24.150359,2,8
12.748928,2,9
1.398097,2,10
8.830488,2,11
51.67916,2,12
0.707411,3,1
25.007357,3,2
26.793005,3,4
39.823021,3,5
48.738453,3,6
15.260771,3,7
63.665568,3,8
22.126768,3,9
5.984203,3,10
15.466224,3,11
39.784861,3,12
0.530653,4,1
7.237992,4,2
57.768939,4,3
16.859685,4,5
39.899093,4,6
24.354213,4,7
35.505677,4,8
23.659477,4,9
10.444803,4,10
15.485485,4,11
50.66768,4,12
2.995992,5,1
5.368355,5,2
36.317371,5,3
7.319171,5,4
15.529571,5,6
5.189293,5,7
10.607117,5,8
13.444664,5,9
3.203509,5,10
4.990232,5,11
9.257805,5,12
0.568451,6,1
21.612283,6,2
161.97268,6,3
16.573709,6,4
9.215331,6,5
19.457061,6,7
59.17308,6,8
80.990141,6,9
7.237709,6,10
17.854664,6,11
77.094955,6,12
0.792355,7,1
9.502997,7,2
31.119856,7,3
12.219251,7,4
6.431477,7,5
26.740936,7,6
8.412101,7,8
13.691336,7,9
0.995704,7,10
4.099725,7,11
29.146581,7,12
3.799976,8,1
23.54924,8,2
106.630627,8,3
30.269595,8,4
42.134384,8,5
128.040597,8,6
18.777075,8,7
90.296776,8,9
15.824147,8,10
24.871901,8,11
171.205459,8,12
2.791731,9,1
51.904875,9,2
86.983576,9,3
43.528277,9,4
22.721219,9,5
69.777149,9,6
27.689904,9,7
93.95828,9,8
6.366275,9,10
27.323477,9,11
195.269037,9,12
0.053299,10,1
1.571893,10,2
1.929563,10,3
13.49908,10,4
0.449651,10,5
8.312109,10,6
0.618933,10,7
32.615147,10,8
2.002435,10,9
36.502131,10,11
4.76228,10,12
0.135605,11,1
13.107341,11,2
31.66756,11,3
17.137891,11,4
9.229515,11,5
21.666229,11,6
3.806059,11,7
45.892368,11,8
17.251968,11,9
4.572787,11,10
30.978253,11,12
5.639491,12,1
153.116296,12,2
120.87428,12,3
120.345835,12,4
38.003701,12,5
66.290813,12,6
45.5934,12,7
135.414147,12,8
239.217381,12,9
8.032792,12,10
39.483139,12,11
succeed
0.0,0.395763,0.585555,1.047035,0.551699,0.393085,0.473555,0.880589,1.016387,0.060579,0.112256,1.091851
1.06512,0.0,33.950523,9.873267,4.469317,29.325835,5.805517,24.150359,12.748928,1.398097,8.830488,51.67916
0.707411,25.007357,0.0,26.793005,39.823021,48.738453,15.260771,63.665568,22.126768,5.984203,15.466224,39.784861
0.530653,7.237992,57.768939,0.0,16.859685,39.899093,24.354213,35.505677,23.659477,10.444803,15.485485,50.66768
2.995992,5.368355,36.317371,7.319171,0.0,15.529571,5.189293,10.607117,13.444664,3.203509,4.990232,9.257805
0.568451,21.612283,161.97268,16.573709,9.215331,0.0,19.457061,59.17308,80.990141,7.237709,17.854664,77.094955
0.792355,9.502997,31.119856,12.219251,6.431477,26.740936,0.0,8.412101,13.691336,0.995704,4.099725,29.146581
3.799976,23.54924,106.630627,30.269595,42.134384,128.040597,18.777075,0.0,90.296776,15.824147,24.871901,171.205459
2.791731,51.904875,86.983576,43.528277,22.721219,69.777149,27.689904,93.95828,0.0,6.366275,27.323477,195.269037
0.053299,1.571893,1.929563,13.49908,0.449651,8.312109,0.618933,32.615147,2.002435,0.0,36.502131,4.76228
0.135605,13.107341,31.66756,17.137891,9.229515,21.666229,3.806059,45.892368,17.251968,4.572787,0.0,30.978253
5.639491,153.116296,120.87428,120.345835,38.003701,66.290813,45.5934,135.414147,239.217381,8.032792,39.483139,0.0
