2400.041628
0.053333,1,2
0.135829,1,3
0.026667,1,4
0.09444,1,5
0.026667,1,7
0.013333,1,8
0.026667,1,9
0.013333,1,10
0.140811,1,11
0.358272,1,12
0.120787,2,1
13.844184,2,3
4.514077,2,4
4.279891,2,5
12.516115,2,6
0.839733,2,7
11.26448,2,8
4.028021,2,9
0.083515,2,10
3.818221,2,11
28.105795,2,12
0.219075,3,1
7.504627,3,2
18.730813,3,4
16.908741,3,5
41.473805,3,6
5.510864,3,7
72.950064,3,8
112.282093,3,9
3.410117,3,10
5.082264,3,11
53.937685,3,12
0.178507,4,1
2.595341,4,2
32.29624,4,3
21.657499,4,5
22.372344,4,6
19.122235,4,7
17.506011,4,8
43.833293,4,9
10.313557,4,10
8.958835,4,11
39.190515,4,12
3.993045,5,1
15.729829,5,2
7.28384,5,3
0.696536,5,4
4.278976,5,6
0.934595,5,7
4.286088,5,8
6.602632,5,9
0.026667,5,10
4.821411,5,11
9.305355,5,12
16.623272,6,2
72.526045,6,3
2.1926,6,4
2.640912,6,5
4.041824,6,7
44.562411,6,8
53.771637,6,9
9.61928,6,10
5.599963,6,11
8.577864,6,12
0.08,7,1
1.304355,7,2
10.985424,7,3
4.402795,7,4
2.685653,7,5
6.542509,7,6
5.426125,7,8
8.366192,7,9
0.69892,7,10
2.031725,7,11
9.145653,7,12
0.720288,8,1
21.902928,8,2
73.214499,8,3
11.207224,8,4
8.755379,8,5
29.878581,8,6
6.918512,8,7
78.436973,8,9
12.302819,8,10
45.432371,8,11
86.265496,8,12
23.977283,9,2
48.794539,9,3
29.233208,9,4
15.738448,9,5
27.55316,9,6
11.45144,9,7
118.574429,9,8
3.857027,9,10
30.504259,9,11
59.568139,9,12
0.053333,10,2
0.147237,10,3
1.690357,10,4
0.026667,10,5
5.523299,10,6
0.054696,10,7
36.594635,10,8
0.650752,10,9
37.714568,10,11
0.026667,10,12
0.082232,11,1
6.740856,11,2
7.187619,11,3
4.756099,11,4
3.405579,11,5
6.054963,11,6
4.137827,11,7
29.750507,11,8
17.369928,11,9
8.864736,11,10
4.95748,11,12
0.152,12,1
87.112947,12,2
65.170408,12,3
49.624381,12,4
18.696925,12,5
34.325587,12,6
24.155784,12,7
109.729827,12,8
93.555939,12,9
3.060245,12,10
24.257717,12,11
succeed
0.0,0.053333,0.135829,0.026667,0.09444,0.0,0.026667,0.013333,0.026667,0.013333,0.140811,0.358272
0.120787,0.0,13.844184,4.514077,4.279891,12.516115,0.839733,11.26448,4.028021,0.083515,3.818221,28.105795
0.219075,7.504627,0.0,18.730813,16.908741,41.473805,5.510864,72.950064,112.282093,3.410117,5.082264,53.937685
0.178507,2.595341,32.29624,0.0,21.657499,22.372344,19.122235,17.506011,43.833293,10.313557,8.958835,39.190515
3.993045,15.729829,7.28384,0.696536,0.0,4.278976,0.934595,4.286088,6.602632,0.026667,4.821411,9.305355
0.0,16.623272,72.526045,2.1926,2.640912,0.0,4.041824,44.562411,53.771637,9.61928,5.599963,8.577864
0.08,1.304355,10.985424,4.402795,2.685653,6.542509,0.0,5.426125,8.366192,0.69892,2.031725,9.145653
0.720288,21.902928,73.214499,11.207224,8.755379,29.878581,6.918512,0.0,78.436973,12.302819,45.432371,86.265496
0.0,23.977283,48.794539,29.233208,15.738448,27.55316,11.45144,118.574429,0.0,3.857027,30.504259,59.568139
0.0,0.053333,0.147237,1.690357,0.026667,5.523299,0.054696,36.594635,0.650752,0.0,37.714568,0.026667
0.082232,6.740856,7.187619,4.756099,3.405579,6.054963,4.137827,29.750507,17.369928,8.864736,0.0,4.95748
0.152,87.112947,65.170408,49.624381,18.696925,34.325587,24.155784,109.729827,93.555939,3.060245,24.257717,0.0
