2831.850003
2.731181,1,2
0.331347,1,3
0.117488,1,5
0.165093,1,6
0.026667,1,7
0.1014,1,8
0.053333,1,9
0.046621,1,11
4.677203,1,12
3.348168,2,1
13.640299,2,3
4.075979,2,4
5.264424,2,5
33.16408,2,6
2.668688,2,7
11.868245,2,8
6.935965,2,9
0.549291,2,10
3.263243,2,11
36.336749,2,12
0.288861,3,1
40.368565,3,2
30.345077,3,4
58.638493,3,5
40.907059,3,6
17.239045,3,7
41.682371,3,8
14.126907,3,9
2.493723,3,10
6.035528,3,11
43.945832,3,12
0.593123,4,1
7.078323,4,2
112.054941,4,3
29.740957,4,5
28.1376,4,6
28.318397,4,7
44.021168,4,8
16.698952,4,9
12.693093,4,10
17.329784,4,11
57.307496,4,12
0.372645,5,1
3.425677,5,2
16.490597,5,3
3.211933,5,4
2.920571,5,6
4.160949,5,7
8.789064,5,8
2.844645,5,9
0.398763,5,10
1.321512,5,11
19.0386,5,12
0.507195,6,1
27.843355,6,2
82.924437,6,3
9.78788,6,4
1.998323,6,5
17.555208,6,7
30.316907,6,8
20.395728,6,9
2.423691,6,10
9.330693,6,11
26.854843,6,12
0.46612,7,1
3.498811,7,2
20.675376,7,3
6.961712,7,4
4.168824,7,5
21.800792,7,6
3.200109,7,8
3.584669,7,9
2.26956,7,10
3.006352,7,11
8.055251,7,12
0.510549,8,1
16.911787,8,2
93.626677,8,3
14.76828,8,4
8.715299,8,5
16.551021,8,6
13.208181,8,7
47.319088,8,9
24.614293,8,10
19.603731,8,11
123.727669,8,12
1.585963,9,1
42.823797,9,2
25.060536,9,3
37.515035,9,4
12.931541,9,5
29.326613,9,6
10.091768,9,7
61.841125,9,8
3.764373,9,10
20.340141,9,11
89.257,9,12
0.130667,10,2
10.043624,10,4
0.11176,10,5
0.154211,10,6
0.026667,10,7
46.518955,10,8
0.171947,10,9
34.97752,10,11
0.485971,10,12
0.235136,11,1
10.673859,11,2
25.006549,11,3
9.795115,11,4
3.956288,11,5
11.90684,11,6
4.934747,11,7
24.768939,11,8
36.861525,11,9
5.543883,11,10
19.851808,11,12
7.137024,12,1
106.010539,12,2
100.707501,12,3
73.473747,12,4
29.472352,12,5
64.924909,12,6
23.670856,12,7
109.429019,12,8
164.224859,12,9
5.584053,12,10
36.953115,12,11
succeed
0.0,2.731181,0.331347,0.0,0.117488,0.165093,0.026667,0.1014,0.053333,0.0,0.046621,4.677203
3.348168,0.0,13.640299,4.075979,5.264424,33.16408,2.668688,11.868245,6.935965,0.549291,3.263243,36.336749
0.288861,40.368565,0.0,30.345077,58.638493,40.907059,17.239045,41.682371,14.126907,2.493723,6.035528,43.945832
0.593123,7.078323,112.054941,0.0,29.740957,28.1376,28.318397,44.021168,16.698952,12.693093,17.329784,57.307496
0.372645,3.425677,16.490597,3.211933,0.0,2.920571,4.160949,8.789064,2.844645,0.398763,1.321512,19.0386
0.507195,27.843355,82.924437,9.78788,1.998323,0.0,17.555208,30.316907,20.395728,2.423691,9.330693,26.854843
0.46612,3.498811,20.675376,6.961712,4.168824,21.800792,0.0,3.200109,3.584669,2.26956,3.006352,8.055251
0.510549,16.911787,93.626677,14.76828,8.715299,16.551021,13.208181,0.0,47.319088,24.614293,19.603731,123.727669
1.585963,42.823797,25.060536,37.515035,12.931541,29.326613,10.091768,61.841125,0.0,3.764373,20.340141,89.257
0.0,0.130667,0.0,10.043624,0.11176,0.154211,0.026667,46.518955,0.171947,0.0,34.97752,0.485971
0.235136,10.673859,25.006549,9.795115,3.956288,11.90684,4.934747,24.768939,36.861525,5.543883,0.0,19.851808
7.137024,106.010539,100.707501,73.473747,29.472352,64.924909,23.670856,109.429019,164.224859,5.584053,36.953115,0.0
