3522.133867
0.22992,1,2
1.347891,1,3
1.118637,1,5
1.369528,1,6
0.511693,1,7
0.665232,1,9
1.785283,1,12
17.852501,2,3
0.092397,2,4
38.148299,2,5
30.045493,2,6
4.2152,2,7
0.403485,2,8
13.063851,2,9
0.028157,2,10
0.478032,2,11
52.663144,2,12
78.324741,3,2
27.282261,3,4
120.275227,3,5
81.652141,3,6
15.617275,3,7
43.876675,3,9
0.466176,3,11
43.923451,3,12
17.714459,4,2
50.579211,4,3
38.043155,4,5
29.845379,4,6
14.191381,4,7
15.870901,4,9
7.767259,4,10
1.647213,4,11
45.806837,4,12
53.605552,5,2
0.979885,5,3
0.043619,5,4
8.005853,5,9
0.026667,5,10
0.603269,5,11
113.349077,5,12
31.926763,6,2
176.507168,6,3
15.853645,6,4
87.786904,6,5
17.892779,6,7
0.140456,6,8
77.813827,6,9
0.138429,6,10
0.358963,6,11
40.993165,6,12
10.857131,7,2
29.467552,7,3
6.578045,7,4
20.807827,7,5
18.164296,7,6
12.254275,7,9
0.026667,7,10
2.284173,7,11
17.346029,7,12
38.713333,8,2
19.689291,8,3
15.000437,8,4
189.069749,8,5
0.255784,8,6
0.396696,8,7
59.291336,8,9
7.90704,8,10
24.506477,8,11
104.350011,8,12
43.276408,9,2
60.027131,9,3
49.904485,9,4
131.873637,9,5
66.343357,9,6
22.999896,9,7
0.481645,9,8
0.026667,9,10
7.354715,9,11
163.775931,9,12
0.410443,10,2
0.08,10,3
4.78732,10,4
4.429216,10,5
4.467781,10,7
41.855,10,8
4.833715,10,9
46.849459,10,11
0.70032,10,12
9.483008,11,2
0.953408,11,3
7.645461,11,4
32.712507,11,5
0.435189,11,6
5.549195,11,7
37.78992,11,8
13.145813,11,9
3.390059,11,10
10.778915,11,12
142.790949,12,2
78.294011,12,3
5.053408,12,4
229.593907,12,5
80.260317,12,6
9.659619,12,7
0.026667,12,8
190.374549,12,9
9.825184,12,11
succeed
0.0,0.22992,1.347891,0.0,1.118637,1.369528,0.511693,0.0,0.665232,0.0,0.0,1.785283
0.0,0.0,17.852501,0.092397,38.148299,30.045493,4.2152,0.403485,13.063851,0.028157,0.478032,52.663144
0.0,78.324741,0.0,27.282261,120.275227,81.652141,15.617275,0.0,43.876675,0.0,0.466176,43.923451
0.0,17.714459,50.579211,0.0,38.043155,29.845379,14.191381,0.0,15.870901,7.767259,1.647213,45.806837
0.0,53.605552,0.979885,0.043619,0.0,0.0,0.0,0.0,8.005853,0.026667,0.603269,113.349077
0.0,31.926763,176.507168,15.853645,87.786904,0.0,17.892779,0.140456,77.813827,0.138429,0.358963,40.993165
0.0,10.857131,29.467552,6.578045,20.807827,18.164296,0.0,0.0,12.254275,0.026667,2.284173,17.346029
0.0,38.713333,19.689291,15.000437,189.069749,0.255784,0.396696,0.0,59.291336,7.90704,24.506477,104.350011
0.0,43.276408,60.027131,49.904485,131.873637,66.343357,22.999896,0.481645,0.0,0.026667,7.354715,163.775931
0.0,0.410443,0.08,4.78732,4.429216,0.0,4.467781,41.855,4.833715,0.0,46.849459,0.70032
0.0,9.483008,0.953408,7.645461,32.712507,0.435189,5.549195,37.78992,13.145813,3.390059,0.0,10.778915
0.0,142.790949,78.294011,5.053408,229.593907,80.260317,9.659619,0.026667,190.374549,0.0,9.825184,0.0
