3046.23605
0.211552,1,2
1.011947,1,3
0.071971,1,4
1.557488,1,5
0.08,1,6
2.371803,1,7
0.110056,1,8
0.247157,1,9
0.06284,1,10
0.196421,1,11
1.320256,1,12
0.164155,2,1
12.051309,2,3
10.981923,2,4
3.05344,2,5
11.045149,2,6
2.377152,2,7
17.869081,2,8
11.63252,2,9
1.202948,2,10
6.31132,2,11
50.599723,2,12
0.164125,3,1
32.279451,3,2
16.779845,3,4
14.005741,3,5
59.165773,3,6
16.040211,3,7
40.008208,3,8
23.671691,3,9
1.786195,3,10
8.768619,3,11
19.860869,3,12
0.310043,4,1
12.516419,4,2
95.765216,4,3
27.100829,4,5
35.743755,4,6
19.777192,4,7
17.082,4,8
24.816709,4,9
10.9918,4,10
37.995445,4,11
49.364136,4,12
1.570325,5,1
7.468776,5,2
12.923432,5,3
2.725883,5,4
8.756376,5,6
4.466699,5,7
10.9832,5,8
9.708048,5,9
0.388824,5,10
2.14072,5,11
19.464619,5,12
0.237373,6,1
27.329448,6,2
107.05988,6,3
23.919605,6,4
18.146688,6,5
7.793197,6,7
11.442565,6,8
27.932845,6,9
2.816512,6,10
35.085403,6,11
19.038608,6,12
0.163968,7,1
3.923963,7,2
18.543173,7,3
9.967328,7,4
5.581683,7,5
32.97424,7,6
5.558571,7,8
3.477805,7,9
3.502024,7,10
3.203336,7,11
15.077675,7,12
0.116459,8,1
69.572643,8,2
77.804115,8,3
21.180707,8,4
15.703365,8,5
42.297429,8,6
11.457989,8,7
34.191208,8,9
25.302688,8,10
28.749067,8,11
44.84928,8,12
0.769021,9,1
42.446928,9,2
37.216269,9,3
47.724947,9,4
12.500757,9,5
52.612333,9,6
14.490432,9,7
82.640885,9,8
7.072,9,10
16.175104,9,11
195.750616,9,12
0.097704,10,2
1.006192,10,3
52.867643,10,4
3.031267,10,5
0.563661,10,6
0.053333,10,7
35.847088,10,8
0.285355,10,9
26.245917,10,11
0.551299,10,12
0.733981,11,1
17.188459,11,2
51.005667,11,3
14.769147,11,4
10.854048,11,5
20.15252,11,6
4.478117,11,7
17.827381,11,8
19.403424,11,9
7.419533,11,10
24.214616,11,12
2.719035,12,1
124.175179,12,2
80.052309,12,3
60.179915,12,4
34.572597,12,5
81.543256,12,6
20.240784,12,7
73.06216,12,8
173.087384,12,9
11.585021,12,10
33.900541,12,11
succeed
0.0,0.211552,1.011947,0.071971,1.557488,0.08,2.371803,0.110056,0.247157,0.06284,0.196421,1.320256
0.164155,0.0,12.051309,10.981923,3.05344,11.045149,2.377152,17.869081,11.63252,1.202948,6.31132,50.599723
0.164125,32.279451,0.0,16.779845,14.005741,59.165773,16.040211,40.008208,23.671691,1.786195,8.768619,19.860869
0.310043,12.516419,95.765216,0.0,27.100829,35.743755,19.777192,17.082,24.816709,10.9918,37.995445,49.364136
1.570325,7.468776,12.923432,2.725883,0.0,8.756376,4.466699,10.9832,9.708048,0.388824,2.14072,19.464619
0.237373,27.329448,107.05988,23.919605,18.146688,0.0,7.793197,11.442565,27.932845,2.816512,35.085403,19.038608
0.163968,3.923963,18.543173,9.967328,5.581683,32.97424,0.0,5.558571,3.477805,3.502024,3.203336,15.077675
0.116459,69.572643,77.804115,21.180707,15.703365,42.297429,11.457989,0.0,34.191208,25.302688,28.749067,44.84928
0.769021,42.446928,37.216269,47.724947,12.500757,52.612333,14.490432,82.640885,0.0,7.072,16.175104,195.750616
0.0,0.097704,1.006192,52.867643,3.031267,0.563661,0.053333,35.847088,0.285355,0.0,26.245917,0.551299
0.733981,17.188459,51.005667,14.769147,10.854048,20.15252,4.478117,17.827381,19.403424,7.419533,0.0,24.214616
2.719035,124.175179,80.052309,60.179915,34.572597,81.543256,20.240784,73.06216,173.087384,11.585021,33.900541,0.0
