5876.993916
0.816787,1,2
1.264264,1,3
2.550363,1,5
0.691483,1,6
1.148112,1,7
0.013333,1,8
1.053336,1,9
0.081691,1,10
0.08,1,11
3.274155,1,12
32.59612,2,3
0.299416,2,4
91.230163,2,5
32.612592,2,6
11.377352,2,7
0.066667,2,8
16.296979,2,9
0.973811,2,10
1.368877,2,11
81.215616,2,12
51.49208,3,2
42.724536,3,4
138.019296,3,5
84.465259,3,6
22.074947,3,7
2.719203,3,8
41.758189,3,9
0.404896,3,10
1.596741,3,11
115.459603,3,12
18.259083,4,2
64.457944,4,3
65.52264,4,5
53.512957,4,6
31.580059,4,7
0.057541,4,8
30.316731,4,9
34.29188,4,10
26.32992,4,11
44.900829,4,12
52.127832,5,2
3.963685,5,3
0.030507,5,4
0.125339,5,6
0.083667,5,7
0.053333,5,8
8.73604,5,9
0.053333,5,10
0.286091,5,11
150.893507,5,12
36.029787,6,2
164.735936,6,3
20.889723,6,4
84.731592,6,5
19.149235,6,7
0.026667,6,8
97.923168,6,9
2.115635,6,10
25.402725,6,11
57.553901,6,12
8.408011,7,2
34.489309,7,3
10.424115,7,4
28.191115,7,5
17.215328,7,6
0.026667,7,8
14.288349,7,9
0.114776,7,10
0.243845,7,11
17.350195,7,12
36.482147,8,2
19.271587,8,3
19.480997,8,4
1492.242213,8,5
1.207371,8,6
0.456203,8,7
91.668317,8,9
25.546117,8,10
30.105139,8,11
127.34532,8,12
73.638709,9,2
151.902128,9,3
44.845821,9,4
157.457245,9,5
96.216736,9,6
33.648021,9,7
0.987589,9,8
0.195285,9,10
7.647733,9,11
190.289093,9,12
1.259693,10,2
0.99728,10,3
11.709779,10,4
12.219717,10,5
0.026667,10,6
0.814515,10,7
39.01212,10,8
7.094931,10,9
49.700611,10,11
2.921595,10,12
17.233288,11,2
3.873104,11,3
17.997851,11,4
68.389512,11,5
0.707152,11,6
7.674653,11,7
28.998899,11,8
15.571235,11,9
7.254712,11,10
20.641827,11,12
123.170429,12,2
149.751128,12,3
19.959445,12,4
314.270853,12,5
64.230885,12,6
38.479979,12,7
0.053333,12,8
240.248133,12,9
0.693816,12,10
6.784139,12,11
succeed
0.0,0.816787,1.264264,0.0,2.550363,0.691483,1.148112,0.013333,1.053336,0.081691,0.08,3.274155
0.0,0.0,32.59612,0.299416,91.230163,32.612592,11.377352,0.066667,16.296979,0.973811,1.368877,81.215616
0.0,51.49208,0.0,42.724536,138.019296,84.465259,22.074947,2.719203,41.758189,0.404896,1.596741,115.459603
0.0,18.259083,64.457944,0.0,65.52264,53.512957,31.580059,0.057541,30.316731,34.29188,26.32992,44.900829
0.0,52.127832,3.963685,0.030507,0.0,0.125339,0.083667,0.053333,8.73604,0.053333,0.286091,150.893507
0.0,36.029787,164.735936,20.889723,84.731592,0.0,19.149235,0.026667,97.923168,2.115635,25.402725,57.553901
0.0,8.408011,34.489309,10.424115,28.191115,17.215328,0.0,0.026667,14.288349,0.114776,0.243845,17.350195
0.0,36.482147,19.271587,19.480997,1492.242213,1.207371,0.456203,0.0,91.668317,25.546117,30.105139,127.34532
0.0,73.638709,151.902128,44.845821,157.457245,96.216736,33.648021,0.987589,0.0,0.195285,7.647733,190.289093
0.0,1.259693,0.99728,11.709779,12.219717,0.026667,0.814515,39.01212,7.094931,0.0,49.700611,2.921595
0.0,17.233288,3.873104,17.997851,68.389512,0.707152,7.674653,28.998899,15.571235,7.254712,0.0,20.641827
0.0,123.170429,149.751128,19.959445,314.270853,64.230885,38.479979,0.053333,240.248133,0.693816,6.784139,0.0
