2056.749335
0.212968,1,2
1.907171,1,3
0.053333,1,4
0.09772,1,5
1.310992,1,6
0.08,1,7
0.158968,1,8
0.026667,1,9
0.105557,1,11
0.544411,1,12
0.359515,2,1
5.014387,2,3
12.786227,2,4
38.874421,2,5
16.28552,2,6
2.659309,2,7
12.016677,2,8
11.208443,2,9
0.058987,2,10
4.222176,2,11
32.657251,2,12
0.247096,3,1
6.906877,3,2
21.983136,3,4
8.415304,3,5
24.76052,3,6
11.646515,3,7
56.547448,3,8
17.040272,3,9
0.611011,3,10
7.632755,3,11
25.409536,3,12
0.175467,4,1
1.739445,4,2
37.702661,4,3
18.156757,4,5
42.956987,4,6
31.96624,4,7
17.420555,4,8
15.298752,4,9
6.526024,4,10
26.929824,4,11
39.726736,4,12
0.234616,5,1
9.159173,5,2
6.407232,5,3
6.898907,5,4
0.444315,5,6
1.706997,5,7
6.81988,5,8
3.281992,5,9
0.829091,5,11
4.343792,5,12
0.112696,6,1
12.729984,6,2
67.529293,6,3
7.762275,6,4
7.576333,6,5
5.16548,6,7
15.49368,6,8
25.112645,6,9
0.284,6,10
7.012181,6,11
38.979936,6,12
3.385725,7,2
18.902867,7,3
20.872744,7,4
8.561987,7,5
17.369637,7,6
9.171296,7,8
5.178403,7,9
2.072875,7,10
3.797811,7,11
10.419475,7,12
0.054069,8,1
11.137304,8,2
72.049229,8,3
5.967971,8,4
6.659285,8,5
24.62436,8,6
2.840915,8,7
41.608611,8,9
15.007179,8,10
32.858544,8,11
26.081797,8,12
0.95428,9,1
30.926472,9,2
34.163488,9,3
29.65324,9,4
10.277661,9,5
31.997088,9,6
6.838507,9,7
56.867936,9,8
0.482968,9,10
14.340549,9,11
63.122707,9,12
0.085611,10,2
0.150933,10,3
5.370288,10,4
0.190179,10,5
5.816749,10,6
0.026667,10,7
19.294477,10,8
0.120363,10,9
29.726907,10,11
0.08,10,12
0.246765,11,1
9.580192,11,2
10.611872,11,3
5.24488,11,4
7.848723,11,5
6.740835,11,6
3.824403,11,7
18.647413,11,8
7.671947,11,9
5.149915,11,10
14.26472,11,12
1.937376,12,1
131.020235,12,2
54.204829,12,3
52.069645,12,4
12.636661,12,5
37.517043,12,6
9.793123,12,7
38.096472,12,8
132.766227,12,9
0.172792,12,10
29.268997,12,11
succeed
0.0,0.212968,1.907171,0.053333,0.09772,1.310992,0.08,0.158968,0.026667,0.0,0.105557,0.544411
0.359515,0.0,5.014387,12.786227,38.874421,16.28552,2.659309,12.016677,11.208443,0.058987,4.222176,32.657251
0.247096,6.906877,0.0,21.983136,8.415304,24.76052,11.646515,56.547448,17.040272,0.611011,7.632755,25.409536
0.175467,1.739445,37.702661,0.0,18.156757,42.956987,31.96624,17.420555,15.298752,6.526024,26.929824,39.726736
0.234616,9.159173,6.407232,6.898907,0.0,0.444315,1.706997,6.81988,3.281992,0.0,0.829091,4.343792
0.112696,12.729984,67.529293,7.762275,7.576333,0.0,5.16548,15.49368,25.112645,0.284,7.012181,38.979936
0.0,3.385725,18.902867,20.872744,8.561987,17.369637,0.0,9.171296,5.178403,2.072875,3.797811,10.419475
0.054069,11.137304,72.049229,5.967971,6.659285,24.62436,2.840915,0.0,41.608611,15.007179,32.858544,26.081797
0.95428,30.926472,34.163488,29.65324,10.277661,31.997088,6.838507,56.867936,0.0,0.482968,14.340549,63.122707
0.0,0.085611,0.150933,5.370288,0.190179,5.816749,0.026667,19.294477,0.120363,0.0,29.726907,0.08
0.246765,9.580192,10.611872,5.24488,7.848723,6.740835,3.824403,18.647413,7.671947,5.149915,0.0,14.26472
1.937376,131.020235,54.204829,52.069645,12.636661,37.517043,9.793123,38.096472,132.766227,0.172792,29.268997,0.0
