2188.55003
0.027509,1,2
0.134021,1,3
2.055883,1,6
0.026667,1,7
1.004653,1,8
0.026667,1,9
0.06424,1,11
0.172416,1,12
0.358587,2,1
50.681184,2,3
2.899123,2,4
34.871587,2,5
11.066923,2,6
1.998944,2,7
16.191723,2,8
1.759283,2,9
0.031435,2,10
5.415152,2,11
14.783597,2,12
16.230541,3,2
22.220869,3,4
2.92104,3,5
24.5146,3,6
12.122523,3,7
57.88428,3,8
9.212219,3,9
0.247645,3,10
3.446056,3,11
19.873992,3,12
0.227467,4,1
5.979008,4,2
36.905123,4,3
17.360005,4,5
40.009723,4,6
22.323333,4,7
17.948693,4,8
14.490995,4,9
7.2264,4,10
17.163912,4,11
29.372067,4,12
0.109675,5,1
15.200944,5,2
7.73556,5,3
2.348085,5,4
0.403051,5,6
0.909504,5,7
3.583912,5,8
0.644627,5,9
0.026667,5,10
0.782616,5,11
3.185192,5,12
0.183003,6,1
14.072101,6,2
47.32728,6,3
9.658392,6,4
0.441552,6,5
2.359928,6,7
24.695347,6,8
18.113472,6,9
0.344085,6,10
3.491707,6,11
13.4714,6,12
1.454619,7,2
9.062269,7,3
5.47148,7,4
6.118853,7,5
11.850483,7,6
5.180512,7,8
1.888227,7,9
2.503419,7,10
5.107805,7,11
10.631181,7,12
0.1586,8,1
36.204955,8,2
53.472384,8,3
7.757968,8,4
3.994557,8,5
14.037579,8,6
5.419232,8,7
47.973224,8,9
17.315155,8,10
30.866344,8,11
46.886893,8,12
0.952971,9,1
28.508075,9,2
20.091629,9,3
24.158141,9,4
14.460843,9,5
15.559235,9,6
5.272499,9,7
67.117096,9,8
0.448424,9,10
24.021277,9,11
35.281989,9,12
0.026667,10,2
0.026667,10,3
12.827784,10,4
0.026667,10,5
0.169323,10,6
0.12732,10,7
19.131152,10,8
0.499733,10,9
21.571469,10,11
0.137824,10,12
0.036944,11,1
6.440731,11,2
10.213317,11,3
2.915512,11,4
3.669253,11,5
5.618307,11,6
3.223525,11,7
272.347973,11,8
6.798312,11,9
1.999853,11,10
12.568709,11,12
0.182819,12,1
115.991611,12,2
76.661168,12,3
46.144147,12,4
42.662501,12,5
32.014504,12,6
11.950421,12,7
51.581208,12,8
146.519157,12,9
1.009384,12,10
33.889965,12,11
succeed
0.0,0.027509,0.134021,0.0,0.0,2.055883,0.026667,1.004653,0.026667,0.0,0.06424,0.172416
0.358587,0.0,50.681184,2.899123,34.871587,11.066923,1.998944,16.191723,1.759283,0.031435,5.415152,14.783597
0.0,16.230541,0.0,22.220869,2.92104,24.5146,12.122523,57.88428,9.212219,0.247645,3.446056,19.873992
0.227467,5.979008,36.905123,0.0,17.360005,40.009723,22.323333,17.948693,14.490995,7.2264,17.163912,29.372067
0.109675,15.200944,7.73556,2.348085,0.0,0.403051,0.909504,3.583912,0.644627,0.026667,0.782616,3.185192
0.183003,14.072101,47.32728,9.658392,0.441552,0.0,2.359928,24.695347,18.113472,0.344085,3.491707,13.4714
0.0,1.454619,9.062269,5.47148,6.118853,11.850483,0.0,5.180512,1.888227,2.503419,5.107805,10.631181
0.1586,36.204955,53.472384,7.757968,3.994557,14.037579,5.419232,0.0,47.973224,17.315155,30.866344,46.886893
0.952971,28.508075,20.091629,24.158141,14.460843,15.559235,5.272499,67.117096,0.0,0.448424,24.021277,35.281989
0.0,0.026667,0.026667,12.827784,0.026667,0.169323,0.12732,19.131152,0.499733,0.0,21.571469,0.137824
0.036944,6.440731,10.213317,2.915512,3.669253,5.618307,3.223525,272.347973,6.798312,1.999853,0.0,12.568709
0.182819,115.991611,76.661168,46.144147,42.662501,32.014504,11.950421,51.581208,146.519157,1.009384,33.889965,0.0
