2663.523032
0.719139,1,2
0.694712,1,3
0.208629,1,4
0.125579,1,5
1.448672,1,6
0.279629,1,7
0.199067,1,8
0.373139,1,9
0.113213,1,10
0.085408,1,11
2.389288,1,12
1.067805,2,1
31.177555,2,3
3.180877,2,4
6.704888,2,5
20.550989,2,6
5.890416,2,7
20.563315,2,8
18.781984,2,9
2.247285,2,10
8.056333,2,11
67.624616,2,12
4.606021,3,1
21.066781,3,2
14.230829,3,4
13.939624,3,5
24.418763,3,6
10.290952,3,7
20.228317,3,8
7.425813,3,9
1.457096,3,10
6.463843,3,11
11.11452,3,12
0.353144,4,1
2.3208,4,2
42.409469,4,3
2.160896,4,5
11.642133,4,6
23.276949,4,7
18.490824,4,8
21.88516,4,9
17.036795,4,10
18.91564,4,11
14.642549,4,12
0.231035,5,1
4.129613,5,2
28.83512,5,3
2.357677,5,4
10.747197,5,6
6.329995,5,7
99.857427,5,8
9.301523,5,9
2.166933,5,10
1.542523,5,11
7.708851,5,12
3.501195,6,1
11.57084,6,2
77.95672,6,3
22.041285,6,4
6.408456,6,5
12.732011,6,7
85.864749,6,8
29.918085,6,9
5.719243,6,10
14.38268,6,11
41.449827,6,12
0.153573,7,1
10.367973,7,2
35.273112,7,3
6.354144,7,4
4.666941,7,5
21.537048,7,6
12.166493,7,8
11.888165,7,9
1.652237,7,10
3.264,7,11
12.566203,7,12
0.284611,8,1
24.035331,8,2
93.626984,8,3
9.237672,8,4
12.885632,8,5
38.246296,8,6
9.230837,8,7
54.577288,8,9
5.071776,8,10
32.546464,8,11
56.969781,8,12
2.007203,9,1
33.816605,9,2
63.189643,9,3
15.124947,9,4
19.912728,9,5
91.27092,9,6
27.976435,9,7
63.550365,9,8
7.393072,9,10
27.456613,9,11
105.800437,9,12
0.205363,10,1
1.490283,10,2
4.042179,10,3
7.275483,10,4
0.591269,10,5
2.497704,10,6
0.995539,10,7
3.023923,10,8
3.307045,10,9
1.572731,10,11
2.190507,10,12
0.095725,11,1
17.457677,11,2
23.739811,11,3
3.622272,11,4
4.264069,11,5
9.199643,11,6
3.701112,11,7
19.80104,11,8
21.053963,11,9
2.380765,11,10
7.390531,11,12
0.336861,12,1
159.986099,12,2
76.988939,12,3
32.849643,12,4
20.255864,12,5
60.311296,12,6
11.537147,12,7
71.124621,12,8
150.026035,12,9
8.827488,12,10
31.666435,12,11
succeed
0.0,0.719139,0.694712,0.208629,0.125579,1.448672,0.279629,0.199067,0.373139,0.113213,0.085408,2.389288
1.067805,0.0,31.177555,3.180877,6.704888,20.550989,5.890416,20.563315,18.781984,2.247285,8.056333,67.624616
4.606021,21.066781,0.0,14.230829,13.939624,24.418763,10.290952,20.228317,7.425813,1.457096,6.463843,11.11452
0.353144,2.3208,42.409469,0.0,2.160896,11.642133,23.276949,18.490824,21.88516,17.036795,18.91564,14.642549
0.231035,4.129613,28.83512,2.357677,0.0,10.747197,6.329995,99.857427,9.301523,2.166933,1.542523,7.708851
3.501195,11.57084,77.95672,22.041285,6.408456,0.0,12.732011,85.864749,29.918085,5.719243,14.38268,41.449827
0.153573,10.367973,35.273112,6.354144,4.666941,21.537048,0.0,12.166493,11.888165,1.652237,3.264,12.566203
0.284611,24.035331,93.626984,9.237672,12.885632,38.246296,9.230837,0.0,54.577288,5.071776,32.546464,56.969781
2.007203,33.816605,63.189643,15.124947,19.912728,91.27092,27.976435,63.550365,0.0,7.393072,27.456613,105.800437
0.205363,1.490283,4.042179,7.275483,0.591269,2.497704,0.995539,3.023923,3.307045,0.0,1.572731,2.190507
0.095725,17.457677,23.739811,3.622272,4.264069,9.199643,3.701112,19.80104,21.053963,2.380765,0.0,7.390531
0.336861,159.986099,76.988939,32.849643,20.255864,60.311296,11.537147,71.124621,150.026035,8.827488,31.666435,0.0
