2225.165174
0.322491,1,3
0.053333,1,4
0.031264,1,5
0.44156,1,6
0.869211,1,7
0.738928,1,8
0.053333,1,9
0.424523,1,11
0.701379,1,12
0.130045,2,1
15.262792,2,3
17.455787,2,4
31.838344,2,5
23.227376,2,6
0.510176,2,7
13.130728,2,8
3.819395,2,9
0.140504,2,10
5.812992,2,11
18.601019,2,12
0.315451,3,1
10.487541,3,2
28.06888,3,4
6.492059,3,5
27.208893,3,6
3.137861,3,7
33.435752,3,8
9.633331,3,9
0.393675,3,10
3.7408,3,11
19.900837,3,12
0.620691,4,1
2.323221,4,2
66.016211,4,3
20.453147,4,5
25.461712,4,6
26.424504,4,7
12.848272,4,8
10.858203,4,9
18.299309,4,10
17.127213,4,11
39.391685,4,12
0.143563,5,1
7.333448,5,2
8.214803,5,3
1.165171,5,4
1.349856,5,6
1.820077,5,7
6.235792,5,8
3.698773,5,9
0.026667,5,10
1.584333,5,11
2.623219,5,12
0.08824,6,1
17.963272,6,2
43.146101,6,3
7.924307,6,4
1.092491,6,5
2.023581,6,7
16.853163,6,8
23.708755,6,9
0.745395,6,10
11.577269,6,11
15.738048,6,12
0.053333,7,1
1.217331,7,2
13.242568,7,3
9.506008,7,4
5.164275,7,5
9.577224,7,6
9.048259,7,8
1.370861,7,9
2.516632,7,10
2.961147,7,11
7.288648,7,12
0.110251,8,1
28.341333,8,2
57.081072,8,3
12.204517,8,4
22.330955,8,5
18.640448,8,6
6.969437,8,7
51.225067,8,9
23.899931,8,10
29.756264,8,11
96.146749,8,12
2.432091,9,1
17.571275,9,2
42.832475,9,3
25.860043,9,4
16.291995,9,5
11.182544,9,6
6.010389,9,7
64.603392,9,8
1.925045,9,10
22.921405,9,11
60.331299,9,12
0.053333,10,2
0.053333,10,3
6.292341,10,4
0.032171,10,5
4.709819,10,6
0.026667,10,7
43.311992,10,8
0.304923,10,9
33.475109,10,11
0.053333,10,12
4.63968,11,2
8.478928,11,3
1.102957,11,4
2.059032,11,5
1.815725,11,6
0.454227,11,7
52.69248,11,8
4.301859,11,9
1.849651,11,10
14.67044,11,12
0.845867,12,1
85.920667,12,2
77.961549,12,3
75.724808,12,4
22.795779,12,5
75.162032,12,6
15.797267,12,7
136.868875,12,8
152.717739,12,9
0.718235,12,10
28.399341,12,11
succeed
0.0,0.0,0.322491,0.053333,0.031264,0.44156,0.869211,0.738928,0.053333,0.0,0.424523,0.701379
0.130045,0.0,15.262792,17.455787,31.838344,23.227376,0.510176,13.130728,3.819395,0.140504,5.812992,18.601019
0.315451,10.487541,0.0,28.06888,6.492059,27.208893,3.137861,33.435752,9.633331,0.393675,3.7408,19.900837
0.620691,2.323221,66.016211,0.0,20.453147,25.461712,26.424504,12.848272,10.858203,18.299309,17.127213,39.391685
0.143563,7.333448,8.214803,1.165171,0.0,1.349856,1.820077,6.235792,3.698773,0.026667,1.584333,2.623219
0.08824,17.963272,43.146101,7.924307,1.092491,0.0,2.023581,16.853163,23.708755,0.745395,11.577269,15.738048
0.053333,1.217331,13.242568,9.506008,5.164275,9.577224,0.0,9.048259,1.370861,2.516632,2.961147,7.288648
0.110251,28.341333,57.081072,12.204517,22.330955,18.640448,6.969437,0.0,51.225067,23.899931,29.756264,96.146749
2.432091,17.571275,42.832475,25.860043,16.291995,11.182544,6.010389,64.603392,0.0,1.925045,22.921405,60.331299
0.0,0.053333,0.053333,6.292341,0.032171,4.709819,0.026667,43.311992,0.304923,0.0,33.475109,0.053333
0.0,4.63968,8.478928,1.102957,2.059032,1.815725,0.454227,52.69248,4.301859,1.849651,0.0,14.67044
0.845867,85.920667,77.961549,75.724808,22.795779,75.162032,15.797267,136.868875,152.717739,0.718235,28.399341,0.0
