3783.885399
0.279624,1,2
0.713424,1,3
0.121317,1,4
0.289749,1,5
0.704896,1,6
0.439437,1,7
0.359912,1,8
1.299797,1,9
0.545181,1,11
1.983816,1,12
1.327333,2,1
22.437989,2,3
5.797669,2,4
7.915245,2,5
25.590261,2,6
10.617293,2,7
19.693096,2,8
14.729669,2,9
0.500517,2,10
7.01632,2,11
47.690864,2,12
4.255941,3,1
19.987976,3,2
39.742205,3,4
18.404272,3,5
84.949747,3,6
15.559301,3,7
65.289944,3,8
25.538083,3,9
5.902221,3,10
12.476232,3,11
32.871776,3,12
0.853485,4,1
9.491643,4,2
57.081507,4,3
15.023387,4,5
41.8218,4,6
16.615595,4,7
16.100005,4,8
24.070304,4,9
9.698931,4,10
17.461608,4,11
42.844891,4,12
3.59704,5,1
4.640149,5,2
27.692592,5,3
4.425475,5,4
7.419408,5,6
3.130635,5,7
14.186531,5,8
9.877251,5,9
2.252045,5,10
3.477685,5,11
8.094581,5,12
1.263133,6,1
25.338504,6,2
129.09904,6,3
22.928312,6,4
7.440363,6,5
18.701296,6,7
60.135035,6,8
75.473288,6,9
2.983627,6,10
16.931856,6,11
74.157152,6,12
0.612451,7,1
3.001181,7,2
29.535787,7,3
12.20932,7,4
5.627416,7,5
16.763747,7,6
8.426803,7,8
10.626976,7,9
0.903229,7,10
2.178413,7,11
12.627947,7,12
2.031059,8,1
36.148867,8,2
117.747187,8,3
21.541515,8,4
35.948541,8,5
96.658683,8,6
26.236307,8,7
112.852557,8,9
12.818976,8,10
40.613555,8,11
128.456955,8,12
1.534693,9,1
36.714669,9,2
66.711259,9,3
37.155621,9,4
27.482547,9,5
79.893413,9,6
29.571893,9,7
113.771219,9,8
7.132067,9,10
39.833955,9,11
279.049387,9,12
0.026667,10,1
0.139331,10,2
3.188525,10,3
10.255787,10,4
0.837949,10,5
0.776915,10,6
3.253005,10,7
47.557101,10,8
2.782755,10,9
62.918312,10,11
0.450597,10,12
0.263957,11,1
10.017925,11,2
20.619531,11,3
8.311933,11,4
6.463304,11,5
12.700645,11,6
3.427632,11,7
40.512171,11,8
9.554336,11,9
4.288395,11,10
17.398221,11,12
1.949387,12,1
118.838744,12,2
77.622475,12,3
53.985096,12,4
27.930117,12,5
75.019341,12,6
31.876421,12,7
140.895187,12,8
205.685877,12,9
11.703485,12,10
50.876819,12,11
succeed
0.0,0.279624,0.713424,0.121317,0.289749,0.704896,0.439437,0.359912,1.299797,0.0,0.545181,1.983816
1.327333,0.0,22.437989,5.797669,7.915245,25.590261,10.617293,19.693096,14.729669,0.500517,7.01632,47.690864
4.255941,19.987976,0.0,39.742205,18.404272,84.949747,15.559301,65.289944,25.538083,5.902221,12.476232,32.871776
0.853485,9.491643,57.081507,0.0,15.023387,41.8218,16.615595,16.100005,24.070304,9.698931,17.461608,42.844891
3.59704,4.640149,27.692592,4.425475,0.0,7.419408,3.130635,14.186531,9.877251,2.252045,3.477685,8.094581
1.263133,25.338504,129.09904,22.928312,7.440363,0.0,18.701296,60.135035,75.473288,2.983627,16.931856,74.157152
0.612451,3.001181,29.535787,12.20932,5.627416,16.763747,0.0,8.426803,10.626976,0.903229,2.178413,12.627947
2.031059,36.148867,117.747187,21.541515,35.948541,96.658683,26.236307,0.0,112.852557,12.818976,40.613555,128.456955
1.534693,36.714669,66.711259,37.155621,27.482547,79.893413,29.571893,113.771219,0.0,7.132067,39.833955,279.049387
0.026667,0.139331,3.188525,10.255787,0.837949,0.776915,3.253005,47.557101,2.782755,0.0,62.918312,0.450597
0.263957,10.017925,20.619531,8.311933,6.463304,12.700645,3.427632,40.512171,9.554336,4.288395,0.0,17.398221
1.949387,118.838744,77.622475,53.985096,27.930117,75.019341,31.876421,140.895187,205.685877,11.703485,50.876819,0.0
