2085.52363
0.026667,1,2
0.441576,1,3
0.084872,1,5
0.053333,1,6
0.186912,1,8
0.212963,1,9
0.145488,1,11
1.070763,1,12
0.026667,2,1
14.835843,2,3
4.156475,2,4
0.934283,2,5
11.076208,2,6
0.816893,2,7
18.183699,2,8
4.146136,2,9
0.024363,2,10
11.117053,2,11
44.304824,2,12
0.135136,3,1
8.079109,3,2
30.313869,3,4
1.960485,3,5
14.388941,3,6
17.21964,3,7
75.176952,3,8
3.839253,3,9
0.682245,3,10
4.721443,3,11
9.531544,3,12
0.10992,4,1
1.26704,4,2
53.821741,4,3
12.047035,4,5
35.397645,4,6
11.939483,4,7
10.821565,4,8
11.994963,4,9
10.270523,4,10
10.015867,4,11
34.071608,4,12
3.134685,5,1
15.264768,5,2
15.031573,5,3
1.148589,5,4
1.115077,5,6
1.203877,5,7
4.1256,5,8
11.074901,5,9
3.434784,5,11
1.189307,5,12
0.04848,6,1
10.823792,6,2
57.919355,6,3
10.278451,6,4
1.210187,6,5
2.154112,6,7
43.072936,6,8
22.528147,6,9
0.147403,6,10
10.613725,6,11
8.881627,6,12
1.38052,7,2
16.776728,7,3
19.860488,7,4
4.586707,7,5
8.533016,7,6
7.904192,7,8
3.371557,7,9
2.728328,7,10
6.005765,7,11
8.892565,7,12
0.516256,8,1
10.937965,8,2
106.727632,8,3
10.093261,8,4
11.677501,8,5
15.585669,8,6
5.213741,8,7
29.254891,8,9
8.811757,8,10
41.522389,8,11
32.038232,8,12
0.674645,9,1
17.669856,9,2
71.393805,9,3
22.378619,9,4
9.774533,9,5
19.629349,9,6
7.214093,9,7
83.277963,9,8
0.346416,9,10
37.470115,9,11
43.843536,9,12
0.054981,10,2
0.053333,10,3
22.035944,10,4
0.100491,10,5
0.262037,10,6
0.026667,10,7
34.982211,10,8
0.212779,10,9
29.966552,10,11
0.179168,10,12
0.334683,11,1
7.961523,11,2
18.367459,11,3
2.6444,11,4
2.350429,11,5
4.266531,11,6
4.964752,11,7
28.208421,11,8
8.933296,11,9
1.433805,11,10
7.140195,11,12
19.495571,12,1
71.061619,12,2
80.766984,12,3
57.982859,12,4
11.664339,12,5
43.907816,12,6
5.935019,12,7
74.79184,12,8
133.777144,12,9
1.092003,12,10
50.424288,12,11
succeed
0.0,0.026667,0.441576,0.0,0.084872,0.053333,0.0,0.186912,0.212963,0.0,0.145488,1.070763
0.026667,0.0,14.835843,4.156475,0.934283,11.076208,0.816893,18.183699,4.146136,0.024363,11.117053,44.304824
0.135136,8.079109,0.0,30.313869,1.960485,14.388941,17.21964,75.176952,3.839253,0.682245,4.721443,9.531544
0.10992,1.26704,53.821741,0.0,12.047035,35.397645,11.939483,10.821565,11.994963,10.270523,10.015867,34.071608
3.134685,15.264768,15.031573,1.148589,0.0,1.115077,1.203877,4.1256,11.074901,0.0,3.434784,1.189307
0.04848,10.823792,57.919355,10.278451,1.210187,0.0,2.154112,43.072936,22.528147,0.147403,10.613725,8.881627
0.0,1.38052,16.776728,19.860488,4.586707,8.533016,0.0,7.904192,3.371557,2.728328,6.005765,8.892565
0.516256,10.937965,106.727632,10.093261,11.677501,15.585669,5.213741,0.0,29.254891,8.811757,41.522389,32.038232
0.674645,17.669856,71.393805,22.378619,9.774533,19.629349,7.214093,83.277963,0.0,0.346416,37.470115,43.843536
0.0,0.054981,0.053333,22.035944,0.100491,0.262037,0.026667,34.982211,0.212779,0.0,29.966552,0.179168
0.334683,7.961523,18.367459,2.6444,2.350429,4.266531,4.964752,28.208421,8.933296,1.433805,0.0,7.140195
19.495571,71.061619,80.766984,57.982859,11.664339,43.907816,5.935019,74.79184,133.777144,1.092003,50.424288,0.0
