3114.940649
0.341779,1,3
0.149813,1,5
0.026667,1,6
0.379259,1,7
1.81448,1,8
0.053333,1,9
0.070683,1,11
0.711136,1,12
0.110125,2,1
10.623349,2,3
4.958187,2,4
11.782725,2,5
17.364872,2,6
0.468253,2,7
21.020353,2,8
4.426264,2,9
0.306921,2,10
9.397208,2,11
30.824395,2,12
0.703795,3,1
13.836856,3,2
24.846888,3,4
8.177461,3,5
47.023683,3,6
13.839955,3,7
84.577509,3,8
37.577352,3,9
7.600795,3,10
13.326077,3,11
23.39596,3,12
0.151979,4,1
2.796461,4,2
58.167299,4,3
27.010915,4,5
31.541784,4,6
43.633645,4,7
26.431883,4,8
24.103523,4,9
17.442709,4,10
25.002163,4,11
40.522661,4,12
4.296661,5,1
2.062688,5,2
13.144675,5,3
1.339136,5,4
1.69404,5,6
8.328901,5,7
11.115299,5,8
8.263091,5,9
0.026667,5,10
1.905597,5,11
6.221624,5,12
1.456176,6,1
17.003136,6,2
60.950784,6,3
13.729221,6,4
1.912075,6,5
3.905205,6,7
37.584712,6,8
42.476491,6,9
4.586912,6,10
11.844835,6,11
15.580872,6,12
1.725576,7,2
32.171336,7,3
25.922488,7,4
3.051216,7,5
11.629584,7,6
11.428429,7,8
10.376715,7,9
0.636789,7,10
5.241267,7,11
14.2606,7,12
2.786653,8,1
40.282197,8,2
122.251915,8,3
10.962045,8,4
17.730413,8,5
43.863379,8,6
9.377605,8,7
125.131141,8,9
11.386045,8,10
45.114939,8,11
120.683027,8,12
0.026667,9,1
28.921483,9,2
55.509605,9,3
58.626283,9,4
12.077168,9,5
43.199085,9,6
13.791707,9,7
108.168931,9,8
7.944669,9,10
39.985851,9,11
117.353333,9,12
0.026667,10,2
1.292677,10,3
2.331229,10,4
0.073856,10,5
0.436211,10,6
0.175099,10,7
45.23544,10,8
0.589136,10,9
39.584776,10,11
0.382507,10,12
10.309293,11,2
19.001643,11,3
21.008904,11,4
5.031107,11,5
13.239987,11,6
2.62804,11,7
32.292413,11,8
11.557072,11,9
5.25204,11,10
5.493133,11,12
3.934795,12,1
112.980923,12,2
138.060296,12,3
60.315933,12,4
68.704221,12,5
53.011101,12,6
18.213448,12,7
129.780915,12,8
155.975803,12,9
2.189317,12,10
48.244573,12,11
succeed
0.0,0.0,0.341779,0.0,0.149813,0.026667,0.379259,1.81448,0.053333,0.0,0.070683,0.711136
0.110125,0.0,10.623349,4.958187,11.782725,17.364872,0.468253,21.020353,4.426264,0.306921,9.397208,30.824395
0.703795,13.836856,0.0,24.846888,8.177461,47.023683,13.839955,84.577509,37.577352,7.600795,13.326077,23.39596
0.151979,2.796461,58.167299,0.0,27.010915,31.541784,43.633645,26.431883,24.103523,17.442709,25.002163,40.522661
4.296661,2.062688,13.144675,1.339136,0.0,1.69404,8.328901,11.115299,8.263091,0.026667,1.905597,6.221624
1.456176,17.003136,60.950784,13.729221,1.912075,0.0,3.905205,37.584712,42.476491,4.586912,11.844835,15.580872
0.0,1.725576,32.171336,25.922488,3.051216,11.629584,0.0,11.428429,10.376715,0.636789,5.241267,14.2606
2.786653,40.282197,122.251915,10.962045,17.730413,43.863379,9.377605,0.0,125.131141,11.386045,45.114939,120.683027
0.026667,28.921483,55.509605,58.626283,12.077168,43.199085,13.791707,108.168931,0.0,7.944669,39.985851,117.353333
0.0,0.026667,1.292677,2.331229,0.073856,0.436211,0.175099,45.23544,0.589136,0.0,39.584776,0.382507
0.0,10.309293,19.001643,21.008904,5.031107,13.239987,2.62804,32.292413,11.557072,5.25204,0.0,5.493133
3.934795,112.980923,138.060296,60.315933,68.704221,53.011101,18.213448,129.780915,155.975803,2.189317,48.244573,0.0
