3854.646455
0.667915,1,2
0.912187,1,3
0.026667,1,4
0.135763,1,5
0.245509,1,6
0.062613,1,7
0.348308,1,8
1.379448,1,9
0.013748,1,10
0.026667,1,11
0.446392,1,12
0.411904,2,1
17.213568,2,3
26.549163,2,4
22.877763,2,5
21.128672,2,6
8.2866,2,7
55.471851,2,8
18.894581,2,9
1.749924,2,10
9.356925,2,11
50.42824,2,12
0.653651,3,1
31.992037,3,2
18.518296,3,4
11.291219,3,5
54.293219,3,6
23.450981,3,7
71.666216,3,8
49.890933,3,9
2.548899,3,10
8.648621,3,11
60.839307,3,12
0.936221,4,1
35.232536,4,2
72.615328,4,3
26.257421,4,5
33.690192,4,6
29.583933,4,7
47.55752,4,8
52.429128,4,9
17.984824,4,10
24.13844,4,11
40.474496,4,12
3.396013,5,1
22.507728,5,2
23.478928,5,3
5.470237,5,4
6.320269,5,6
1.60524,5,7
9.559512,5,8
5.910829,5,9
0.193563,5,10
4.317901,5,11
5.237173,5,12
2.789187,6,1
52.201395,6,2
92.878963,6,3
10.659819,6,4
8.946965,6,5
6.759275,6,7
50.062952,6,8
45.479,6,9
7.281595,6,10
11.787725,6,11
86.155035,6,12
0.878141,7,1
4.947893,7,2
28.674709,7,3
28.636203,7,4
6.525128,7,5
15.675789,7,6
10.283176,7,8
7.281787,7,9
5.473032,7,10
3.387989,7,11
11.742976,7,12
2.055165,8,1
33.031085,8,2
158.797965,8,3
14.747008,8,4
28.216248,8,5
58.924549,8,6
18.754477,8,7
100.312277,8,9
18.718595,8,10
47.305776,8,11
112.847576,8,12
2.257611,9,1
48.699768,9,2
95.753072,9,3
36.389421,9,4
27.802867,9,5
78.940941,9,6
16.930552,9,7
106.716667,9,8
6.058624,9,10
33.179669,9,11
146.495787,9,12
0.440795,10,2
1.679616,10,3
6.233843,10,4
0.188336,10,5
7.459792,10,6
4.785099,10,7
24.624549,10,8
0.385261,10,9
41.656795,10,11
0.208405,10,12
0.545811,11,1
14.252861,11,2
26.469589,11,3
7.577795,11,4
7.106379,11,5
13.808715,11,6
3.350035,11,7
34.155299,11,8
20.719731,11,9
8.819579,11,10
24.127683,11,12
0.264528,12,1
135.66808,12,2
97.000915,12,3
101.069096,12,4
31.214389,12,5
105.611696,12,6
16.134888,12,7
146.436936,12,8
204.873872,12,9
5.613965,12,10
31.392469,12,11
succeed
0.0,0.667915,0.912187,0.026667,0.135763,0.245509,0.062613,0.348308,1.379448,0.013748,0.026667,0.446392
0.411904,0.0,17.213568,26.549163,22.877763,21.128672,8.2866,55.471851,18.894581,1.749924,9.356925,50.42824
0.653651,31.992037,0.0,18.518296,11.291219,54.293219,23.450981,71.666216,49.890933,2.548899,8.648621,60.839307
0.936221,35.232536,72.615328,0.0,26.257421,33.690192,29.583933,47.55752,52.429128,17.984824,24.13844,40.474496
3.396013,22.507728,23.478928,5.470237,0.0,6.320269,1.60524,9.559512,5.910829,0.193563,4.317901,5.237173
2.789187,52.201395,92.878963,10.659819,8.946965,0.0,6.759275,50.062952,45.479,7.281595,11.787725,86.155035
0.878141,4.947893,28.674709,28.636203,6.525128,15.675789,0.0,10.283176,7.281787,5.473032,3.387989,11.742976
2.055165,33.031085,158.797965,14.747008,28.216248,58.924549,18.754477,0.0,100.312277,18.718595,47.305776,112.847576
2.257611,48.699768,95.753072,36.389421,27.802867,78.940941,16.930552,106.716667,0.0,6.058624,33.179669,146.495787
0.0,0.440795,1.679616,6.233843,0.188336,7.459792,4.785099,24.624549,0.385261,0.0,41.656795,0.208405
0.545811,14.252861,26.469589,7.577795,7.106379,13.808715,3.350035,34.155299,20.719731,8.819579,0.0,24.127683
0.264528,135.66808,97.000915,101.069096,31.214389,105.611696,16.134888,146.436936,204.873872,5.613965,31.392469,0.0
