1551.204136
0.082125,1,2
0.175053,1,3
0.026667,1,4
0.076459,1,5
0.026667,1,7
0.026667,1,8
0.053333,1,9
0.243317,1,12
0.027131,2,1
7.804296,2,3
2.478011,2,4
16.896155,2,5
11.148907,2,6
0.182365,2,7
9.621349,2,8
4.038808,2,9
0.026667,2,10
1.856843,2,11
29.458912,2,12
0.026667,3,1
11.708312,3,2
24.845221,3,4
1.656443,3,5
16.617216,3,6
2.971893,3,7
33.029824,3,8
14.525339,3,9
0.124621,3,10
3.276307,3,11
14.235952,3,12
0.20176,4,1
2.803043,4,2
34.302251,4,3
11.906427,4,5
29.071971,4,6
16.452264,4,7
5.597899,4,8
15.808307,4,9
9.7168,4,10
17.199763,4,11
35.799541,4,12
2.448541,5,1
1.924669,5,2
8.343733,5,3
0.802163,5,4
7.15676,5,6
0.70664,5,7
2.759024,5,8
1.965152,5,9
0.026667,5,10
1.261149,5,11
3.282544,5,12
0.026667,6,1
11.886779,6,2
47.577019,6,3
10.525315,6,4
2.210155,6,5
2.075483,6,7
4.381019,6,8
29.575971,6,9
0.146032,6,10
17.868651,6,11
31.701792,6,12
2.145677,7,2
20.471501,7,3
9.560573,7,4
3.909432,7,5
8.506069,7,6
3.347013,7,8
1.518147,7,9
1.391029,7,10
2.673285,7,11
5.425091,7,12
0.441824,8,1
14.476808,8,2
73.426288,8,3
5.178635,8,4
13.618853,8,5
12.244277,8,6
2.612712,8,7
15.74048,8,9
8.852808,8,10
18.988701,8,11
27.34612,8,12
0.676283,9,1
13.432179,9,2
14.090928,9,3
23.966672,9,4
4.118453,9,5
25.127344,9,6
5.596667,9,7
59.683133,9,8
0.422565,9,10
21.023003,9,11
28.385968,9,12
0.026667,10,2
0.281973,10,3
5.479499,10,4
0.026667,10,5
0.219395,10,6
28.675531,10,8
0.170835,10,9
30.732792,10,11
0.159261,10,12
0.026667,11,1
4.895811,11,2
19.557195,11,3
1.171811,11,4
1.373048,11,5
8.706533,11,6
1.298805,11,7
38.872824,11,8
10.719144,11,9
3.668805,11,10
8.24208,11,12
0.026667,12,1
64.049533,12,2
45.244376,12,3
39.693656,12,4
8.972971,12,5
41.098259,12,6
9.455525,12,7
40.688093,12,8
91.488784,12,9
5.333453,12,10
17.66948,12,11
succeed
0.0,0.082125,0.175053,0.026667,0.076459,0.0,0.026667,0.026667,0.053333,0.0,0.0,0.243317
0.027131,0.0,7.804296,2.478011,16.896155,11.148907,0.182365,9.621349,4.038808,0.026667,1.856843,29.458912
0.026667,11.708312,0.0,24.845221,1.656443,16.617216,2.971893,33.029824,14.525339,0.124621,3.276307,14.235952
0.20176,2.803043,34.302251,0.0,11.906427,29.071971,16.452264,5.597899,15.808307,9.7168,17.199763,35.799541
2.448541,1.924669,8.343733,0.802163,0.0,7.15676,0.70664,2.759024,1.965152,0.026667,1.261149,3.282544
0.026667,11.886779,47.577019,10.525315,2.210155,0.0,2.075483,4.381019,29.575971,0.146032,17.868651,31.701792
0.0,2.145677,20.471501,9.560573,3.909432,8.506069,0.0,3.347013,1.518147,1.391029,2.673285,5.425091
0.441824,14.476808,73.426288,5.178635,13.618853,12.244277,2.612712,0.0,15.74048,8.852808,18.988701,27.34612
0.676283,13.432179,14.090928,23.966672,4.118453,25.127344,5.596667,59.683133,0.0,0.422565,21.023003,28.385968
0.0,0.026667,0.281973,5.479499,0.026667,0.219395,0.0,28.675531,0.170835,0.0,30.732792,0.159261
0.026667,4.895811,19.557195,1.171811,1.373048,8.706533,1.298805,38.872824,10.719144,3.668805,0.0,8.24208
0.026667,64.049533,45.244376,39.693656,8.972971,41.098259,9.455525,40.688093,91.488784,5.333453,17.66948,0.0
