3547.639848
1.843773,1,2
1.564712,1,3
2.134461,1,5
1.253056,1,6
0.113563,1,7
1.169565,1,9
0.526016,1,12
34.118435,2,3
0.343069,2,4
39.340629,2,5
29.579165,2,6
19.208117,2,7
0.026667,2,8
16.499944,2,9
0.210493,2,10
0.328485,2,11
72.143616,2,12
31.685243,3,2
17.209528,3,4
84.198197,3,5
55.191981,3,6
25.969925,3,7
0.119187,3,8
36.415677,3,9
0.053333,3,10
1.219411,3,11
45.5906,3,12
23.995931,4,2
67.89836,4,3
47.82936,4,5
35.492472,4,6
24.543259,4,7
17.830624,4,9
12.946565,4,10
4.142101,4,11
52.561267,4,12
50.66848,5,2
1.897397,5,3
0.275795,5,7
0.026667,5,8
7.970496,5,9
0.053333,5,10
0.106667,5,11
101.415752,5,12
14.04912,6,2
136.037485,6,3
17.904003,6,4
48.95784,6,5
22.371235,6,7
0.270088,6,8
63.955128,6,9
0.674651,6,10
2.43432,6,11
60.48992,6,12
7.886813,7,2
31.295981,7,3
10.45816,7,4
14.125099,7,5
28.106099,7,6
13.320168,7,9
0.24572,7,10
0.438899,7,11
12.14636,7,12
40.739107,8,2
8.836979,8,3
32.007371,8,4
182.442907,8,5
0.884011,8,6
0.534152,8,7
68.590461,8,9
11.5326,8,10
17.960029,8,11
92.973384,8,12
38.058931,9,2
73.001835,9,3
38.842173,9,4
95.326875,9,5
90.924371,9,6
20.222139,9,7
0.829088,9,8
0.122688,9,10
4.045771,9,11
119.841325,9,12
0.321779,10,2
0.187093,10,3
10.534296,10,4
12.163339,10,5
6.589344,10,7
40.537171,10,8
11.211987,10,9
46.717581,10,11
4.85608,10,12
11.841693,11,2
4.614563,11,3
10.317179,11,4
59.039915,11,5
0.073568,11,6
9.647643,11,7
22.830536,11,8
21.347997,11,9
11.905632,11,10
25.344264,11,12
144.508029,12,2
96.369435,12,3
0.354235,12,4
261.157069,12,5
82.345136,12,6
33.953088,12,7
0.212549,12,8
223.381408,12,9
0.541131,12,10
4.141448,12,11
succeed
0.0,1.843773,1.564712,0.0,2.134461,1.253056,0.113563,0.0,1.169565,0.0,0.0,0.526016
0.0,0.0,34.118435,0.343069,39.340629,29.579165,19.208117,0.026667,16.499944,0.210493,0.328485,72.143616
0.0,31.685243,0.0,17.209528,84.198197,55.191981,25.969925,0.119187,36.415677,0.053333,1.219411,45.5906
0.0,23.995931,67.89836,0.0,47.82936,35.492472,24.543259,0.0,17.830624,12.946565,4.142101,52.561267
0.0,50.66848,1.897397,0.0,0.0,0.0,0.275795,0.026667,7.970496,0.053333,0.106667,101.415752
0.0,14.04912,136.037485,17.904003,48.95784,0.0,22.371235,0.270088,63.955128,0.674651,2.43432,60.48992
0.0,7.886813,31.295981,10.45816,14.125099,28.106099,0.0,0.0,13.320168,0.24572,0.438899,12.14636
0.0,40.739107,8.836979,32.007371,182.442907,0.884011,0.534152,0.0,68.590461,11.5326,17.960029,92.973384
0.0,38.058931,73.001835,38.842173,95.326875,90.924371,20.222139,0.829088,0.0,0.122688,4.045771,119.841325
0.0,0.321779,0.187093,10.534296,12.163339,0.0,6.589344,40.537171,11.211987,0.0,46.717581,4.85608
0.0,11.841693,4.614563,10.317179,59.039915,0.073568,9.647643,22.830536,21.347997,11.905632,0.0,25.344264
0.0,144.508029,96.369435,0.354235,261.157069,82.345136,33.953088,0.212549,223.381408,0.541131,4.141448,0.0
