2683.437965
0.634907,1,2
1.208616,1,3
0.615091,1,4
0.456984,1,5
3.322728,1,6
0.289384,1,7
1.493328,1,8
0.696339,1,9
0.459424,1,10
0.204635,1,11
4.774088,1,12
0.663264,2,1
27.006432,2,3
7.272205,2,4
5.793597,2,5
27.555749,2,6
12.625827,2,7
20.678376,2,8
21.17028,2,9
2.384288,2,10
8.205856,2,11
52.579987,2,12
1.190533,3,1
16.090645,3,2
15.756939,3,4
8.604957,3,5
28.738075,3,6
10.616067,3,7
29.177827,3,8
6.117211,3,9
1.877187,3,10
7.468781,3,11
11.401867,3,12
0.443459,4,1
5.031907,4,2
29.582555,4,3
10.182411,4,5
9.200936,4,6
9.119805,4,7
21.41,4,8
16.743192,4,9
12.522715,4,10
13.870787,4,11
15.795552,4,12
1.402805,5,1
4.649768,5,2
22.156813,5,3
6.164336,5,4
10.122808,5,6
3.465413,5,7
111.127451,5,8
5.997581,5,9
2.370467,5,10
6.678613,5,11
5.962912,5,12
0.827091,6,1
18.225061,6,2
89.443304,6,3
10.013448,6,4
10.323781,6,5
20.22316,6,7
33.331997,6,8
26.923685,6,9
3.766795,6,10
12.683995,6,11
38.798491,6,12
0.465536,7,1
15.555171,7,2
40.259125,7,3
11.905069,7,4
4.485539,7,5
11.258781,7,6
10.410181,7,8
12.560133,7,9
1.398243,7,10
3.704445,7,11
13.658595,7,12
0.215197,8,1
16.984312,8,2
89.335091,8,3
11.964296,8,4
16.945008,8,5
49.043035,8,6
10.600928,8,7
55.97152,8,9
2.525459,8,10
24.824365,8,11
73.726984,8,12
3.573851,9,1
37.950011,9,2
77.397867,9,3
22.333352,9,4
49.732587,9,5
66.510117,9,6
21.546168,9,7
70.246837,9,8
10.344936,9,10
25.824272,9,11
83.40668,9,12
0.549056,10,1
0.959787,10,2
6.584667,10,3
13.667107,10,4
1.618875,10,5
12.604875,10,6
1.425995,10,7
2.816173,10,8
2.634237,10,9
3.650541,10,11
2.090488,10,12
0.762869,11,1
14.679344,11,2
38.057325,11,3
6.745565,11,4
3.374227,11,5
10.338376,11,6
5.22884,11,7
22.400456,11,8
16.45712,11,9
5.344603,11,10
12.070107,11,12
1.088739,12,1
133.622757,12,2
85.358403,12,3
35.558272,12,4
18.715595,12,5
49.666155,12,6
24.094496,12,7
81.149699,12,8
156.291451,12,9
4.583005,12,10
36.890501,12,11
succeed
0.0,0.634907,1.208616,0.615091,0.456984,3.322728,0.289384,1.493328,0.696339,0.459424,0.204635,4.774088
0.663264,0.0,27.006432,7.272205,5.793597,27.555749,12.625827,20.678376,21.17028,2.384288,8.205856,52.579987
1.190533,16.090645,0.0,15.756939,8.604957,28.738075,10.616067,29.177827,6.117211,1.877187,7.468781,11.401867
0.443459,5.031907,29.582555,0.0,10.182411,9.200936,9.119805,21.41,16.743192,12.522715,13.870787,15.795552
1.402805,4.649768,22.156813,6.164336,0.0,10.122808,3.465413,111.127451,5.997581,2.370467,6.678613,5.962912
0.827091,18.225061,89.443304,10.013448,10.323781,0.0,20.22316,33.331997,26.923685,3.766795,12.683995,38.798491
0.465536,15.555171,40.259125,11.905069,4.485539,11.258781,0.0,10.410181,12.560133,1.398243,3.704445,13.658595
0.215197,16.984312,89.335091,11.964296,16.945008,49.043035,10.600928,0.0,55.97152,2.525459,24.824365,73.726984
3.573851,37.950011,77.397867,22.333352,49.732587,66.510117,21.546168,70.246837,0.0,10.344936,25.824272,83.40668
0.549056,0.959787,6.584667,13.667107,1.618875,12.604875,1.425995,2.816173,2.634237,0.0,3.650541,2.090488
0.762869,14.679344,38.057325,6.745565,3.374227,10.338376,5.22884,22.400456,16.45712,5.344603,0.0,12.070107
1.088739,133.622757,85.358403,35.558272,18.715595,49.666155,24.094496,81.149699,156.291451,4.583005,36.890501,0.0
