3652.279751
2.688907,1,2
0.026667,1,5
1.783301,1,6
5.518717,1,12
0.026667,2,3
0.026667,2,4
0.276965,2,5
71.697256,2,6
0.013333,2,8
0.461515,2,9
0.842675,2,10
0.089333,2,11
216.648432,2,12
43.259003,3,2
0.076576,3,4
1.101765,3,5
117.291307,3,6
18.943107,3,7
0.059589,3,8
50.912224,3,9
0.053835,3,10
0.026667,3,11
224.922715,3,12
7.978123,4,2
62.771203,4,3
47.117437,4,5
52.236952,4,6
14.046408,4,7
0.112107,4,8
18.458653,4,9
19.011795,4,10
0.203968,4,11
39.863248,4,12
57.296368,5,2
1.497859,5,3
0.026667,5,4
0.026667,5,6
0.106667,5,7
0.026667,5,8
0.132211,5,9
140.589853,5,12
53.865736,6,2
207.174693,6,3
23.966891,6,4
1.723723,6,5
25.708155,6,7
83.28264,6,9
0.201237,6,10
1.264157,6,11
192.336627,6,12
9.544744,7,2
35.052269,7,3
13.728603,7,4
26.965539,7,5
28.664835,7,6
11.727133,7,9
0.030293,7,10
19.337667,7,12
44.549875,8,2
6.812227,8,3
15.841592,8,4
233.607155,8,5
2.207563,8,6
0.81276,8,7
82.523683,8,9
21.912101,8,10
31.060208,8,11
120.428875,8,12
1.821445,9,2
0.324192,9,3
0.144371,9,4
1.124832,9,5
0.026667,9,6
2.603968,9,7
0.211648,9,8
0.212899,9,10
799.94888,9,12
1.545261,10,2
0.108997,10,3
19.272109,10,4
7.581723,10,5
0.152939,10,6
1.281349,10,7
16.458939,10,8
5.913365,10,9
47.685837,10,11
3.027715,10,12
18.419821,11,2
2.606717,11,3
13.730107,11,4
87.800147,11,5
9.3132,11,7
24.029795,11,8
19.39932,11,9
22.401107,11,10
25.389453,11,12
1.997861,12,2
0.357237,12,3
0.026667,12,4
4.051725,12,5
0.026667,12,6
0.137611,12,8
0.350272,12,9
0.156408,12,10
0.057443,12,11
succeed
0.0,2.688907,0.0,0.0,0.026667,1.783301,0.0,0.0,0.0,0.0,0.0,5.518717
0.0,0.0,0.026667,0.026667,0.276965,71.697256,0.0,0.013333,0.461515,0.842675,0.089333,216.648432
0.0,43.259003,0.0,0.076576,1.101765,117.291307,18.943107,0.059589,50.912224,0.053835,0.026667,224.922715
0.0,7.978123,62.771203,0.0,47.117437,52.236952,14.046408,0.112107,18.458653,19.011795,0.203968,39.863248
0.0,57.296368,1.497859,0.026667,0.0,0.026667,0.106667,0.026667,0.132211,0.0,0.0,140.589853
0.0,53.865736,207.174693,23.966891,1.723723,0.0,25.708155,0.0,83.28264,0.201237,1.264157,192.336627
0.0,9.544744,35.052269,13.728603,26.965539,28.664835,0.0,0.0,11.727133,0.030293,0.0,19.337667
0.0,44.549875,6.812227,15.841592,233.607155,2.207563,0.81276,0.0,82.523683,21.912101,31.060208,120.428875
0.0,1.821445,0.324192,0.144371,1.124832,0.026667,2.603968,0.211648,0.0,0.212899,0.0,799.94888
0.0,1.545261,0.108997,19.272109,7.581723,0.152939,1.281349,16.458939,5.913365,0.0,47.685837,3.027715
0.0,18.419821,2.606717,13.730107,87.800147,0.0,9.3132,24.029795,19.39932,22.401107,0.0,25.389453
0.0,1.997861,0.357237,0.026667,4.051725,0.026667,0.0,0.137611,0.350272,0.156408,0.057443,0.0
