2264.235699
0.026667,1,2
0.053333,1,3
0.026667,1,5
0.026667,1,7
0.36992,1,8
0.089005,1,9
0.197475,1,12
0.595315,2,1
4.793624,2,3
3.361795,2,4
23.394171,2,5
17.401213,2,6
1.204979,2,7
6.768195,2,8
3.079805,2,9
0.159424,2,10
4.163981,2,11
28.727755,2,12
0.952669,3,1
14.756877,3,2
17.729291,3,4
6.263005,3,5
31.157536,3,6
4.720005,3,7
54.621349,3,8
65.494552,3,9
5.830176,3,10
4.688411,3,11
32.06568,3,12
0.176821,4,1
9.53004,4,2
40.315624,4,3
24.447819,4,5
26.495904,4,6
22.947584,4,7
30.722005,4,8
32.125309,4,9
13.40808,4,10
11.262237,4,11
43.762877,4,12
13.118077,5,2
6.619877,5,3
1.022779,5,4
2.106325,5,6
3.065085,5,7
3.414941,5,8
2.991096,5,9
0.17024,5,10
4.997387,5,11
5.601579,5,12
16.832291,6,2
39.038821,6,3
3.864987,6,4
2.671235,6,5
1.758755,6,7
36.353715,6,8
38.445784,6,9
0.198643,6,10
3.537216,6,11
14.845381,6,12
2.268805,7,2
8.471419,7,3
27.643643,7,4
2.369725,7,5
7.825448,7,6
7.032088,7,8
5.328083,7,9
0.126117,7,10
1.590219,7,11
7.420525,7,12
0.366584,8,1
27.963667,8,2
57.14676,8,3
9.469136,8,4
7.868237,8,5
33.245787,8,6
6.774795,8,7
98.777376,8,9
14.893029,8,10
40.740901,8,11
93.187643,8,12
1.051131,9,1
17.341933,9,2
44.327563,9,3
24.963448,9,4
18.147227,9,5
28.706072,9,6
9.577184,9,7
79.273091,9,8
4.070037,9,10
26.592933,9,11
42.881813,9,12
0.130043,10,2
0.08,10,3
5.890755,10,4
0.053333,10,5
4.726824,10,6
0.026667,10,7
47.27136,10,8
0.713864,10,9
53.656352,10,11
0.102117,10,12
0.31676,11,1
10.928752,11,2
8.147429,11,3
3.085944,11,4
2.165627,11,5
6.995723,11,6
1.498648,11,7
21.743877,11,8
10.242691,11,9
4.025952,11,10
4.344683,11,12
0.174667,12,1
88.747744,12,2
59.792363,12,3
61.648312,12,4
11.153891,12,5
37.351443,12,6
17.419659,12,7
111.242117,12,8
114.623235,12,9
1.103584,12,10
28.820808,12,11
succeed
0.0,0.026667,0.053333,0.0,0.026667,0.0,0.026667,0.36992,0.089005,0.0,0.0,0.197475
0.595315,0.0,4.793624,3.361795,23.394171,17.401213,1.204979,6.768195,3.079805,0.159424,4.163981,28.727755
0.952669,14.756877,0.0,17.729291,6.263005,31.157536,4.720005,54.621349,65.494552,5.830176,4.688411,32.06568
0.176821,9.53004,40.315624,0.0,24.447819,26.495904,22.947584,30.722005,32.125309,13.40808,11.262237,43.762877
0.0,13.118077,6.619877,1.022779,0.0,2.106325,3.065085,3.414941,2.991096,0.17024,4.997387,5.601579
0.0,16.832291,39.038821,3.864987,2.671235,0.0,1.758755,36.353715,38.445784,0.198643,3.537216,14.845381
0.0,2.268805,8.471419,27.643643,2.369725,7.825448,0.0,7.032088,5.328083,0.126117,1.590219,7.420525
0.366584,27.963667,57.14676,9.469136,7.868237,33.245787,6.774795,0.0,98.777376,14.893029,40.740901,93.187643
1.051131,17.341933,44.327563,24.963448,18.147227,28.706072,9.577184,79.273091,0.0,4.070037,26.592933,42.881813
0.0,0.130043,0.08,5.890755,0.053333,4.726824,0.026667,47.27136,0.713864,0.0,53.656352,0.102117
0.31676,10.928752,8.147429,3.085944,2.165627,6.995723,1.498648,21.743877,10.242691,4.025952,0.0,4.344683
0.174667,88.747744,59.792363,61.648312,11.153891,37.351443,17.419659,111.242117,114.623235,1.103584,28.820808,0.0
