3018.337661
0.057944,1,2
2.656213,1,3
0.12,1,5
0.213333,1,6
0.026667,1,7
0.809107,1,8
0.493013,1,9
1.691808,1,12
0.695565,2,1
16.250509,2,3
6.061725,2,4
31.999648,2,5
17.286725,2,6
2.331941,2,7
12.741273,2,8
7.62484,2,9
8.541081,2,10
4.437139,2,11
49.59004,2,12
3.043555,3,1
26.550917,3,2
13.926461,3,4
12.741992,3,5
34.251301,3,6
7.930757,3,7
48.327533,3,8
10.872795,3,9
1.571699,3,10
7.716445,3,11
26.917491,3,12
0.026667,4,1
9.610784,4,2
103.444197,4,3
19.359115,4,5
36.594885,4,6
23.806464,4,7
15.666907,4,8
20.350597,4,9
13.464853,4,10
14.639099,4,11
39.382877,4,12
0.7158,5,1
6.598904,5,2
19.144827,5,3
1.150024,5,4
12.680595,5,6
1.669139,5,7
13.309605,5,8
3.975587,5,9
0.217749,5,10
1.384637,5,11
12.250888,5,12
0.249896,6,1
31.473144,6,2
98.76328,6,3
7.008264,6,4
4.854864,6,5
5.704835,6,7
21.697499,6,8
38.252597,6,9
1.620016,6,10
19.59024,6,11
26.148315,6,12
0.746456,7,1
4.326845,7,2
24.489704,7,3
5.557248,7,4
8.242277,7,5
14.148915,7,6
5.01608,7,8
4.910899,7,9
0.217989,7,10
5.903136,7,11
14.451944,7,12
0.053333,8,1
24.542267,8,2
204.457155,8,3
10.439883,8,4
6.541776,8,5
54.741293,8,6
3.752571,8,7
55.029405,8,9
14.377472,8,10
38.178045,8,11
101.856112,8,12
4.127067,9,1
55.380704,9,2
70.97208,9,3
27.828605,9,4
13.179675,9,5
35.900805,9,6
14.701448,9,7
84.119309,9,8
2.075299,9,10
27.971181,9,11
170.342133,9,12
0.051819,10,1
6.494696,10,2
0.818304,10,3
3.40776,10,4
0.917312,10,5
1.242645,10,6
0.053333,10,7
32.361683,10,8
0.30108,10,9
26.369965,10,11
0.368328,10,12
0.083971,11,1
19.2544,11,2
49.417629,11,3
2.597315,11,4
4.186059,11,5
15.498531,11,6
2.673128,11,7
19.569421,11,8
13.220021,11,9
4.431936,11,10
17.645165,11,12
0.617531,12,1
97.87216,12,2
108.426795,12,3
79.823005,12,4
45.072731,12,5
39.290853,12,6
21.575531,12,7
131.785827,12,8
150.031088,12,9
7.790984,12,10
24.220877,12,11
succeed
0.0,0.057944,2.656213,0.0,0.12,0.213333,0.026667,0.809107,0.493013,0.0,0.0,1.691808
0.695565,0.0,16.250509,6.061725,31.999648,17.286725,2.331941,12.741273,7.62484,8.541081,4.437139,49.59004
3.043555,26.550917,0.0,13.926461,12.741992,34.251301,7.930757,48.327533,10.872795,1.571699,7.716445,26.917491
0.026667,9.610784,103.444197,0.0,19.359115,36.594885,23.806464,15.666907,20.350597,13.464853,14.639099,39.382877
0.7158,6.598904,19.144827,1.150024,0.0,12.680595,1.669139,13.309605,3.975587,0.217749,1.384637,12.250888
0.249896,31.473144,98.76328,7.008264,4.854864,0.0,5.704835,21.697499,38.252597,1.620016,19.59024,26.148315
0.746456,4.326845,24.489704,5.557248,8.242277,14.148915,0.0,5.01608,4.910899,0.217989,5.903136,14.451944
0.053333,24.542267,204.457155,10.439883,6.541776,54.741293,3.752571,0.0,55.029405,14.377472,38.178045,101.856112
4.127067,55.380704,70.97208,27.828605,13.179675,35.900805,14.701448,84.119309,0.0,2.075299,27.971181,170.342133
0.051819,6.494696,0.818304,3.40776,0.917312,1.242645,0.053333,32.361683,0.30108,0.0,26.369965,0.368328
0.083971,19.2544,49.417629,2.597315,4.186059,15.498531,2.673128,19.569421,13.220021,4.431936,0.0,17.645165
0.617531,97.87216,108.426795,79.823005,45.072731,39.290853,21.575531,131.785827,150.031088,7.790984,24.220877,0.0
