2679.528062
0.026667,1,2
1.033045,1,3
0.053333,1,4
2.607907,1,5
0.672477,1,6
0.167963,1,7
0.822077,1,8
0.867096,1,9
0.463741,1,12
0.420075,2,1
23.999891,2,3
9.514736,2,4
2.719251,2,5
11.749173,2,6
2.453379,2,7
6.001023,2,8
12.521581,2,9
0.412588,2,10
2.792304,2,11
43.3552,2,12
0.816008,3,1
8.440344,3,2
12.37836,3,4
6.424579,3,5
21.122669,3,6
7.418867,3,7
21.668859,3,8
24.236467,3,9
2.73144,3,10
4.413757,3,11
16.938624,3,12
0.158157,4,1
6.259965,4,2
60.324464,4,3
19.208259,4,5
28.054053,4,6
19.632901,4,7
4.200627,4,8
25.137229,4,9
21.4962,4,10
9.739565,4,11
53.336597,4,12
2.28848,5,1
0.975141,5,2
22.906848,5,3
2.247675,5,4
14.422128,5,6
2.8482,5,7
97.41744,5,8
7.300888,5,9
0.525352,5,10
1.284093,5,11
5.305896,5,12
0.234955,6,1
22.9512,6,2
100.420757,6,3
23.015277,6,4
9.234496,6,5
9.098053,6,7
76.959968,6,8
33.323475,6,9
4.564275,6,10
13.330725,6,11
24.729776,6,12
0.151344,7,1
4.498301,7,2
30.080189,7,3
10.360821,7,4
5.280504,7,5
14.828645,7,6
9.034184,7,8
11.093581,7,9
0.705152,7,10
1.737104,7,11
7.962915,7,12
1.21496,8,1
11.787264,8,2
81.582579,8,3
11.593397,8,4
7.935091,8,5
22.489651,8,6
7.031512,8,7
58.972923,8,9
7.674216,8,10
19.649312,8,11
53.0528,8,12
1.587957,9,1
29.325328,9,2
63.927115,9,3
35.458093,9,4
29.115379,9,5
74.853565,9,6
23.474704,9,7
56.163984,9,8
8.593709,9,10
21.281923,9,11
74.036131,9,12
0.347032,10,2
2.920328,10,3
3.659325,10,4
0.17884,10,5
1.896912,10,6
1.757989,10,7
44.135499,10,8
2.917483,10,9
53.092584,10,11
1.263237,10,12
0.053333,11,1
8.192557,11,2
79.02376,11,3
8.729328,11,4
5.228288,11,5
20.520499,11,6
6.240912,11,7
21.856408,11,8
28.162477,11,9
7.219093,11,10
11.249128,11,12
0.625589,12,1
126.771,12,2
68.120803,12,3
44.106869,12,4
28.028424,12,5
59.864035,12,6
20.464395,12,7
76.656328,12,8
151.764491,12,9
1.452144,12,10
24.318043,12,11
succeed
0.0,0.026667,1.033045,0.053333,2.607907,0.672477,0.167963,0.822077,0.867096,0.0,0.0,0.463741
0.420075,0.0,23.999891,9.514736,2.719251,11.749173,2.453379,6.001023,12.521581,0.412588,2.792304,43.3552
0.816008,8.440344,0.0,12.37836,6.424579,21.122669,7.418867,21.668859,24.236467,2.73144,4.413757,16.938624
0.158157,6.259965,60.324464,0.0,19.208259,28.054053,19.632901,4.200627,25.137229,21.4962,9.739565,53.336597
2.28848,0.975141,22.906848,2.247675,0.0,14.422128,2.8482,97.41744,7.300888,0.525352,1.284093,5.305896
0.234955,22.9512,100.420757,23.015277,9.234496,0.0,9.098053,76.959968,33.323475,4.564275,13.330725,24.729776
0.151344,4.498301,30.080189,10.360821,5.280504,14.828645,0.0,9.034184,11.093581,0.705152,1.737104,7.962915
1.21496,11.787264,81.582579,11.593397,7.935091,22.489651,7.031512,0.0,58.972923,7.674216,19.649312,53.0528
1.587957,29.325328,63.927115,35.458093,29.115379,74.853565,23.474704,56.163984,0.0,8.593709,21.281923,74.036131
0.0,0.347032,2.920328,3.659325,0.17884,1.896912,1.757989,44.135499,2.917483,0.0,53.092584,1.263237
0.053333,8.192557,79.02376,8.729328,5.228288,20.520499,6.240912,21.856408,28.162477,7.219093,0.0,11.249128
0.625589,126.771,68.120803,44.106869,28.028424,59.864035,20.464395,76.656328,151.764491,1.452144,24.318043,0.0
