4196.473341
1.95624,1,2
2.181219,1,3
0.164469,1,4
0.617173,1,5
1.903019,1,6
0.728043,1,7
0.553864,1,8
1.105101,1,9
1.023837,1,11
1.426648,1,12
1.020027,2,1
25.031584,2,3
8.982029,2,4
28.359683,2,5
32.218733,2,6
6.424819,2,7
16.891032,2,8
19.57544,2,9
1.727435,2,10
19.285184,2,11
63.240075,2,12
1.961392,3,1
86.282029,3,2
19.067555,3,4
30.403989,3,5
128.74852,3,6
23.869789,3,7
46.176613,3,8
23.996024,3,9
7.303608,3,10
36.849325,3,11
43.814923,3,12
1.267459,4,1
11.105272,4,2
46.996955,4,3
31.466072,4,5
18.817067,4,6
29.319173,4,7
14.961811,4,8
11.160461,4,9
13.488592,4,10
52.937288,4,11
26.173376,4,12
0.839323,5,1
8.080515,5,2
25.393885,5,3
4.255901,5,4
6.578605,5,6
13.705131,5,7
13.910853,5,8
8.314405,5,9
0.346395,5,10
12.390464,5,11
16.757112,5,12
2.194331,6,1
23.581965,6,2
96.012333,6,3
9.978677,6,4
10.576232,6,5
27.538891,6,7
24.711272,6,8
29.227453,6,9
4.614453,6,10
35.247216,6,11
43.00296,6,12
0.752643,7,1
6.955045,7,2
40.432101,7,3
11.173109,7,4
19.94756,7,5
30.778613,7,6
5.049472,7,8
12.411,7,9
2.508901,7,10
19.189187,7,11
21.583533,7,12
0.331048,8,1
29.966339,8,2
96.479808,8,3
36.675627,8,4
13.444784,8,5
54.566712,8,6
12.526517,8,7
48.80148,8,9
24.4188,8,10
57.329768,8,11
69.186587,8,12
1.812816,9,1
51.597563,9,2
60.39592,9,3
28.472307,9,4
20.597296,9,5
47.927376,9,6
28.304829,9,7
68.241253,9,8
8.464056,9,10
20.526747,9,11
158.117475,9,12
0.387795,10,2
0.204024,10,3
13.364739,10,4
0.194776,10,5
0.834603,10,6
0.106667,10,7
12.372371,10,8
0.312955,10,9
19.038752,10,11
2.894325,10,12
3.767456,11,1
80.584555,11,2
150.917576,11,3
61.361283,11,4
46.352147,11,5
124.0604,11,6
90.813,11,7
17.263363,11,8
50.226037,11,9
14.91948,11,10
154.962395,11,12
1.657568,12,1
108.733883,12,2
93.144952,12,3
75.807573,12,4
36.253131,12,5
101.949787,12,6
27.896227,12,7
91.192136,12,8
271.66368,12,9
10.461205,12,10
65.966909,12,11
succeed
0.0,1.95624,2.181219,0.164469,0.617173,1.903019,0.728043,0.553864,1.105101,0.0,1.023837,1.426648
1.020027,0.0,25.031584,8.982029,28.359683,32.218733,6.424819,16.891032,19.57544,1.727435,19.285184,63.240075
1.961392,86.282029,0.0,19.067555,30.403989,128.74852,23.869789,46.176613,23.996024,7.303608,36.849325,43.814923
1.267459,11.105272,46.996955,0.0,31.466072,18.817067,29.319173,14.961811,11.160461,13.488592,52.937288,26.173376
0.839323,8.080515,25.393885,4.255901,0.0,6.578605,13.705131,13.910853,8.314405,0.346395,12.390464,16.757112
2.194331,23.581965,96.012333,9.978677,10.576232,0.0,27.538891,24.711272,29.227453,4.614453,35.247216,43.00296
0.752643,6.955045,40.432101,11.173109,19.94756,30.778613,0.0,5.049472,12.411,2.508901,19.189187,21.583533
0.331048,29.966339,96.479808,36.675627,13.444784,54.566712,12.526517,0.0,48.80148,24.4188,57.329768,69.186587
1.812816,51.597563,60.39592,28.472307,20.597296,47.927376,28.304829,68.241253,0.0,8.464056,20.526747,158.117475
0.0,0.387795,0.204024,13.364739,0.194776,0.834603,0.106667,12.372371,0.312955,0.0,19.038752,2.894325
3.767456,80.584555,150.917576,61.361283,46.352147,124.0604,90.813,17.263363,50.226037,14.91948,0.0,154.962395
1.657568,108.733883,93.144952,75.807573,36.253131,101.949787,27.896227,91.192136,271.66368,10.461205,65.966909,0.0
