2778.864701
0.188944,1,2
0.862731,1,3
0.026667,1,4
0.087808,1,5
0.879845,1,6
0.249389,1,7
0.538675,1,8
0.319387,1,9
0.031349,1,10
0.0312,1,11
0.890139,1,12
0.331325,2,1
11.499808,2,3
7.796109,2,4
2.845939,2,5
17.517387,2,6
2.004661,2,7
13.929885,2,8
13.518064,2,9
0.747232,2,10
5.097451,2,11
52.042331,2,12
0.211184,3,1
14.024589,3,2
27.311397,3,4
10.972051,3,5
33.759333,3,6
10.001821,3,7
46.579339,3,8
19.680171,3,9
4.693147,3,10
13.008749,3,11
24.692168,3,12
5.370765,4,2
76.969376,4,3
18.723803,4,5
25.393045,4,6
20.254979,4,7
10.572296,4,8
20.092069,4,9
10.870331,4,10
8.029021,4,11
52.524936,4,12
2.994229,5,1
4.758421,5,2
25.830635,5,3
3.690139,5,4
3.701917,5,6
2.278528,5,7
56.744405,5,8
3.145019,5,9
1.097024,5,10
2.902672,5,11
4.67616,5,12
0.420216,6,1
9.329669,6,2
134.741448,6,3
22.506069,6,4
3.459216,6,5
10.671155,6,7
12.7292,6,8
18.881981,6,9
3.940045,6,10
9.524245,6,11
22.3936,6,12
0.081744,7,1
2.021664,7,2
30.606539,7,3
11.351048,7,4
4.89688,7,5
8.351939,7,6
6.268152,7,8
11.13624,7,9
1.272392,7,10
3.118232,7,11
9.358477,7,12
0.086595,8,1
12.993635,8,2
215.730208,8,3
9.550192,8,4
16.222219,8,5
23.936523,8,6
8.817613,8,7
79.270987,8,9
10.619907,8,10
25.116443,8,11
49.190099,8,12
0.106667,9,1
26.144379,9,2
64.38668,9,3
31.982696,9,4
10.606669,9,5
45.205549,9,6
21.095912,9,7
58.730408,9,8
9.999477,9,10
28.202096,9,11
59.341797,9,12
0.868456,10,2
4.878269,10,3
9.297491,10,4
0.603677,10,5
2.77268,10,6
0.516808,10,7
32.77676,10,8
2.374752,10,9
64.222923,10,11
0.597192,10,12
0.026667,11,1
6.850291,11,2
70.879584,11,3
2.213744,11,4
6.099261,11,5
5.783389,11,6
4.196891,11,7
26.636067,11,8
9.445021,11,9
5.434157,11,10
6.387779,11,12
0.262064,12,1
128.883115,12,2
119.422592,12,3
51.238421,12,4
17.292493,12,5
63.063413,12,6
14.637493,12,7
78.702824,12,8
139.498664,12,9
13.426565,12,10
48.188251,12,11
succeed
0.0,0.188944,0.862731,0.026667,0.087808,0.879845,0.249389,0.538675,0.319387,0.031349,0.0312,0.890139
0.331325,0.0,11.499808,7.796109,2.845939,17.517387,2.004661,13.929885,13.518064,0.747232,5.097451,52.042331
0.211184,14.024589,0.0,27.311397,10.972051,33.759333,10.001821,46.579339,19.680171,4.693147,13.008749,24.692168
0.0,5.370765,76.969376,0.0,18.723803,25.393045,20.254979,10.572296,20.092069,10.870331,8.029021,52.524936
2.994229,4.758421,25.830635,3.690139,0.0,3.701917,2.278528,56.744405,3.145019,1.097024,2.902672,4.67616
0.420216,9.329669,134.741448,22.506069,3.459216,0.0,10.671155,12.7292,18.881981,3.940045,9.524245,22.3936
0.081744,2.021664,30.606539,11.351048,4.89688,8.351939,0.0,6.268152,11.13624,1.272392,3.118232,9.358477
0.086595,12.993635,215.730208,9.550192,16.222219,23.936523,8.817613,0.0,79.270987,10.619907,25.116443,49.190099
0.106667,26.144379,64.38668,31.982696,10.606669,45.205549,21.095912,58.730408,0.0,9.999477,28.202096,59.341797
0.0,0.868456,4.878269,9.297491,0.603677,2.77268,0.516808,32.77676,2.374752,0.0,64.222923,0.597192
0.026667,6.850291,70.879584,2.213744,6.099261,5.783389,4.196891,26.636067,9.445021,5.434157,0.0,6.387779
0.262064,128.883115,119.422592,51.238421,17.292493,63.063413,14.637493,78.702824,139.498664,13.426565,48.188251,0.0
