2782.060154
0.026667,1,2
0.201112,1,3
0.075027,1,5
0.08,1,6
0.026667,1,7
0.225232,1,8
0.121971,1,9
0.536032,1,12
0.086128,2,1
15.487904,2,3
5.404635,2,4
59.328461,2,5
16.732845,2,6
1.113979,2,7
45.827691,2,8
5.247272,2,9
0.037949,2,10
4.483709,2,11
35.804512,2,12
0.213104,3,1
15.993923,3,2
13.291485,3,4
8.521408,3,5
33.544613,3,6
12.463259,3,7
58.783203,3,8
15.806483,3,9
1.350376,3,10
22.900333,3,11
31.016677,3,12
0.365416,4,1
16.898763,4,2
50.099648,4,3
25.980317,4,5
38.41756,4,6
23.808912,4,7
30.193368,4,8
15.517203,4,9
12.846032,4,10
10.818208,4,11
45.535757,4,12
2.759237,5,1
3.344363,5,2
24.336416,5,3
2.736184,5,4
3.672403,5,6
3.724288,5,7
8.959795,5,8
5.028525,5,9
1.449675,5,11
6.668261,5,12
0.923568,6,1
18.041832,6,2
56.496995,6,3
13.749523,6,4
4.425456,6,5
5.788672,6,7
18.963475,6,8
33.667939,6,9
1.106795,6,10
10.953736,6,11
16.723141,6,12
0.304837,7,1
0.903,7,2
18.009109,7,3
10.063765,7,4
4.518616,7,5
10.263773,7,6
8.412867,7,8
2.647619,7,9
0.924405,7,10
0.640965,7,11
13.014507,7,12
0.840384,8,1
13.949293,8,2
84.528128,8,3
37.390269,8,4
10.459904,8,5
33.167763,8,6
9.932917,8,7
76.098021,8,9
14.093429,8,10
26.995139,8,11
108.850013,8,12
1.974941,9,1
15.899069,9,2
66.78064,9,3
32.242605,9,4
29.018733,9,5
34.561088,9,6
10.622419,9,7
88.901749,9,8
6.877357,9,10
19.5244,9,11
153.587355,9,12
7.819787,10,2
1.615981,10,3
5.020709,10,4
0.303395,10,5
1.234392,10,6
0.026667,10,7
44.839507,10,8
74.570664,10,9
42.386373,10,11
0.190301,10,12
0.053333,11,1
8.962928,11,2
15.784165,11,3
1.645541,11,4
4.319787,11,5
4.640453,11,6
1.699923,11,7
20.782573,11,8
6.605701,11,9
4.629827,11,10
7.140592,11,12
0.752667,12,1
102.536123,12,2
78.12036,12,3
58.370933,12,4
22.089355,12,5
46.966592,12,6
14.735915,12,7
121.875499,12,8
183.455789,12,9
1.47676,12,10
32.674363,12,11
succeed
0.0,0.026667,0.201112,0.0,0.075027,0.08,0.026667,0.225232,0.121971,0.0,0.0,0.536032
0.086128,0.0,15.487904,5.404635,59.328461,16.732845,1.113979,45.827691,5.247272,0.037949,4.483709,35.804512
0.213104,15.993923,0.0,13.291485,8.521408,33.544613,12.463259,58.783203,15.806483,1.350376,22.900333,31.016677
0.365416,16.898763,50.099648,0.0,25.980317,38.41756,23.808912,30.193368,15.517203,12.846032,10.818208,45.535757
2.759237,3.344363,24.336416,2.736184,0.0,3.672403,3.724288,8.959795,5.028525,0.0,1.449675,6.668261
0.923568,18.041832,56.496995,13.749523,4.425456,0.0,5.788672,18.963475,33.667939,1.106795,10.953736,16.723141
0.304837,0.903,18.009109,10.063765,4.518616,10.263773,0.0,8.412867,2.647619,0.924405,0.640965,13.014507
0.840384,13.949293,84.528128,37.390269,10.459904,33.167763,9.932917,0.0,76.098021,14.093429,26.995139,108.850013
1.974941,15.899069,66.78064,32.242605,29.018733,34.561088,10.622419,88.901749,0.0,6.877357,19.5244,153.587355
0.0,7.819787,1.615981,5.020709,0.303395,1.234392,0.026667,44.839507,74.570664,0.0,42.386373,0.190301
0.053333,8.962928,15.784165,1.645541,4.319787,4.640453,1.699923,20.782573,6.605701,4.629827,0.0,7.140592
0.752667,102.536123,78.12036,58.370933,22.089355,46.966592,14.735915,121.875499,183.455789,1.47676,32.674363,0.0
