1847.245307
0.026667,1,2
0.026667,1,3
0.026667,1,4
0.818253,1,5
0.053333,1,6
1.1,1,7
0.183589,1,8
0.140731,1,9
0.026667,1,11
1.544381,1,12
0.126824,2,1
2.257725,2,3
2.626011,2,4
0.423381,2,5
11.334776,2,6
0.667749,2,7
17.727155,2,8
8.304368,2,9
0.04,2,10
5.745373,2,11
56.976835,2,12
0.109933,3,1
5.491288,3,2
14.965067,3,4
4.984931,3,5
23.576429,3,6
3.474029,3,7
45.599912,3,8
13.120427,3,9
1.777752,3,10
8.775101,3,11
20.957781,3,12
0.081491,4,1
7.04964,4,2
59.492192,4,3
14.506109,4,5
26.422128,4,6
12.739112,4,7
11.166291,4,8
14.621072,4,9
7.440163,4,10
11.684187,4,11
30.901949,4,12
4.193528,5,1
1.514051,5,2
13.501544,5,3
0.766317,5,4
2.975587,5,6
0.649531,5,7
14.480485,5,8
1.589499,5,9
0.298368,5,11
1.693635,5,12
20.066853,6,2
76.278059,6,3
14.847179,6,4
2.579115,6,5
8.711776,6,7
16.104992,6,8
23.424552,6,9
0.258917,6,10
12.0818,6,11
4.270789,6,12
0.033544,7,1
0.746109,7,2
16.014504,7,3
7.53736,7,4
2.194717,7,5
11.541525,7,6
4.073485,7,8
2.291877,7,9
2.358936,7,10
7.886712,7,11
16.626429,7,12
0.71616,8,1
8.616637,8,2
146.823211,8,3
19.540053,8,4
3.006597,8,5
13.447467,8,6
4.283619,8,7
28.105104,8,9
20.829091,8,10
39.75576,8,11
15.487597,8,12
0.223637,9,1
7.97144,9,2
11.832773,9,3
22.254763,9,4
6.740067,9,5
10.45636,9,6
7.805829,9,7
64.636117,9,8
1.755336,9,10
17.119843,9,11
39.320677,9,12
0.053333,10,2
0.026667,10,3
4.940435,10,4
0.035008,10,5
0.233829,10,6
0.026667,10,7
28.599733,10,8
0.263979,10,9
27.183272,10,11
0.163845,10,12
5.861349,11,2
20.034853,11,3
2.942827,11,4
0.572445,11,5
3.377048,11,6
3.151669,11,7
14.374701,11,8
13.902659,11,9
3.204736,11,10
9.183363,11,12
1.652944,12,1
116.819736,12,2
46.917739,12,3
45.518427,12,4
28.825733,12,5
45.02384,12,6
9.399168,12,7
43.928995,12,8
102.38076,12,9
2.091701,12,10
35.119797,12,11
succeed
0.0,0.026667,0.026667,0.026667,0.818253,0.053333,1.1,0.183589,0.140731,0.0,0.026667,1.544381
0.126824,0.0,2.257725,2.626011,0.423381,11.334776,0.667749,17.727155,8.304368,0.04,5.745373,56.976835
0.109933,5.491288,0.0,14.965067,4.984931,23.576429,3.474029,45.599912,13.120427,1.777752,8.775101,20.957781
0.081491,7.04964,59.492192,0.0,14.506109,26.422128,12.739112,11.166291,14.621072,7.440163,11.684187,30.901949
4.193528,1.514051,13.501544,0.766317,0.0,2.975587,0.649531,14.480485,1.589499,0.0,0.298368,1.693635
0.0,20.066853,76.278059,14.847179,2.579115,0.0,8.711776,16.104992,23.424552,0.258917,12.0818,4.270789
0.033544,0.746109,16.014504,7.53736,2.194717,11.541525,0.0,4.073485,2.291877,2.358936,7.886712,16.626429
0.71616,8.616637,146.823211,19.540053,3.006597,13.447467,4.283619,0.0,28.105104,20.829091,39.75576,15.487597
0.223637,7.97144,11.832773,22.254763,6.740067,10.45636,7.805829,64.636117,0.0,1.755336,17.119843,39.320677
0.0,0.053333,0.026667,4.940435,0.035008,0.233829,0.026667,28.599733,0.263979,0.0,27.183272,0.163845
0.0,5.861349,20.034853,2.942827,0.572445,3.377048,3.151669,14.374701,13.902659,3.204736,0.0,9.183363
1.652944,116.819736,46.917739,45.518427,28.825733,45.02384,9.399168,43.928995,102.38076,2.091701,35.119797,0.0
