1879.9533020000001
0.205824,1,2
0.207627,1,3
0.095971,1,5
0.042096,1,6
0.026955,1,8
0.091813,1,9
1.719424,1,12
0.101341,2,1
6.385747,2,3
2.991211,2,4
41.217805,2,5
15.653832,2,6
0.670277,2,7
5.046775,2,8
4.858704,2,9
3.735993,2,10
2.777595,2,11
24.548421,2,12
0.095443,3,1
8.083984,3,2
7.277325,3,4
8.248976,3,5
10.186208,3,6
7.859405,3,7
3.520304,3,8
11.713784,3,9
20.374229,3,10
10.145533,3,11
19.024915,3,12
0.052,4,1
5.968091,4,2
34.690744,4,3
23.486848,4,5
24.689944,4,6
26.592725,4,7
1.399051,4,8
32.068331,4,9
18.558768,4,10
4.440621,4,11
33.679595,4,12
2.277544,5,1
2.217453,5,2
4.615307,5,3
1.227893,5,4
3.578424,5,6
1.094981,5,7
9.973893,5,8
2.450811,5,9
0.026667,5,10
1.053373,5,11
4.890419,5,12
2.942835,6,1
15.392781,6,2
39.574424,6,3
6.995664,6,4
3.326235,6,5
8.793355,6,7
3.124403,6,8
16.314485,6,9
11.901624,6,10
9.969765,6,11
12.667477,6,12
0.036715,7,1
3.493776,7,2
8.251992,7,3
4.716664,7,4
5.297573,7,5
10.4866,7,6
0.724016,7,8
1.643752,7,9
9.136672,7,10
2.151168,7,11
8.766477,7,12
2.416608,8,1
7.284352,8,2
49.791096,8,3
7.286365,8,4
3.329144,8,5
15.458253,8,6
3.069939,8,7
35.643467,8,9
23.132549,8,10
27.495528,8,11
78.571149,8,12
1.161493,9,1
11.239149,9,2
27.487992,9,3
27.540891,9,4
4.524323,9,5
6.156299,9,6
6.823389,9,7
9.787544,9,8
50.229867,9,10
43.187611,9,11
52.52284,9,12
0.026667,10,2
0.053333,10,3
6.227088,10,4
0.276368,10,6
0.026667,10,7
4.620832,10,8
0.053333,10,9
33.776819,10,11
4.616829,11,2
16.336021,11,3
5.044965,11,4
1.536168,11,5
6.037464,11,6
2.925328,11,7
4.16356,11,8
22.157861,11,9
18.541189,11,10
4.164163,11,12
0.053333,12,1
120.664325,12,2
75.350963,12,3
34.739483,12,4
29.979512,12,5
26.159744,12,6
30.298637,12,7
75.108957,12,8
161.894032,12,9
30.253251,12,10
29.077109,12,11
succeed
0.0,0.205824,0.207627,0.0,0.095971,0.042096,0.0,0.026955,0.091813,0.0,0.0,1.719424
0.101341,0.0,6.385747,2.991211,41.217805,15.653832,0.670277,5.046775,4.858704,3.735993,2.777595,24.548421
0.095443,8.083984,0.0,7.277325,8.248976,10.186208,7.859405,3.520304,11.713784,20.374229,10.145533,19.024915
0.052,5.968091,34.690744,0.0,23.486848,24.689944,26.592725,1.399051,32.068331,18.558768,4.440621,33.679595
2.277544,2.217453,4.615307,1.227893,0.0,3.578424,1.094981,9.973893,2.450811,0.026667,1.053373,4.890419
2.942835,15.392781,39.574424,6.995664,3.326235,0.0,8.793355,3.124403,16.314485,11.901624,9.969765,12.667477
0.036715,3.493776,8.251992,4.716664,5.297573,10.4866,0.0,0.724016,1.643752,9.136672,2.151168,8.766477
2.416608,7.284352,49.791096,7.286365,3.329144,15.458253,3.069939,0.0,35.643467,23.132549,27.495528,78.571149
1.161493,11.239149,27.487992,27.540891,4.524323,6.156299,6.823389,9.787544,0.0,50.229867,43.187611,52.52284
0.0,0.026667,0.053333,6.227088,0.0,0.276368,0.026667,4.620832,0.053333,0.0,33.776819,0.0
0.0,4.616829,16.336021,5.044965,1.536168,6.037464,2.925328,4.16356,22.157861,18.541189,0.0,4.164163
0.053333,120.664325,75.350963,34.739483,29.979512,26.159744,30.298637,75.108957,161.894032,30.253251,29.077109,0.0
