3049.86402
0.094984,1,2
1.73756,1,3
0.026667,1,4
1.551075,1,5
0.054637,1,6
0.250949,1,7
0.026667,1,8
0.691453,1,9
0.247501,1,12
34.388835,2,3
0.11424,2,4
50.137259,2,5
19.469149,2,6
2.335603,2,7
0.08,2,8
9.68092,2,9
0.035224,2,10
0.390019,2,11
39.819192,2,12
18.128805,3,2
27.520139,3,4
117.580627,3,5
93.739592,3,6
13.685123,3,7
0.053333,3,8
37.733285,3,9
0.364805,3,10
3.293205,3,11
31.811443,3,12
5.836344,4,2
46.116232,4,3
49.149256,4,5
63.541011,4,6
30.969757,4,7
15.299523,4,9
8.680979,4,10
0.266667,4,11
41.972219,4,12
23.400496,5,2
0.89432,5,3
0.053333,5,4
0.103109,5,6
0.128147,5,7
0.026667,5,8
4.633016,5,9
0.053333,5,10
0.231792,5,11
99.710488,5,12
12.602232,6,2
136.918288,6,3
14.370728,6,4
53.979755,6,5
24.386133,6,7
0.138547,6,8
61.094699,6,9
1.559347,6,11
29.084749,6,12
2.592309,7,2
24.480608,7,3
8.666093,7,4
16.876672,7,5
12.181296,7,6
8.763248,7,9
0.107739,7,10
0.079032,7,11
12.276779,7,12
17.537664,8,2
6.255632,8,3
24.775915,8,4
155.523957,8,5
0.689363,8,6
0.675352,8,7
66.057677,8,9
16.418085,8,10
32.994576,8,11
93.487696,8,12
23.969123,9,2
67.951971,9,3
32.417411,9,4
121.745117,9,5
46.915141,9,6
21.084096,9,7
0.5224,9,8
4.477232,9,11
111.143949,9,12
0.695112,10,2
0.119605,10,3
4.573693,10,4
9.516891,10,5
1.445272,10,7
36.633629,10,8
6.721837,10,9
55.848435,10,11
0.379832,10,12
9.581688,11,2
3.366445,11,3
2.586176,11,4
37.590005,11,5
1.334939,11,6
4.137813,11,7
28.243035,11,8
11.066923,11,9
3.522723,11,10
8.000792,11,12
108.955451,12,2
85.397829,12,3
15.916733,12,4
223.322939,12,5
36.150437,12,6
21.472443,12,7
0.133912,12,8
159.889968,12,9
0.216157,12,10
12.133715,12,11
succeed
0.0,0.094984,1.73756,0.026667,1.551075,0.054637,0.250949,0.026667,0.691453,0.0,0.0,0.247501
0.0,0.0,34.388835,0.11424,50.137259,19.469149,2.335603,0.08,9.68092,0.035224,0.390019,39.819192
0.0,18.128805,0.0,27.520139,117.580627,93.739592,13.685123,0.053333,37.733285,0.364805,3.293205,31.811443
0.0,5.836344,46.116232,0.0,49.149256,63.541011,30.969757,0.0,15.299523,8.680979,0.266667,41.972219
0.0,23.400496,0.89432,0.053333,0.0,0.103109,0.128147,0.026667,4.633016,0.053333,0.231792,99.710488
0.0,12.602232,136.918288,14.370728,53.979755,0.0,24.386133,0.138547,61.094699,0.0,1.559347,29.084749
0.0,2.592309,24.480608,8.666093,16.876672,12.181296,0.0,0.0,8.763248,0.107739,0.079032,12.276779
0.0,17.537664,6.255632,24.775915,155.523957,0.689363,0.675352,0.0,66.057677,16.418085,32.994576,93.487696
0.0,23.969123,67.951971,32.417411,121.745117,46.915141,21.084096,0.5224,0.0,0.0,4.477232,111.143949
0.0,0.695112,0.119605,4.573693,9.516891,0.0,1.445272,36.633629,6.721837,0.0,55.848435,0.379832
0.0,9.581688,3.366445,2.586176,37.590005,1.334939,4.137813,28.243035,11.066923,3.522723,0.0,8.000792
0.0,108.955451,85.397829,15.916733,223.322939,36.150437,21.472443,0.133912,159.889968,0.216157,12.133715,0.0
