3214.741991
0.186021,1,2
1.008976,1,3
0.026667,1,4
0.728765,1,5
0.174728,1,6
0.085333,1,7
0.495752,1,8
0.092,1,9
2.331605,1,10
0.352248,1,11
0.692037,1,12
0.070587,2,1
19.846749,2,3
10.573923,2,4
27.165408,2,5
15.841501,2,6
2.692363,2,7
9.551819,2,8
10.58832,2,9
4.850459,2,10
3.227875,2,11
62.568437,2,12
0.626149,3,1
18.979408,3,2
27.403608,3,4
25.431997,3,5
38.821595,3,6
18.11552,3,7
42.103952,3,8
25.581501,3,9
21.47032,3,10
6.728205,3,11
25.056373,3,12
0.363653,4,1
6.800493,4,2
69.525757,4,3
18.849248,4,5
27.379765,4,6
41.444408,4,7
7.169037,4,8
11.443128,4,9
32.491557,4,10
13.061072,4,11
38.404259,4,12
1.083891,5,1
4.086184,5,2
34.405827,5,3
4.534736,5,4
8.477067,5,6
2.637155,5,7
7.391469,5,8
6.928355,5,9
1.060957,5,10
1.949419,5,11
5.137936,5,12
0.239901,6,1
26.5012,6,2
107.864619,6,3
16.524096,6,4
3.098715,6,5
19.179376,6,7
42.423195,6,8
28.996963,6,9
9.6388,6,10
21.778235,6,11
44.692912,6,12
0.367349,7,1
2.657709,7,2
39.230427,7,3
6.472544,7,4
13.491256,7,5
13.202664,7,6
4.757768,7,8
5.050037,7,9
2.272557,7,10
1.857368,7,11
17.854933,7,12
5.518171,8,1
22.976683,8,2
173.371163,8,3
21.218899,8,4
26.742928,8,5
29.949525,8,6
13.43016,8,7
80.913997,8,9
16.552187,8,10
31.308813,8,11
100.391856,8,12
0.912205,9,1
54.139251,9,2
101.978424,9,3
27.12204,9,4
11.629389,9,5
45.863755,9,6
15.036317,9,7
51.218205,9,8
47.020576,9,10
36.306189,9,11
110.843379,9,12
0.026667,10,1
0.641597,10,2
2.858747,10,3
10.978619,10,4
0.683931,10,5
1.519381,10,6
0.622069,10,7
6.342051,10,8
0.686053,10,9
38.840453,10,11
3.190507,10,12
0.113408,11,1
10.839589,11,2
38.861864,11,3
5.089565,11,4
6.521411,11,5
10.562256,11,6
3.917384,11,7
19.06952,11,8
40.363547,11,9
19.318435,11,10
14.292771,11,12
1.840293,12,1
111.601499,12,2
142.546595,12,3
85.026933,12,4
27.790851,12,5
32.152693,12,6
37.78612,12,7
93.209264,12,8
165.894427,12,9
14.25768,12,10
46.603501,12,11
succeed
0.0,0.186021,1.008976,0.026667,0.728765,0.174728,0.085333,0.495752,0.092,2.331605,0.352248,0.692037
0.070587,0.0,19.846749,10.573923,27.165408,15.841501,2.692363,9.551819,10.58832,4.850459,3.227875,62.568437
0.626149,18.979408,0.0,27.403608,25.431997,38.821595,18.11552,42.103952,25.581501,21.47032,6.728205,25.056373
0.363653,6.800493,69.525757,0.0,18.849248,27.379765,41.444408,7.169037,11.443128,32.491557,13.061072,38.404259
1.083891,4.086184,34.405827,4.534736,0.0,8.477067,2.637155,7.391469,6.928355,1.060957,1.949419,5.137936
0.239901,26.5012,107.864619,16.524096,3.098715,0.0,19.179376,42.423195,28.996963,9.6388,21.778235,44.692912
0.367349,2.657709,39.230427,6.472544,13.491256,13.202664,0.0,4.757768,5.050037,2.272557,1.857368,17.854933
5.518171,22.976683,173.371163,21.218899,26.742928,29.949525,13.43016,0.0,80.913997,16.552187,31.308813,100.391856
0.912205,54.139251,101.978424,27.12204,11.629389,45.863755,15.036317,51.218205,0.0,47.020576,36.306189,110.843379
0.026667,0.641597,2.858747,10.978619,0.683931,1.519381,0.622069,6.342051,0.686053,0.0,38.840453,3.190507
0.113408,10.839589,38.861864,5.089565,6.521411,10.562256,3.917384,19.06952,40.363547,19.318435,0.0,14.292771
1.840293,111.601499,142.546595,85.026933,27.790851,32.152693,37.78612,93.209264,165.894427,14.25768,46.603501,0.0
