1632.797654
2.846597,1,3
0.026667,1,5
0.026667,1,6
0.047552,1,8
0.054909,1,9
0.013333,1,10
0.056997,1,11
0.053333,1,12
0.15508,2,1
2.902597,2,3
5.191445,2,4
0.741515,2,5
28.643003,2,6
0.522003,2,7
9.8392,2,8
2.04384,2,9
0.269376,2,10
8.001256,2,11
17.940216,2,12
0.434624,3,1
9.432509,3,2
6.041523,3,4
5.971912,3,5
23.036597,3,6
2.681653,3,7
34.00428,3,8
6.748643,3,9
0.363576,3,10
6.601219,3,11
23.263293,3,12
0.152032,4,1
6.542752,4,2
35.641421,4,3
10.428664,4,5
45.361232,4,6
10.391331,4,7
15.853701,4,8
14.243701,4,9
2.284549,4,10
7.571621,4,11
30.86276,4,12
0.098827,5,1
4.682227,5,2
11.527992,5,3
1.517776,5,4
0.589307,5,6
5.186211,5,7
2.523584,5,8
3.180219,5,9
7.683131,5,11
13.930901,5,12
0.026667,6,1
26.827728,6,2
66.755901,6,3
22.707328,6,4
0.547563,6,5
1.837397,6,7
8.827416,6,8
26.257157,6,9
0.337077,6,10
9.100613,6,11
27.584915,6,12
2.624437,7,2
8.468253,7,3
9.219584,7,4
4.176709,7,5
10.249547,7,6
14.47808,7,8
5.628744,7,9
0.079525,7,10
3.251733,7,11
14.923629,7,12
0.026667,8,1
16.739531,8,2
44.299939,8,3
4.510896,8,4
6.113781,8,5
9.044237,8,6
8.227912,8,7
33.587656,8,9
21.095643,8,10
31.109568,8,11
36.281256,8,12
0.168821,9,1
11.820787,9,2
7.602557,9,3
30.753237,9,4
5.440971,9,5
15.551387,9,6
6.831469,9,7
59.162283,9,8
2.606853,9,10
11.500528,9,11
27.678901,9,12
0.543181,10,4
0.030805,10,5
9.765008,10,6
34.299632,10,8
0.309109,10,9
27.229091,10,11
0.08,10,12
6.659171,11,2
12.024051,11,3
5.521659,11,4
2.865432,11,5
3.744432,11,6
2.947371,11,7
13.789627,11,8
12.371912,11,9
1.461261,11,10
3.689776,11,12
0.444069,12,1
53.184317,12,2
49.169128,12,3
43.369085,12,4
15.138285,12,5
37.966653,12,6
17.077472,12,7
51.713605,12,8
96.843837,12,9
0.298467,12,10
47.986981,12,11
succeed
0.0,0.0,2.846597,0.0,0.026667,0.026667,0.0,0.047552,0.054909,0.013333,0.056997,0.053333
0.15508,0.0,2.902597,5.191445,0.741515,28.643003,0.522003,9.8392,2.04384,0.269376,8.001256,17.940216
0.434624,9.432509,0.0,6.041523,5.971912,23.036597,2.681653,34.00428,6.748643,0.363576,6.601219,23.263293
0.152032,6.542752,35.641421,0.0,10.428664,45.361232,10.391331,15.853701,14.243701,2.284549,7.571621,30.86276
0.098827,4.682227,11.527992,1.517776,0.0,0.589307,5.186211,2.523584,3.180219,0.0,7.683131,13.930901
0.026667,26.827728,66.755901,22.707328,0.547563,0.0,1.837397,8.827416,26.257157,0.337077,9.100613,27.584915
0.0,2.624437,8.468253,9.219584,4.176709,10.249547,0.0,14.47808,5.628744,0.079525,3.251733,14.923629
0.026667,16.739531,44.299939,4.510896,6.113781,9.044237,8.227912,0.0,33.587656,21.095643,31.109568,36.281256
0.168821,11.820787,7.602557,30.753237,5.440971,15.551387,6.831469,59.162283,0.0,2.606853,11.500528,27.678901
0.0,0.0,0.0,0.543181,0.030805,9.765008,0.0,34.299632,0.309109,0.0,27.229091,0.08
0.0,6.659171,12.024051,5.521659,2.865432,3.744432,2.947371,13.789627,12.371912,1.461261,0.0,3.689776
0.444069,53.184317,49.169128,43.369085,15.138285,37.966653,17.077472,51.713605,96.843837,0.298467,47.986981,0.0
