2613.093273
0.092896,1,2
0.08,1,3
0.099144,1,4
0.200853,1,6
0.12904,1,7
0.284264,1,8
0.293328,1,9
0.027808,1,11
1.685027,1,12
0.483019,2,1
20.029312,2,3
3.574992,2,4
3.407272,2,5
17.897885,2,6
5.306099,2,7
14.344291,2,8
8.071877,2,9
0.720509,2,10
4.085037,2,11
67.930672,2,12
0.150445,3,1
15.807456,3,2
6.199283,3,4
12.617387,3,5
30.618592,3,6
18.147651,3,7
33.154707,3,8
18.165832,3,9
4.541128,3,10
4.895459,3,11
36.449728,3,12
0.304688,4,1
6.357368,4,2
70.161395,4,3
20.494875,4,5
28.996664,4,6
34.815872,4,7
9.858501,4,8
24.899261,4,9
17.018237,4,10
13.307635,4,11
55.004379,4,12
0.167995,5,1
3.429051,5,2
16.844648,5,3
3.059907,5,4
1.862677,5,6
2.001317,5,7
41.726245,5,8
4.826485,5,9
0.304448,5,10
1.06004,5,11
8.562731,5,12
0.210008,6,1
22.756499,6,2
86.196587,6,3
6.108963,6,4
26.572632,6,5
8.607443,6,7
7.688419,6,8
40.174291,6,9
2.277501,6,10
13.621112,6,11
16.906659,6,12
0.34868,7,1
2.603045,7,2
19.174312,7,3
11.269741,7,4
3.864171,7,5
28.798448,7,6
3.427464,7,8
5.445557,7,9
2.155888,7,10
3.781395,7,11
11.271467,7,12
0.230315,8,1
28.860152,8,2
130.961547,8,3
15.21912,8,4
10.123728,8,5
27.003101,8,6
4.849344,8,7
57.512773,8,9
24.602885,8,10
20.355957,8,11
34.791413,8,12
0.694253,9,1
22.945667,9,2
47.935245,9,3
33.464592,9,4
10.507547,9,5
30.183323,9,6
7.767741,9,7
63.534539,9,8
1.854181,9,10
14.345549,9,11
101.351867,9,12
0.566648,10,2
0.245877,10,3
4.521901,10,4
0.17396,10,5
0.24696,10,6
0.026667,10,7
34.373445,10,8
0.343424,10,9
26.839861,10,11
0.053333,10,12
0.274003,11,1
10.823643,11,2
48.226499,11,3
2.405632,11,4
3.015365,11,5
15.657245,11,6
4.266443,11,7
13.579645,11,8
23.736795,11,9
4.446197,11,10
19.185933,11,12
0.741456,12,1
168.482923,12,2
75.817011,12,3
45.112,12,4
33.553637,12,5
84.646541,12,6
12.944219,12,7
41.397661,12,8
155.127539,12,9
1.955437,12,10
73.39484,12,11
succeed
0.0,0.092896,0.08,0.099144,0.0,0.200853,0.12904,0.284264,0.293328,0.0,0.027808,1.685027
0.483019,0.0,20.029312,3.574992,3.407272,17.897885,5.306099,14.344291,8.071877,0.720509,4.085037,67.930672
0.150445,15.807456,0.0,6.199283,12.617387,30.618592,18.147651,33.154707,18.165832,4.541128,4.895459,36.449728
0.304688,6.357368,70.161395,0.0,20.494875,28.996664,34.815872,9.858501,24.899261,17.018237,13.307635,55.004379
0.167995,3.429051,16.844648,3.059907,0.0,1.862677,2.001317,41.726245,4.826485,0.304448,1.06004,8.562731
0.210008,22.756499,86.196587,6.108963,26.572632,0.0,8.607443,7.688419,40.174291,2.277501,13.621112,16.906659
0.34868,2.603045,19.174312,11.269741,3.864171,28.798448,0.0,3.427464,5.445557,2.155888,3.781395,11.271467
0.230315,28.860152,130.961547,15.21912,10.123728,27.003101,4.849344,0.0,57.512773,24.602885,20.355957,34.791413
0.694253,22.945667,47.935245,33.464592,10.507547,30.183323,7.767741,63.534539,0.0,1.854181,14.345549,101.351867
0.0,0.566648,0.245877,4.521901,0.17396,0.24696,0.026667,34.373445,0.343424,0.0,26.839861,0.053333
0.274003,10.823643,48.226499,2.405632,3.015365,15.657245,4.266443,13.579645,23.736795,4.446197,0.0,19.185933
0.741456,168.482923,75.817011,45.112,33.553637,84.646541,12.944219,41.397661,155.127539,1.955437,73.39484,0.0
