3157.664002
1.357685,1,2
0.603949,1,3
0.053333,1,4
0.209379,1,5
0.818616,1,6
0.253931,1,7
0.229867,1,8
0.248208,1,9
2.020117,1,11
1.844208,1,12
0.760445,2,1
23.190029,2,3
2.865643,2,4
23.494635,2,5
22.858296,2,6
3.146011,2,7
17.207532,2,8
6.696987,2,9
0.697703,2,10
33.479739,2,11
70.485696,2,12
0.326821,3,1
155.038251,3,2
9.089648,3,4
11.25028,3,5
28.192136,3,6
12.430648,3,7
17.607443,3,8
14.376925,3,9
1.584931,3,10
46.257965,3,11
23.527043,3,12
0.265504,4,1
10.956901,4,2
69.172552,4,3
20.774992,4,5
20.497571,4,6
20.868357,4,7
11.242931,4,8
9.996909,4,9
11.820499,4,10
36.902309,4,11
28.068984,4,12
2.593168,5,1
4.52984,5,2
29.505611,5,3
1.554283,5,4
5.173621,5,6
2.214573,5,7
3.630224,5,8
2.182824,5,9
0.087923,5,10
15.989528,5,11
17.270077,5,12
0.180869,6,1
8.770379,6,2
33.411341,6,3
3.134317,6,4
2.177933,6,5
4.009499,6,7
4.48372,6,8
7.820189,6,9
0.27036,6,10
21.827224,6,11
10.80128,6,12
0.666115,7,1
6.270827,7,2
39.865213,7,3
11.076251,7,4
4.369656,7,5
30.423451,7,6
3.747181,7,8
8.452408,7,9
2.433061,7,10
16.998531,7,11
11.027659,7,12
0.162056,8,1
21.702245,8,2
126.239093,8,3
18.384949,8,4
4.028051,8,5
26.253845,8,6
6.803784,8,7
39.238733,8,9
16.540557,8,10
79.376744,8,11
53.732032,8,12
2.702792,9,1
38.264237,9,2
26.828341,9,3
16.357027,9,4
5.734901,9,5
25.300141,9,6
13.359357,9,7
59.716253,9,8
3.085376,9,10
24.902643,9,11
91.294499,9,12
0.21136,10,3
4.910533,10,4
0.147837,10,5
0.642832,10,6
7.001739,10,8
0.145341,10,9
21.791,10,11
3.669096,10,12
4.364093,11,1
67.304219,11,2
93.366995,11,3
26.914579,11,4
29.789619,11,5
89.4374,11,6
49.176912,11,7
24.675651,11,8
23.676376,11,9
4.286168,11,10
89.141691,11,12
1.178925,12,1
114.024051,12,2
84.011867,12,3
68.707592,12,4
29.444637,12,5
90.219307,12,6
23.503581,12,7
79.253877,12,8
264.220531,12,9
2.356016,12,10
70.361776,12,11
succeed
0.0,1.357685,0.603949,0.053333,0.209379,0.818616,0.253931,0.229867,0.248208,0.0,2.020117,1.844208
0.760445,0.0,23.190029,2.865643,23.494635,22.858296,3.146011,17.207532,6.696987,0.697703,33.479739,70.485696
0.326821,155.038251,0.0,9.089648,11.25028,28.192136,12.430648,17.607443,14.376925,1.584931,46.257965,23.527043
0.265504,10.956901,69.172552,0.0,20.774992,20.497571,20.868357,11.242931,9.996909,11.820499,36.902309,28.068984
2.593168,4.52984,29.505611,1.554283,0.0,5.173621,2.214573,3.630224,2.182824,0.087923,15.989528,17.270077
0.180869,8.770379,33.411341,3.134317,2.177933,0.0,4.009499,4.48372,7.820189,0.27036,21.827224,10.80128
0.666115,6.270827,39.865213,11.076251,4.369656,30.423451,0.0,3.747181,8.452408,2.433061,16.998531,11.027659
0.162056,21.702245,126.239093,18.384949,4.028051,26.253845,6.803784,0.0,39.238733,16.540557,79.376744,53.732032
2.702792,38.264237,26.828341,16.357027,5.734901,25.300141,13.359357,59.716253,0.0,3.085376,24.902643,91.294499
0.0,0.0,0.21136,4.910533,0.147837,0.642832,0.0,7.001739,0.145341,0.0,21.791,3.669096
4.364093,67.304219,93.366995,26.914579,29.789619,89.4374,49.176912,24.675651,23.676376,4.286168,0.0,89.141691
1.178925,114.024051,84.011867,68.707592,29.444637,90.219307,23.503581,79.253877,264.220531,2.356016,70.361776,0.0
