3334.718585
0.657363,1,3
0.871899,1,5
0.100624,1,6
0.174144,1,7
0.3434,1,9
0.090072,1,11
4.602123,1,12
43.069283,2,3
0.026667,2,4
51.551344,2,5
32.299669,2,6
7.843144,2,7
0.013333,2,8
16.885923,2,9
0.066667,2,10
0.713539,2,11
87.031349,2,12
28.577275,3,2
34.037048,3,4
138.867997,3,5
49.572256,3,6
14.675315,3,7
0.172949,3,8
42.350549,3,9
0.026667,3,10
4.44396,3,11
39.674109,3,12
6.745992,4,2
65.882021,4,3
39.306187,4,5
26.793272,4,6
13.978181,4,7
2.408576,4,8
25.146323,4,9
9.836384,4,10
0.112443,4,11
53.995067,4,12
20.816925,5,2
1.935576,5,3
8.830029,5,9
0.13712,5,11
89.387003,5,12
14.204779,6,2
157.006835,6,3
10.606195,6,4
95.215339,6,5
25.805035,6,7
56.662749,6,9
0.245077,6,10
2.957296,6,11
30.161872,6,12
7.969397,7,2
36.886499,7,3
9.887523,7,4
20.112888,7,5
12.081176,7,6
0.026667,7,8
10.748608,7,9
0.902251,7,10
0.160891,7,11
14.957581,7,12
16.210429,8,2
16.901835,8,3
23.652371,8,4
172.677344,8,5
0.68968,8,6
0.421323,8,7
71.135805,8,9
12.450595,8,10
24.871536,8,11
85.448565,8,12
32.861837,9,2
100.940696,9,3
45.971211,9,4
169.020589,9,5
52.053475,9,6
23.295603,9,7
0.300472,9,8
0.080547,9,10
3.734704,9,11
110.947896,9,12
1.142192,10,2
0.053333,10,3
11.880627,10,4
7.60892,10,5
0.284941,10,7
38.743952,10,8
8.089808,10,9
38.390947,10,11
0.831381,10,12
10.458565,11,2
4.702717,11,3
5.683653,11,4
49.856587,11,5
0.118053,11,6
5.247232,11,7
26.511216,11,8
19.023901,11,9
3.842709,11,10
10.372651,11,12
98.634784,12,2
129.232584,12,3
234.279368,12,5
22.56296,12,6
15.633272,12,7
0.447083,12,8
146.318597,12,9
0.026667,12,10
10.424947,12,11
succeed
0.0,0.0,0.657363,0.0,0.871899,0.100624,0.174144,0.0,0.3434,0.0,0.090072,4.602123
0.0,0.0,43.069283,0.026667,51.551344,32.299669,7.843144,0.013333,16.885923,0.066667,0.713539,87.031349
0.0,28.577275,0.0,34.037048,138.867997,49.572256,14.675315,0.172949,42.350549,0.026667,4.44396,39.674109
0.0,6.745992,65.882021,0.0,39.306187,26.793272,13.978181,2.408576,25.146323,9.836384,0.112443,53.995067
0.0,20.816925,1.935576,0.0,0.0,0.0,0.0,0.0,8.830029,0.0,0.13712,89.387003
0.0,14.204779,157.006835,10.606195,95.215339,0.0,25.805035,0.0,56.662749,0.245077,2.957296,30.161872
0.0,7.969397,36.886499,9.887523,20.112888,12.081176,0.0,0.026667,10.748608,0.902251,0.160891,14.957581
0.0,16.210429,16.901835,23.652371,172.677344,0.68968,0.421323,0.0,71.135805,12.450595,24.871536,85.448565
0.0,32.861837,100.940696,45.971211,169.020589,52.053475,23.295603,0.300472,0.0,0.080547,3.734704,110.947896
0.0,1.142192,0.053333,11.880627,7.60892,0.0,0.284941,38.743952,8.089808,0.0,38.390947,0.831381
0.0,10.458565,4.702717,5.683653,49.856587,0.118053,5.247232,26.511216,19.023901,3.842709,0.0,10.372651
0.0,98.634784,129.232584,0.0,234.279368,22.56296,15.633272,0.447083,146.318597,0.026667,10.424947,0.0
