1975.780434
0.08,1,2
0.149139,1,3
0.136,1,5
0.026667,1,6
1.265699,1,8
0.18208,1,9
0.037331,1,11
0.191053,1,12
0.028744,2,1
8.151507,2,3
4.892912,2,4
25.629592,2,5
11.791059,2,6
2.3588,2,7
10.453011,2,8
4.979939,2,9
0.325939,2,10
5.237859,2,11
16.924931,2,12
0.475077,3,1
19.670928,3,2
4.585203,3,4
5.575696,3,5
22.069816,3,6
5.741312,3,7
37.597891,3,8
14.267285,3,9
0.197293,3,10
10.12712,3,11
16.415683,3,12
0.446288,4,1
6.970181,4,2
49.791765,4,3
28.503363,4,5
31.831269,4,6
20.305237,4,7
13.879731,4,8
9.063283,4,9
8.126741,4,10
16.433336,4,11
32.507027,4,12
0.145109,5,1
10.211496,5,2
8.875517,5,3
1.250699,5,4
6.881293,5,6
1.009752,5,7
15.012981,5,8
3.432176,5,9
0.061664,5,10
0.486707,5,11
10.530109,5,12
7.119664,6,2
39.038779,6,3
11.933752,6,4
8.647731,6,5
1.562093,6,7
20.029173,6,8
19.780784,6,9
0.651461,6,10
9.421288,6,11
29.816904,6,12
0.026667,7,1
4.265853,7,2
12.570901,7,3
4.987939,7,4
2.690088,7,5
13.454208,7,6
5.252445,7,8
1.56812,7,9
2.022139,7,10
2.893488,7,11
12.249461,7,12
1.085133,8,1
30.349568,8,2
60.104307,8,3
24.499461,8,4
2.287509,8,5
17.200445,8,6
3.566659,8,7
27.978464,8,9
20.080645,8,10
23.487336,8,11
29.911501,8,12
0.355811,9,1
19.055288,9,2
17.481205,9,3
26.355787,9,4
3.60956,9,5
25.820755,9,6
19.483205,9,7
58.522845,9,8
2.046251,9,10
21.594723,9,11
40.716573,9,12
0.466091,10,2
12.473379,10,4
0.037939,10,5
0.238576,10,6
35.835304,10,8
0.500648,10,9
47.667739,10,11
0.359104,10,12
0.283699,11,1
7.737784,11,2
14.924075,11,3
3.71328,11,4
1.64936,11,5
8.362053,11,6
2.080867,11,7
24.128917,11,8
4.673293,11,9
9.554573,11,10
6.222952,11,12
0.37984,12,1
122.814765,12,2
92.440416,12,3
57.198971,12,4
20.229861,12,5
49.380283,12,6
13.856363,12,7
75.602093,12,8
136.239539,12,9
1.416635,12,10
34.414776,12,11
succeed
0.0,0.08,0.149139,0.0,0.136,0.026667,0.0,1.265699,0.18208,0.0,0.037331,0.191053
0.028744,0.0,8.151507,4.892912,25.629592,11.791059,2.3588,10.453011,4.979939,0.325939,5.237859,16.924931
0.475077,19.670928,0.0,4.585203,5.575696,22.069816,5.741312,37.597891,14.267285,0.197293,10.12712,16.415683
0.446288,6.970181,49.791765,0.0,28.503363,31.831269,20.305237,13.879731,9.063283,8.126741,16.433336,32.507027
0.145109,10.211496,8.875517,1.250699,0.0,6.881293,1.009752,15.012981,3.432176,0.061664,0.486707,10.530109
0.0,7.119664,39.038779,11.933752,8.647731,0.0,1.562093,20.029173,19.780784,0.651461,9.421288,29.816904
0.026667,4.265853,12.570901,4.987939,2.690088,13.454208,0.0,5.252445,1.56812,2.022139,2.893488,12.249461
1.085133,30.349568,60.104307,24.499461,2.287509,17.200445,3.566659,0.0,27.978464,20.080645,23.487336,29.911501
0.355811,19.055288,17.481205,26.355787,3.60956,25.820755,19.483205,58.522845,0.0,2.046251,21.594723,40.716573
0.0,0.466091,0.0,12.473379,0.037939,0.238576,0.0,35.835304,0.500648,0.0,47.667739,0.359104
0.283699,7.737784,14.924075,3.71328,1.64936,8.362053,2.080867,24.128917,4.673293,9.554573,0.0,6.222952
0.37984,122.814765,92.440416,57.198971,20.229861,49.380283,13.856363,75.602093,136.239539,1.416635,34.414776,0.0
