3069.344401
1.473384,1,2
0.093584,1,3
0.114821,1,5
0.178773,1,6
0.222483,1,7
0.100043,1,9
0.066653,1,10
0.723912,1,12
0.255568,2,1
10.554749,2,3
5.676752,2,4
37.70904,2,5
17.232979,2,6
11.3912,2,7
22.690159,2,8
4.554541,2,9
0.675055,2,10
11.630832,2,11
42.930747,2,12
0.327339,3,1
21.753869,3,2
10.509493,3,4
25.87392,3,5
97.002029,3,6
16.017392,3,7
27.279232,3,8
15.581856,3,9
2.206952,3,10
9.137341,3,11
32.225787,3,12
0.287637,4,1
20.78688,4,2
50.325277,4,3
22.949635,4,5
31.65756,4,6
23.245643,4,7
14.703541,4,8
25.28128,4,9
18.531619,4,10
20.923635,4,11
58.528944,4,12
0.213301,5,1
12.031008,5,2
20.224549,5,3
3.100051,5,4
4.02396,5,6
3.767789,5,7
41.945957,5,8
4.811003,5,9
0.237712,5,10
1.137883,5,11
4.771909,5,12
0.240677,6,1
19.333832,6,2
69.629219,6,3
12.835779,6,4
3.582035,6,5
8.823165,6,7
12.503901,6,8
14.248699,6,9
3.992197,6,10
4.671259,6,11
18.79032,6,12
1.132416,7,1
4.211053,7,2
23.22308,7,3
5.25752,7,4
4.382821,7,5
19.303317,7,6
12.803043,7,8
4.159843,7,9
3.221747,7,10
5.231019,7,11
12.810765,7,12
0.111621,8,1
35.28852,8,2
126.928235,8,3
22.841187,8,4
22.434013,8,5
48.222277,8,6
10.953117,8,7
29.090667,8,9
26.999661,8,10
33.645691,8,11
108.718672,8,12
0.578149,9,1
26.988211,9,2
29.792523,9,3
35.809592,9,4
18.571784,9,5
22.148899,9,6
18.552261,9,7
77.353877,9,8
1.088581,9,10
16.511403,9,11
76.984416,9,12
0.026667,10,2
0.053333,10,3
13.300979,10,4
0.0928,10,5
0.271861,10,6
0.026667,10,7
53.140837,10,8
0.458933,10,9
39.563592,10,11
3.7616,10,12
0.11152,11,1
10.1946,11,2
38.221547,11,3
5.832261,11,4
6.504235,11,5
11.473347,11,6
5.923075,11,7
44.697456,11,8
11.319064,11,9
7.064909,11,10
30.882643,11,12
1.777123,12,1
193.063221,12,2
135.2442,12,3
73.217224,12,4
29.124664,12,5
72.026811,12,6
20.090203,12,7
134.54148,12,8
221.027072,12,9
10.344816,12,10
32.287339,12,11
succeed
0.0,1.473384,0.093584,0.0,0.114821,0.178773,0.222483,0.0,0.100043,0.066653,0.0,0.723912
0.255568,0.0,10.554749,5.676752,37.70904,17.232979,11.3912,22.690159,4.554541,0.675055,11.630832,42.930747
0.327339,21.753869,0.0,10.509493,25.87392,97.002029,16.017392,27.279232,15.581856,2.206952,9.137341,32.225787
0.287637,20.78688,50.325277,0.0,22.949635,31.65756,23.245643,14.703541,25.28128,18.531619,20.923635,58.528944
0.213301,12.031008,20.224549,3.100051,0.0,4.02396,3.767789,41.945957,4.811003,0.237712,1.137883,4.771909
0.240677,19.333832,69.629219,12.835779,3.582035,0.0,8.823165,12.503901,14.248699,3.992197,4.671259,18.79032
1.132416,4.211053,23.22308,5.25752,4.382821,19.303317,0.0,12.803043,4.159843,3.221747,5.231019,12.810765
0.111621,35.28852,126.928235,22.841187,22.434013,48.222277,10.953117,0.0,29.090667,26.999661,33.645691,108.718672
0.578149,26.988211,29.792523,35.809592,18.571784,22.148899,18.552261,77.353877,0.0,1.088581,16.511403,76.984416
0.0,0.026667,0.053333,13.300979,0.0928,0.271861,0.026667,53.140837,0.458933,0.0,39.563592,3.7616
0.11152,10.1946,38.221547,5.832261,6.504235,11.473347,5.923075,44.697456,11.319064,7.064909,0.0,30.882643
1.777123,193.063221,135.2442,73.217224,29.124664,72.026811,20.090203,134.54148,221.027072,10.344816,32.287339,0.0
