2239.950558
0.785685,1,3
0.048208,1,5
0.026667,1,6
0.026763,1,7
0.307893,1,8
0.191016,1,12
10.406099,2,3
6.676531,2,4
0.42096,2,5
9.584717,2,6
0.827195,2,7
14.098189,2,8
2.65444,2,9
0.084944,2,10
7.900187,2,11
26.936187,2,12
0.381875,3,1
22.987488,3,2
11.328429,3,4
8.637064,3,5
24.170469,3,6
6.348011,3,7
48.977528,3,8
10.502835,3,9
0.349472,3,10
11.672053,3,11
78.289408,3,12
0.295467,4,1
2.437752,4,2
54.933173,4,3
22.117443,4,5
23.681949,4,6
17.770699,4,7
42.609632,4,8
19.342155,4,9
14.796853,4,10
16.09664,4,11
37.891125,4,12
1.983336,5,1
4.781811,5,2
11.297787,5,3
0.799952,5,4
4.450331,5,6
4.511219,5,7
10.504963,5,8
1.227672,5,9
0.117195,5,10
0.869971,5,11
1.973371,5,12
7.204597,6,2
41.720784,6,3
4.324016,6,4
1.509029,6,5
3.700459,6,7
48.827208,6,8
19.206165,6,9
0.322197,6,10
9.591152,6,11
13.329363,6,12
1.477365,7,2
18.944891,7,3
8.532976,7,4
6.748336,7,5
13.32292,7,6
6.656848,7,8
3.613544,7,9
1.025707,7,10
1.079856,7,11
8.145611,7,12
0.646928,8,1
10.740656,8,2
80.692819,8,3
7.256675,8,4
7.757117,8,5
34.097224,8,6
6.687971,8,7
83.947989,8,9
8.620936,8,10
43.31028,8,11
124.826829,8,12
0.782104,9,1
22.102499,9,2
50.062048,9,3
28.212747,9,4
13.628299,9,5
41.875832,9,6
13.860131,9,7
72.6818,9,8
1.8614,9,10
35.204549,9,11
36.052968,9,12
0.152581,10,3
1.487608,10,4
1.221936,10,5
0.197667,10,6
0.026667,10,7
38.300704,10,8
0.18464,10,9
38.286403,10,11
0.026667,10,12
0.066603,11,1
7.295619,11,2
14.660789,11,3
3.840453,11,4
1.634928,11,5
8.577997,11,6
2.434229,11,7
30.850699,11,8
11.885749,11,9
2.640795,11,10
4.046971,11,12
0.026667,12,1
70.998328,12,2
86.741699,12,3
51.356267,12,4
20.214693,12,5
42.82932,12,6
14.329859,12,7
118.104477,12,8
88.113885,12,9
0.435781,12,10
35.676243,12,11
succeed
0.0,0.0,0.785685,0.0,0.048208,0.026667,0.026763,0.307893,0.0,0.0,0.0,0.191016
0.0,0.0,10.406099,6.676531,0.42096,9.584717,0.827195,14.098189,2.65444,0.084944,7.900187,26.936187
0.381875,22.987488,0.0,11.328429,8.637064,24.170469,6.348011,48.977528,10.502835,0.349472,11.672053,78.289408
0.295467,2.437752,54.933173,0.0,22.117443,23.681949,17.770699,42.609632,19.342155,14.796853,16.09664,37.891125
1.983336,4.781811,11.297787,0.799952,0.0,4.450331,4.511219,10.504963,1.227672,0.117195,0.869971,1.973371
0.0,7.204597,41.720784,4.324016,1.509029,0.0,3.700459,48.827208,19.206165,0.322197,9.591152,13.329363
0.0,1.477365,18.944891,8.532976,6.748336,13.32292,0.0,6.656848,3.613544,1.025707,1.079856,8.145611
0.646928,10.740656,80.692819,7.256675,7.757117,34.097224,6.687971,0.0,83.947989,8.620936,43.31028,124.826829
0.782104,22.102499,50.062048,28.212747,13.628299,41.875832,13.860131,72.6818,0.0,1.8614,35.204549,36.052968
0.0,0.0,0.152581,1.487608,1.221936,0.197667,0.026667,38.300704,0.18464,0.0,38.286403,0.026667
0.066603,7.295619,14.660789,3.840453,1.634928,8.577997,2.434229,30.850699,11.885749,2.640795,0.0,4.046971
0.026667,70.998328,86.741699,51.356267,20.214693,42.82932,14.329859,118.104477,88.113885,0.435781,35.676243,0.0
