2094.617328
0.155296,1,2
0.4522,1,3
0.082387,1,4
0.183296,1,5
0.978613,1,6
0.232008,1,8
1.349957,1,9
0.277632,1,10
0.321789,1,11
0.391237,1,12
0.095917,2,1
13.471733,2,3
3.747773,2,4
35.925429,2,5
26.891301,2,6
3.131109,2,7
19.135839,2,8
3.423979,2,9
0.108079,2,10
7.185859,2,11
34.536072,2,12
0.115539,3,1
19.391189,3,2
22.189472,3,4
10.191235,3,5
43.847203,3,6
19.84612,3,7
37.90684,3,8
9.977288,3,9
1.935181,3,10
11.660824,3,11
26.487859,3,12
0.177547,4,1
5.754531,4,2
36.417832,4,3
19.191405,4,5
13.975784,4,6
25.754717,4,7
10.244147,4,8
11.7318,4,9
24.954021,4,10
19.956693,4,11
24.459053,4,12
1.561525,5,1
6.629624,5,2
11.185253,5,3
1.808824,5,4
2.244392,5,6
1.975365,5,7
4.013157,5,8
2.051867,5,9
0.026667,5,10
3.987205,5,11
18.80328,5,12
0.178861,6,1
11.630301,6,2
41.576744,6,3
12.406877,6,4
12.409176,6,5
5.555469,6,7
8.02004,6,8
4.845824,6,9
0.187216,6,10
15.945955,6,11
13.162299,6,12
0.052213,7,1
6.037731,7,2
13.764869,7,3
10.17136,7,4
4.199781,7,5
16.91912,7,6
6.035381,7,8
1.850245,7,9
3.868333,7,10
7.047952,7,11
20.627843,7,12
0.114339,8,1
28.096984,8,2
37.605848,8,3
40.384853,8,4
7.152875,8,5
15.889931,8,6
7.970397,8,7
23.628096,8,9
14.055355,8,10
26.329981,8,11
51.790123,8,12
0.538304,9,1
22.221851,9,2
18.441531,9,3
10.526648,9,4
9.792243,9,5
21.589877,9,6
12.73324,9,7
50.976712,9,8
3.010883,9,10
22.674843,9,11
58.122661,9,12
0.652501,10,2
0.053333,10,3
24.123235,10,4
1.081816,10,5
0.379107,10,6
16.718176,10,8
0.343008,10,9
27.512936,10,11
6.013163,10,12
0.460973,11,1
13.066192,11,2
24.119069,11,3
21.232208,11,4
5.746485,11,5
15.055579,11,6
13.061587,11,7
27.027392,11,8
10.708893,11,9
2.679883,11,10
20.784331,11,12
1.106315,12,1
73.377709,12,2
93.209864,12,3
57.601413,12,4
26.431019,12,5
40.615416,12,6
20.154195,12,7
70.858933,12,8
145.645128,12,9
2.611389,12,10
29.513971,12,11
succeed
0.0,0.155296,0.4522,0.082387,0.183296,0.978613,0.0,0.232008,1.349957,0.277632,0.321789,0.391237
0.095917,0.0,13.471733,3.747773,35.925429,26.891301,3.131109,19.135839,3.423979,0.108079,7.185859,34.536072
0.115539,19.391189,0.0,22.189472,10.191235,43.847203,19.84612,37.90684,9.977288,1.935181,11.660824,26.487859
0.177547,5.754531,36.417832,0.0,19.191405,13.975784,25.754717,10.244147,11.7318,24.954021,19.956693,24.459053
1.561525,6.629624,11.185253,1.808824,0.0,2.244392,1.975365,4.013157,2.051867,0.026667,3.987205,18.80328
0.178861,11.630301,41.576744,12.406877,12.409176,0.0,5.555469,8.02004,4.845824,0.187216,15.945955,13.162299
0.052213,6.037731,13.764869,10.17136,4.199781,16.91912,0.0,6.035381,1.850245,3.868333,7.047952,20.627843
0.114339,28.096984,37.605848,40.384853,7.152875,15.889931,7.970397,0.0,23.628096,14.055355,26.329981,51.790123
0.538304,22.221851,18.441531,10.526648,9.792243,21.589877,12.73324,50.976712,0.0,3.010883,22.674843,58.122661
0.0,0.652501,0.053333,24.123235,1.081816,0.379107,0.0,16.718176,0.343008,0.0,27.512936,6.013163
0.460973,13.066192,24.119069,21.232208,5.746485,15.055579,13.061587,27.027392,10.708893,2.679883,0.0,20.784331
1.106315,73.377709,93.209864,57.601413,26.431019,40.615416,20.154195,70.858933,145.645128,2.611389,29.513971,0.0
