1728.099754
0.827259,1,2
0.053333,1,3
0.129936,1,4
0.041128,1,5
0.026667,1,6
0.026667,1,7
0.912053,1,8
0.229157,1,9
0.013333,1,10
0.669323,1,11
0.178141,1,12
0.221221,2,1
4.550125,2,3
3.689211,2,4
3.1042,2,5
23.852336,2,6
2.674403,2,7
12.801595,2,8
11.220317,2,9
0.126573,2,10
4.533853,2,11
21.817453,2,12
0.044,3,1
5.17788,3,2
8.354237,3,4
17.974112,3,5
23.527619,3,6
4.340368,3,7
26.918376,3,8
17.332669,3,9
2.559376,3,10
5.966821,3,11
15.851232,3,12
0.348237,4,1
1.590264,4,2
58.1932,4,3
13.00572,4,5
26.58464,4,6
16.763515,4,7
6.538139,4,8
15.725904,4,9
4.890072,4,10
6.154869,4,11
40.689229,4,12
0.953312,5,1
1.753448,5,2
7.052488,5,3
0.798339,5,4
5.179091,5,6
1.895811,5,7
1.957776,5,8
4.041029,5,9
0.640875,5,11
1.646555,5,12
0.19584,6,1
8.989979,6,2
39.959445,6,3
7.823429,6,4
22.634093,6,5
11.343749,6,7
11.714267,6,8
13.818264,6,9
0.185379,6,10
22.996387,6,11
5.746291,6,12
0.053333,7,1
1.480232,7,2
4.500093,7,3
16.434517,7,4
5.093797,7,5
14.902699,7,6
2.333976,7,8
3.300381,7,9
2.242261,7,10
4.176613,7,11
10.767544,7,12
0.034965,8,1
13.861581,8,2
38.547301,8,3
6.807221,8,4
17.259869,8,5
22.563203,8,6
2.856592,8,7
49.987152,8,9
16.793763,8,10
20.161805,8,11
24.712008,8,12
0.146829,9,1
15.994907,9,2
20.961728,9,3
28.041437,9,4
7.730896,9,5
19.643904,9,6
14.41472,9,7
68.108245,9,8
2.74684,9,10
13.433563,9,11
44.925141,9,12
0.464192,10,2
7.458272,10,4
0.026667,10,5
0.228629,10,6
0.026667,10,7
33.576893,10,8
0.299029,10,9
32.114165,10,11
0.026667,10,12
0.219581,11,1
6.795917,11,2
30.822384,11,3
1.524056,11,4
1.5972,11,5
5.249781,11,6
2.812565,11,7
13.591789,11,8
12.412152,11,9
3.23664,11,10
9.277339,11,12
0.144245,12,1
64.215963,12,2
56.77212,12,3
53.485357,12,4
28.982648,12,5
43.270579,12,6
10.511536,12,7
45.171744,12,8
104.041811,12,9
5.685168,12,10
57.484272,12,11
succeed
0.0,0.827259,0.053333,0.129936,0.041128,0.026667,0.026667,0.912053,0.229157,0.013333,0.669323,0.178141
0.221221,0.0,4.550125,3.689211,3.1042,23.852336,2.674403,12.801595,11.220317,0.126573,4.533853,21.817453
0.044,5.17788,0.0,8.354237,17.974112,23.527619,4.340368,26.918376,17.332669,2.559376,5.966821,15.851232
0.348237,1.590264,58.1932,0.0,13.00572,26.58464,16.763515,6.538139,15.725904,4.890072,6.154869,40.689229
0.953312,1.753448,7.052488,0.798339,0.0,5.179091,1.895811,1.957776,4.041029,0.0,0.640875,1.646555
0.19584,8.989979,39.959445,7.823429,22.634093,0.0,11.343749,11.714267,13.818264,0.185379,22.996387,5.746291
0.053333,1.480232,4.500093,16.434517,5.093797,14.902699,0.0,2.333976,3.300381,2.242261,4.176613,10.767544
0.034965,13.861581,38.547301,6.807221,17.259869,22.563203,2.856592,0.0,49.987152,16.793763,20.161805,24.712008
0.146829,15.994907,20.961728,28.041437,7.730896,19.643904,14.41472,68.108245,0.0,2.74684,13.433563,44.925141
0.0,0.464192,0.0,7.458272,0.026667,0.228629,0.026667,33.576893,0.299029,0.0,32.114165,0.026667
0.219581,6.795917,30.822384,1.524056,1.5972,5.249781,2.812565,13.591789,12.412152,3.23664,0.0,9.277339
0.144245,64.215963,56.77212,53.485357,28.982648,43.270579,10.511536,45.171744,104.041811,5.685168,57.484272,0.0
