2516.2201800000003
0.026667,1,2
0.215992,1,3
0.075789,1,5
0.030061,1,6
0.028011,1,7
0.282293,1,8
0.120131,1,9
0.219616,1,11
1.178357,1,12
0.149283,2,1
7.236701,2,3
3.867784,2,4
22.232621,2,5
10.713523,2,6
0.293213,2,7
16.903375,2,8
2.258189,2,9
0.921513,2,10
3.604243,2,11
27.370157,2,12
0.306171,3,1
4.257971,3,2
13.790976,3,4
2.066203,3,5
27.268088,3,6
4.529275,3,7
60.266539,3,8
6.528243,3,9
0.380557,3,10
9.660456,3,11
12.735931,3,12
0.07296,4,1
1.41972,4,2
38.983848,4,3
9.932819,4,5
24.145059,4,6
9.043136,4,7
14.684144,4,8
26.320453,4,9
1.393685,4,10
8.384259,4,11
41.269069,4,12
1.543037,5,1
3.493672,5,2
7.924869,5,3
1.238795,5,4
5.080845,5,6
0.735811,5,7
13.155877,5,8
1.565251,5,9
1.764368,5,11
3.49444,5,12
0.126635,6,1
18.261208,6,2
57.780453,6,3
4.110011,6,4
2.553147,6,5
6.193011,6,7
44.936829,6,8
35.014664,6,9
1.212696,6,10
14.921168,6,11
14.815347,6,12
0.026667,7,1
1.111992,7,2
13.258125,7,3
9.808837,7,4
3.689341,7,5
8.410883,7,6
11.206203,7,8
1.1006,7,9
0.739701,7,10
4.542861,7,11
4.538869,7,12
1.53084,8,1
3.875811,8,2
100.043843,8,3
24.727083,8,4
12.836675,8,5
24.023771,8,6
2.233499,8,7
50.722275,8,9
7.856157,8,10
45.966656,8,11
86.764043,8,12
0.317787,9,1
24.155792,9,2
43.921195,9,3
28.560467,9,4
8.67232,9,5
16.704291,9,6
5.987395,9,7
87.849989,9,8
2.499784,9,10
34.346459,9,11
54.468024,9,12
0.05776,10,2
0.341395,10,3
5.288187,10,4
0.026667,10,5
5.594147,10,6
39.382803,10,8
0.224957,10,9
30.26628,10,11
0.269661,11,1
6.312995,11,2
25.432368,11,3
2.146616,11,4
2.331819,11,5
7.246099,11,6
1.446424,11,7
382.84352,11,8
9.265403,11,9
2.232499,11,10
6.199573,11,12
21.009107,12,1
61.672699,12,2
56.022408,12,3
33.621296,12,4
43.204853,12,5
47.777691,12,6
16.203861,12,7
135.114493,12,8
135.964819,12,9
2.018277,12,10
55.114053,12,11
succeed
0.0,0.026667,0.215992,0.0,0.075789,0.030061,0.028011,0.282293,0.120131,0.0,0.219616,1.178357
0.149283,0.0,7.236701,3.867784,22.232621,10.713523,0.293213,16.903375,2.258189,0.921513,3.604243,27.370157
0.306171,4.257971,0.0,13.790976,2.066203,27.268088,4.529275,60.266539,6.528243,0.380557,9.660456,12.735931
0.07296,1.41972,38.983848,0.0,9.932819,24.145059,9.043136,14.684144,26.320453,1.393685,8.384259,41.269069
1.543037,3.493672,7.924869,1.238795,0.0,5.080845,0.735811,13.155877,1.565251,0.0,1.764368,3.49444
0.126635,18.261208,57.780453,4.110011,2.553147,0.0,6.193011,44.936829,35.014664,1.212696,14.921168,14.815347
0.026667,1.111992,13.258125,9.808837,3.689341,8.410883,0.0,11.206203,1.1006,0.739701,4.542861,4.538869
1.53084,3.875811,100.043843,24.727083,12.836675,24.023771,2.233499,0.0,50.722275,7.856157,45.966656,86.764043
0.317787,24.155792,43.921195,28.560467,8.67232,16.704291,5.987395,87.849989,0.0,2.499784,34.346459,54.468024
0.0,0.05776,0.341395,5.288187,0.026667,5.594147,0.0,39.382803,0.224957,0.0,30.26628,0.0
0.269661,6.312995,25.432368,2.146616,2.331819,7.246099,1.446424,382.84352,9.265403,2.232499,0.0,6.199573
21.009107,61.672699,56.022408,33.621296,43.204853,47.777691,16.203861,135.114493,135.964819,2.018277,55.114053,0.0
