2859.895086
1.483357,1,2
0.492597,1,3
0.113288,1,4
0.239475,1,5
0.424992,1,6
0.08,1,7
0.097333,1,8
0.402672,1,9
0.742915,1,11
1.299245,1,12
1.477779,2,1
18.252488,2,3
6.037427,2,4
3.361035,2,5
19.7928,2,6
5.844123,2,7
13.364563,2,8
12.001541,2,9
0.350885,2,10
11.574448,2,11
50.976632,2,12
1.232635,3,1
15.280237,3,2
12.299176,3,4
11.228925,3,5
118.397304,3,6
14.051797,3,7
193.484565,3,8
17.716709,3,9
3.048763,3,10
21.301963,3,11
28.448197,3,12
0.139584,4,1
5.660379,4,2
127.292979,4,3
13.6106,4,5
13.160395,4,6
13.624816,4,7
6.18692,4,8
10.037979,4,9
4.417133,4,10
12.033544,4,11
24.265891,4,12
1.806011,5,1
2.868104,5,2
19.136059,5,3
0.830152,5,4
3.686429,5,6
6.250976,5,7
7.442827,5,8
2.86284,5,9
0.026667,5,10
11.076715,5,11
8.875688,5,12
0.264379,6,1
20.997005,6,2
62.928077,6,3
7.530675,6,4
2.994715,6,5
8.389173,6,7
12.253432,6,8
29.774144,6,9
0.575125,6,10
18.475157,6,11
38.525451,6,12
1.278781,7,1
1.957941,7,2
35.664531,7,3
11.283429,7,4
4.586997,7,5
18.996973,7,6
3.260904,7,8
9.582917,7,9
1.523768,7,10
8.412936,7,11
17.282544,7,12
0.088221,8,1
12.242288,8,2
110.559656,8,3
11.909069,8,4
19.424219,8,5
21.626749,8,6
16.104256,8,7
41.226485,8,9
18.876176,8,10
35.442083,8,11
52.643909,8,12
0.785773,9,1
36.061672,9,2
40.143792,9,3
16.691384,9,4
12.390723,9,5
57.778523,9,6
15.011437,9,7
55.023995,9,8
1.03016,9,10
22.524229,9,11
103.843059,9,12
0.053333,10,2
0.026667,10,3
2.426288,10,4
0.064533,10,5
0.357256,10,6
12.108125,10,8
0.079269,10,9
26.596557,10,11
0.034136,10,12
1.37348,11,1
18.35748,11,2
72.920616,11,3
20.275235,11,4
20.198883,11,5
60.334752,11,6
20.111341,11,7
34.394061,11,8
26.188795,11,9
4.5946,11,10
64.36696,11,12
6.038669,12,1
118.090515,12,2
64.287179,12,3
55.093589,12,4
21.878653,12,5
50.751157,12,6
15.334891,12,7
64.901795,12,8
145.113221,12,9
1.228637,12,10
34.154947,12,11
succeed
0.0,1.483357,0.492597,0.113288,0.239475,0.424992,0.08,0.097333,0.402672,0.0,0.742915,1.299245
1.477779,0.0,18.252488,6.037427,3.361035,19.7928,5.844123,13.364563,12.001541,0.350885,11.574448,50.976632
1.232635,15.280237,0.0,12.299176,11.228925,118.397304,14.051797,193.484565,17.716709,3.048763,21.301963,28.448197
0.139584,5.660379,127.292979,0.0,13.6106,13.160395,13.624816,6.18692,10.037979,4.417133,12.033544,24.265891
1.806011,2.868104,19.136059,0.830152,0.0,3.686429,6.250976,7.442827,2.86284,0.026667,11.076715,8.875688
0.264379,20.997005,62.928077,7.530675,2.994715,0.0,8.389173,12.253432,29.774144,0.575125,18.475157,38.525451
1.278781,1.957941,35.664531,11.283429,4.586997,18.996973,0.0,3.260904,9.582917,1.523768,8.412936,17.282544
0.088221,12.242288,110.559656,11.909069,19.424219,21.626749,16.104256,0.0,41.226485,18.876176,35.442083,52.643909
0.785773,36.061672,40.143792,16.691384,12.390723,57.778523,15.011437,55.023995,0.0,1.03016,22.524229,103.843059
0.0,0.053333,0.026667,2.426288,0.064533,0.357256,0.0,12.108125,0.079269,0.0,26.596557,0.034136
1.37348,18.35748,72.920616,20.275235,20.198883,60.334752,20.111341,34.394061,26.188795,4.5946,0.0,64.36696
6.038669,118.090515,64.287179,55.093589,21.878653,50.751157,15.334891,64.901795,145.113221,1.228637,34.154947,0.0
