2230.3654539999998
0.083627,1,2
0.459267,1,3
0.034971,1,5
0.053333,1,6
0.353179,1,7
0.616136,1,8
0.091312,1,9
0.607429,1,11
0.963003,1,12
0.133376,2,1
12.369419,2,3
5.277651,2,4
5.404752,2,5
17.854883,2,6
2.440531,2,7
13.328687,2,8
7.38016,2,9
0.021732,2,10
8.871563,2,11
30.543576,2,12
0.652712,3,1
12.420405,3,2
21.079459,3,4
7.624168,3,5
34.289677,3,6
5.33136,3,7
64.294131,3,8
17.340213,3,9
0.604176,3,10
5.625669,3,11
26.894829,3,12
0.08096,4,1
3.618651,4,2
40.033269,4,3
21.154077,4,5
34.469293,4,6
13.182008,4,7
48.863357,4,8
10.614272,4,9
10.661837,4,10
14.067987,4,11
31.425061,4,12
2.35292,5,1
9.653437,5,2
12.139699,5,3
1.1782,5,4
0.270187,5,6
2.050899,5,7
9.491083,5,8
1.291139,5,9
1.500552,5,11
2.300336,5,12
0.177416,6,1
11.929163,6,2
47.409352,6,3
8.711731,6,4
1.292224,6,5
3.251669,6,7
31.217173,6,8
18.863403,6,9
0.288453,6,10
9.318016,6,11
22.093616,6,12
0.026667,7,1
1.998589,7,2
17.347653,7,3
8.690824,7,4
7.595392,7,5
12.108592,7,6
6.759603,7,8
4.520472,7,9
3.404605,7,10
4.425853,7,11
10.705979,7,12
0.080853,8,1
15.617787,8,2
95.938992,8,3
15.048016,8,4
16.304656,8,5
15.020464,8,6
5.346397,8,7
39.576811,8,9
17.638672,8,10
76.969664,8,11
42.070789,8,12
0.943691,9,1
29.327056,9,2
47.741501,9,3
30.137709,9,4
12.822296,9,5
23.482472,9,6
7.636989,9,7
81.176936,9,8
0.568984,9,10
29.679709,9,11
96.534992,9,12
0.053333,10,2
0.244403,10,3
22.260221,10,4
0.040789,10,5
0.223349,10,6
0.233413,10,7
24.643699,10,8
0.425517,10,9
23.737227,10,11
0.370083,10,12
0.211549,11,1
8.565541,11,2
18.2964,11,3
2.483069,11,4
2.719259,11,5
8.83232,11,6
1.965163,11,7
36.182163,11,8
9.068787,11,9
4.399597,11,10
9.081248,11,12
0.948016,12,1
99.002544,12,2
76.385008,12,3
50.454981,12,4
22.126437,12,5
65.739896,12,6
9.480469,12,7
64.640245,12,8
123.920253,12,9
1.43952,12,10
36.944464,12,11
succeed
0.0,0.083627,0.459267,0.0,0.034971,0.053333,0.353179,0.616136,0.091312,0.0,0.607429,0.963003
0.133376,0.0,12.369419,5.277651,5.404752,17.854883,2.440531,13.328687,7.38016,0.021732,8.871563,30.543576
0.652712,12.420405,0.0,21.079459,7.624168,34.289677,5.33136,64.294131,17.340213,0.604176,5.625669,26.894829
0.08096,3.618651,40.033269,0.0,21.154077,34.469293,13.182008,48.863357,10.614272,10.661837,14.067987,31.425061
2.35292,9.653437,12.139699,1.1782,0.0,0.270187,2.050899,9.491083,1.291139,0.0,1.500552,2.300336
0.177416,11.929163,47.409352,8.711731,1.292224,0.0,3.251669,31.217173,18.863403,0.288453,9.318016,22.093616
0.026667,1.998589,17.347653,8.690824,7.595392,12.108592,0.0,6.759603,4.520472,3.404605,4.425853,10.705979
0.080853,15.617787,95.938992,15.048016,16.304656,15.020464,5.346397,0.0,39.576811,17.638672,76.969664,42.070789
0.943691,29.327056,47.741501,30.137709,12.822296,23.482472,7.636989,81.176936,0.0,0.568984,29.679709,96.534992
0.0,0.053333,0.244403,22.260221,0.040789,0.223349,0.233413,24.643699,0.425517,0.0,23.737227,0.370083
0.211549,8.565541,18.2964,2.483069,2.719259,8.83232,1.965163,36.182163,9.068787,4.399597,0.0,9.081248
0.948016,99.002544,76.385008,50.454981,22.126437,65.739896,9.480469,64.640245,123.920253,1.43952,36.944464,0.0
