2903.952862
0.21532,1,3
0.316277,1,4
0.296229,1,6
0.504163,1,7
0.328341,1,8
0.384013,1,9
2.909851,1,11
0.140416,1,12
0.265416,2,1
7.427864,2,3
7.933024,2,4
1.127989,2,5
9.548779,2,6
0.556843,2,7
21.589904,2,8
2.201293,2,9
0.053333,2,10
7.033648,2,11
31.855944,2,12
0.256432,3,1
6.528296,3,2
14.338269,3,4
7.428224,3,5
35.340757,3,6
7.656053,3,7
55.962192,3,8
6.876819,3,9
1.393051,3,10
16.59596,3,11
70.054555,3,12
0.174693,4,1
9.389813,4,2
31.801616,4,3
13.3952,4,5
11.023083,4,6
10.340288,4,7
10.548765,4,8
19.393123,4,9
5.87892,4,10
7.734072,4,11
14.46912,4,12
0.250101,5,1
2.386171,5,2
6.957533,5,3
0.826349,5,4
0.989157,5,6
7.003819,5,7
13.682541,5,8
5.280803,5,9
4.373453,5,11
3.097995,5,12
9.891728,6,2
57.44392,6,3
5.964952,6,4
5.217429,6,5
5.379888,6,7
60.774997,6,8
29.111208,6,9
0.928784,6,10
6.885128,6,11
9.537968,6,12
2.821312,7,2
14.760504,7,3
18.020968,7,4
2.738275,7,5
17.14792,7,6
5.243584,7,8
4.535464,7,9
1.262027,7,10
1.783979,7,11
21.544747,7,12
0.636195,8,1
19.361824,8,2
105.539275,8,3
28.485688,8,4
5.166477,8,5
45.421373,8,6
4.694557,8,7
70.553747,8,9
16.176592,8,10
35.036408,8,11
121.163827,8,12
0.849309,9,1
34.947352,9,2
650.05752,9,3
22.757091,9,4
7.941683,9,5
33.350683,9,6
13.694592,9,7
83.559712,9,8
2.295371,9,10
41.291883,9,11
40.393544,9,12
0.559963,10,3
9.299853,10,4
0.104107,10,5
4.669957,10,6
0.026667,10,7
16.796851,10,8
0.52808,10,9
6.182515,10,11
0.053333,10,12
0.038416,11,1
8.040008,11,2
17.330741,11,3
3.744944,11,4
2.866416,11,5
5.338008,11,6
2.669077,11,7
27.016797,11,8
9.632285,11,9
2.786187,11,10
6.725384,11,12
0.026667,12,1
102.409936,12,2
98.617155,12,3
33.127701,12,4
45.841475,12,5
37.4212,12,6
14.289509,12,7
140.135355,12,8
111.900752,12,9
3.707552,12,10
31.580616,12,11
succeed
0.0,0.0,0.21532,0.316277,0.0,0.296229,0.504163,0.328341,0.384013,0.0,2.909851,0.140416
0.265416,0.0,7.427864,7.933024,1.127989,9.548779,0.556843,21.589904,2.201293,0.053333,7.033648,31.855944
0.256432,6.528296,0.0,14.338269,7.428224,35.340757,7.656053,55.962192,6.876819,1.393051,16.59596,70.054555
0.174693,9.389813,31.801616,0.0,13.3952,11.023083,10.340288,10.548765,19.393123,5.87892,7.734072,14.46912
0.250101,2.386171,6.957533,0.826349,0.0,0.989157,7.003819,13.682541,5.280803,0.0,4.373453,3.097995
0.0,9.891728,57.44392,5.964952,5.217429,0.0,5.379888,60.774997,29.111208,0.928784,6.885128,9.537968
0.0,2.821312,14.760504,18.020968,2.738275,17.14792,0.0,5.243584,4.535464,1.262027,1.783979,21.544747
0.636195,19.361824,105.539275,28.485688,5.166477,45.421373,4.694557,0.0,70.553747,16.176592,35.036408,121.163827
0.849309,34.947352,650.05752,22.757091,7.941683,33.350683,13.694592,83.559712,0.0,2.295371,41.291883,40.393544
0.0,0.0,0.559963,9.299853,0.104107,4.669957,0.026667,16.796851,0.52808,0.0,6.182515,0.053333
0.038416,8.040008,17.330741,3.744944,2.866416,5.338008,2.669077,27.016797,9.632285,2.786187,0.0,6.725384
0.026667,102.409936,98.617155,33.127701,45.841475,37.4212,14.289509,140.135355,111.900752,3.707552,31.580616,0.0
