2603.494247
0.026667,1,2
1.238693,1,3
0.259467,1,5
0.345261,1,6
0.026667,1,7
0.726763,1,8
0.261272,1,9
0.053461,1,10
0.350059,1,11
0.272533,1,12
0.09996,2,1
29.348075,2,3
5.261317,2,4
26.281101,2,5
13.528789,2,6
0.302317,2,7
9.746573,2,8
3.395563,2,9
4.313435,2,10
4.815744,2,11
35.172035,2,12
0.067787,3,1
10.451856,3,2
25.72296,3,4
21.198221,3,5
37.190845,3,6
8.817797,3,7
46.753757,3,8
22.049616,3,9
49.118048,3,10
13.2182,3,11
31.019925,3,12
2.424179,4,2
48.181045,4,3
20.573528,4,5
25.525605,4,6
8.919411,4,7
4.784365,4,8
14.294184,4,9
27.921651,4,10
4.898616,4,11
35.765349,4,12
0.026667,5,1
1.278832,5,2
43.147264,5,3
3.393419,5,4
4.4792,5,6
3.657992,5,7
9.84196,5,8
7.321304,5,9
3.330912,5,11
4.055176,5,12
0.134443,6,1
10.927088,6,2
72.516211,6,3
12.690336,6,4
3.307029,6,5
3.423125,6,7
14.809341,6,8
33.495525,6,9
8.014184,6,10
13.453339,6,11
6.676971,6,12
1.632355,7,2
21.80456,7,3
6.800232,7,4
16.575557,7,5
9.298176,7,6
4.914061,7,8
4.004829,7,9
4.324757,7,10
1.707104,7,11
11.527453,7,12
0.629523,8,1
12.909277,8,2
114.950515,8,3
34.287373,8,4
12.053645,8,5
29.28672,8,6
9.767467,8,7
80.695547,8,9
18.297789,8,10
38.707211,8,11
83.900459,8,12
0.096917,9,1
17.182019,9,2
57.185088,9,3
36.485168,9,4
12.479387,9,5
36.481064,9,6
7.655293,9,7
74.189304,9,8
37.130443,9,10
39.046176,9,11
82.155923,9,12
0.053333,10,2
1.017109,10,3
2.397392,10,4
0.192347,10,5
3.685851,10,6
0.026667,10,7
10.021195,10,8
50.080587,10,9
33.199077,10,11
0.247445,10,12
10.023643,11,2
13.764459,11,3
2.599971,11,4
4.436312,11,5
9.910469,11,6
2.462376,11,7
24.305493,11,8
12.111352,11,9
20.436515,11,10
9.890405,11,12
0.206045,12,1
102.210192,12,2
124.367104,12,3
46.935693,12,4
46.590392,12,5
22.062496,12,6
16.438528,12,7
97.543565,12,8
116.432675,12,9
8.791384,12,10
38.189768,12,11
succeed
0.0,0.026667,1.238693,0.0,0.259467,0.345261,0.026667,0.726763,0.261272,0.053461,0.350059,0.272533
0.09996,0.0,29.348075,5.261317,26.281101,13.528789,0.302317,9.746573,3.395563,4.313435,4.815744,35.172035
0.067787,10.451856,0.0,25.72296,21.198221,37.190845,8.817797,46.753757,22.049616,49.118048,13.2182,31.019925
0.0,2.424179,48.181045,0.0,20.573528,25.525605,8.919411,4.784365,14.294184,27.921651,4.898616,35.765349
0.026667,1.278832,43.147264,3.393419,0.0,4.4792,3.657992,9.84196,7.321304,0.0,3.330912,4.055176
0.134443,10.927088,72.516211,12.690336,3.307029,0.0,3.423125,14.809341,33.495525,8.014184,13.453339,6.676971
0.0,1.632355,21.80456,6.800232,16.575557,9.298176,0.0,4.914061,4.004829,4.324757,1.707104,11.527453
0.629523,12.909277,114.950515,34.287373,12.053645,29.28672,9.767467,0.0,80.695547,18.297789,38.707211,83.900459
0.096917,17.182019,57.185088,36.485168,12.479387,36.481064,7.655293,74.189304,0.0,37.130443,39.046176,82.155923
0.0,0.053333,1.017109,2.397392,0.192347,3.685851,0.026667,10.021195,50.080587,0.0,33.199077,0.247445
0.0,10.023643,13.764459,2.599971,4.436312,9.910469,2.462376,24.305493,12.111352,20.436515,0.0,9.890405
0.206045,102.210192,124.367104,46.935693,46.590392,22.062496,16.438528,97.543565,116.432675,8.791384,38.189768,0.0
