3228.899533
0.067147,1,2
0.634507,1,3
0.040424,1,5
0.054421,1,6
0.053333,1,7
0.252928,1,8
0.324619,1,9
0.041995,1,11
0.24,1,12
0.173675,2,1
16.079163,2,3
6.16816,2,4
23.621147,2,5
11.681099,2,6
8.609445,2,7
24.924969,2,8
12.194869,2,9
0.436351,2,10
4.454899,2,11
30.148909,2,12
0.088304,3,1
15.303411,3,2
15.794413,3,4
30.243853,3,5
56.444704,3,6
14.980912,3,7
109.060752,3,8
24.705411,3,9
3.157605,3,10
14.465909,3,11
28.618749,3,12
0.04096,4,1
3.698917,4,2
51.748771,4,3
18.907173,4,5
32.314181,4,6
18.979035,4,7
29.573267,4,8
39.224387,4,9
8.864485,4,10
6.051909,4,11
40.850157,4,12
0.026667,5,1
12.564587,5,2
12.499856,5,3
1.583064,5,4
1.754448,5,6
2.271731,5,7
8.294323,5,8
4.791693,5,9
0.026667,5,10
9.472032,5,11
8.73432,5,12
0.442285,6,1
15.80476,6,2
76.158192,6,3
21.105645,6,4
14.910979,6,5
5.68556,6,7
46.694696,6,8
46.013341,6,9
3.319,6,10
11.015448,6,11
47.106717,6,12
1.890008,7,2
29.938485,7,3
20.282611,7,4
9.388208,7,5
10.124723,7,6
11.013403,7,8
8.428973,7,9
0.742795,7,10
3.728323,7,11
10.200595,7,12
2.188501,8,1
40.109659,8,2
144.700291,8,3
14.110555,8,4
19.275843,8,5
32.913336,8,6
13.223947,8,7
138.429683,8,9
14.602659,8,10
84.473517,8,11
126.489211,8,12
0.671083,9,1
32.543992,9,2
59.475107,9,3
37.740573,9,4
11.404773,9,5
45.792475,9,6
17.106693,9,7
109.826947,9,8
7.814765,9,10
41.862859,9,11
83.078568,9,12
0.106667,10,2
0.753107,10,3
12.698304,10,4
0.585027,10,5
9.386549,10,6
0.348864,10,7
38.578848,10,8
0.183541,10,9
41.566125,10,11
4.251152,10,12
10.044939,11,2
19.221192,11,3
5.593595,11,4
4.2708,11,5
9.387075,11,6
3.893253,11,7
64.348429,11,8
11.532443,11,9
7.673403,11,10
5.489685,11,12
3.875053,12,1
104.329341,12,2
76.061216,12,3
59.997008,12,4
18.023701,12,5
73.214205,12,6
14.95956,12,7
153.421304,12,8
165.775949,12,9
10.198645,12,10
61.962056,12,11
succeed
0.0,0.067147,0.634507,0.0,0.040424,0.054421,0.053333,0.252928,0.324619,0.0,0.041995,0.24
0.173675,0.0,16.079163,6.16816,23.621147,11.681099,8.609445,24.924969,12.194869,0.436351,4.454899,30.148909
0.088304,15.303411,0.0,15.794413,30.243853,56.444704,14.980912,109.060752,24.705411,3.157605,14.465909,28.618749
0.04096,3.698917,51.748771,0.0,18.907173,32.314181,18.979035,29.573267,39.224387,8.864485,6.051909,40.850157
0.026667,12.564587,12.499856,1.583064,0.0,1.754448,2.271731,8.294323,4.791693,0.026667,9.472032,8.73432
0.442285,15.80476,76.158192,21.105645,14.910979,0.0,5.68556,46.694696,46.013341,3.319,11.015448,47.106717
0.0,1.890008,29.938485,20.282611,9.388208,10.124723,0.0,11.013403,8.428973,0.742795,3.728323,10.200595
2.188501,40.109659,144.700291,14.110555,19.275843,32.913336,13.223947,0.0,138.429683,14.602659,84.473517,126.489211
0.671083,32.543992,59.475107,37.740573,11.404773,45.792475,17.106693,109.826947,0.0,7.814765,41.862859,83.078568
0.0,0.106667,0.753107,12.698304,0.585027,9.386549,0.348864,38.578848,0.183541,0.0,41.566125,4.251152
0.0,10.044939,19.221192,5.593595,4.2708,9.387075,3.893253,64.348429,11.532443,7.673403,0.0,5.489685
3.875053,104.329341,76.061216,59.997008,18.023701,73.214205,14.95956,153.421304,165.775949,10.198645,61.962056,0.0
