1481.887901
0.026667,1,2
0.149288,1,3
0.026667,1,4
0.056584,1,5
0.06656,1,9
0.390328,1,12
0.026667,2,1
2.211829,2,3
2.93828,2,4
0.424768,2,5
10.609883,2,6
0.430683,2,7
10.397115,2,8
2.221563,2,9
0.223029,2,10
2.474877,2,11
30.344496,2,12
10.849504,3,2
7.657653,3,4
4.687435,3,5
15.535368,3,6
6.009589,3,7
29.634067,3,8
6.617251,3,9
2.706784,3,10
1.90552,3,11
25.936451,3,12
0.094987,4,1
0.654699,4,2
31.449736,4,3
14.183219,4,5
39.640093,4,6
16.272237,4,7
7.391133,4,8
9.732376,4,9
7.321685,4,10
11.937832,4,11
31.297488,4,12
3.409515,5,1
0.873035,5,2
5.538179,5,3
0.487819,5,4
0.500096,5,6
0.348744,5,7
4.096789,5,8
1.364091,5,9
1.292888,5,11
8.243659,5,12
0.095765,6,1
9.415827,6,2
34.245099,6,3
6.157525,6,4
0.307861,6,5
0.977213,6,7
15.840195,6,8
16.876637,6,9
0.127467,6,10
8.033723,6,11
29.593733,6,12
1.819475,7,2
13.298067,7,3
7.442635,7,4
2.776171,7,5
9.821739,7,6
5.592291,7,8
2.754968,7,9
1.843013,7,10
5.481181,7,11
10.954968,7,12
0.026667,8,1
7.985184,8,2
72.5264,8,3
19.665899,8,4
3.94016,8,5
6.050728,8,6
11.030037,8,7
32.508795,8,9
7.910768,8,10
32.378587,8,11
23.813261,8,12
4.47908,9,1
3.237819,9,2
20.760168,9,3
21.161459,9,4
3.105861,9,5
9.245573,9,6
6.968005,9,7
54.515283,9,8
0.901256,9,10
13.055421,9,11
22.554427,9,12
0.026667,10,2
0.129355,10,3
0.673704,10,4
0.208069,10,6
27.380427,10,8
0.196597,10,9
22.166555,10,11
0.154485,10,12
0.026667,11,1
5.999437,11,2
16.643981,11,3
0.998784,11,4
1.071528,11,5
13.670563,11,6
1.937661,11,7
13.231576,11,8
4.523069,11,9
2.531293,11,10
6.526291,11,12
0.468619,12,1
87.605205,12,2
74.165611,12,3
43.666485,12,4
12.177259,12,5
18.097779,12,6
13.528965,12,7
36.829336,12,8
122.891131,12,9
0.715741,12,10
21.679464,12,11
succeed
0.0,0.026667,0.149288,0.026667,0.056584,0.0,0.0,0.0,0.06656,0.0,0.0,0.390328
0.026667,0.0,2.211829,2.93828,0.424768,10.609883,0.430683,10.397115,2.221563,0.223029,2.474877,30.344496
0.0,10.849504,0.0,7.657653,4.687435,15.535368,6.009589,29.634067,6.617251,2.706784,1.90552,25.936451
0.094987,0.654699,31.449736,0.0,14.183219,39.640093,16.272237,7.391133,9.732376,7.321685,11.937832,31.297488
3.409515,0.873035,5.538179,0.487819,0.0,0.500096,0.348744,4.096789,1.364091,0.0,1.292888,8.243659
0.095765,9.415827,34.245099,6.157525,0.307861,0.0,0.977213,15.840195,16.876637,0.127467,8.033723,29.593733
0.0,1.819475,13.298067,7.442635,2.776171,9.821739,0.0,5.592291,2.754968,1.843013,5.481181,10.954968
0.026667,7.985184,72.5264,19.665899,3.94016,6.050728,11.030037,0.0,32.508795,7.910768,32.378587,23.813261
4.47908,3.237819,20.760168,21.161459,3.105861,9.245573,6.968005,54.515283,0.0,0.901256,13.055421,22.554427
0.0,0.026667,0.129355,0.673704,0.0,0.208069,0.0,27.380427,0.196597,0.0,22.166555,0.154485
0.026667,5.999437,16.643981,0.998784,1.071528,13.670563,1.937661,13.231576,4.523069,2.531293,0.0,6.526291
0.468619,87.605205,74.165611,43.666485,12.177259,18.097779,13.528965,36.829336,122.891131,0.715741,21.679464,0.0
