2530.507177
1.367301,1,2
0.127037,1,3
0.026667,1,4
0.170187,1,5
0.186304,1,6
0.026667,1,7
0.548888,1,8
0.436261,1,9
0.032131,1,10
0.026667,1,11
0.437077,1,12
0.353147,2,1
18.488443,2,3
5.992979,2,4
38.367488,2,5
16.950275,2,6
3.041576,2,7
11.318064,2,8
2.524448,2,9
0.084283,2,10
5.223232,2,11
26.782453,2,12
0.164056,3,1
46.51696,3,2
23.972555,3,4
11.617016,3,5
93.477616,3,6
7.796075,3,7
46.268139,3,8
26.351,3,9
3.55232,3,10
13.162504,3,11
24.092053,3,12
0.2528,4,1
7.718048,4,2
70.113803,4,3
30.737213,4,5
26.952581,4,6
23.586675,4,7
23.86336,4,8
18.023024,4,9
13.564861,4,10
18.295547,4,11
39.306075,4,12
0.381456,5,1
3.283069,5,2
10.241333,5,3
1.422565,5,4
4.909299,5,6
1.535475,5,7
12.016184,5,8
5.274053,5,9
0.288264,5,10
1.862187,5,11
4.061315,5,12
0.053333,6,1
26.482192,6,2
63.584821,6,3
6.279536,6,4
1.983979,6,5
3.105472,6,7
27.428525,6,8
15.535533,6,9
0.429163,6,10
12.569581,6,11
12.761331,6,12
0.053333,7,1
2.204333,7,2
13.546429,7,3
6.484784,7,4
4.145125,7,5
14.961085,7,6
4.904421,7,8
5.090576,7,9
2.358515,7,10
5.632627,7,11
13.291621,7,12
0.269744,8,1
15.382603,8,2
69.948493,8,3
9.551115,8,4
8.790243,8,5
13.038984,8,6
3.562528,8,7
65.208099,8,9
23.662731,8,10
32.196419,8,11
78.265904,8,12
0.843893,9,1
33.646085,9,2
35.636608,9,3
29.034835,9,4
18.970928,9,5
28.632728,9,6
15.083384,9,7
66.970133,9,8
7.947253,9,10
24.789427,9,11
68.138411,9,12
0.557605,10,2
0.026667,10,3
1.789064,10,4
0.244968,10,6
0.026667,10,7
35.895355,10,8
4.796573,10,9
41.872019,10,11
0.053333,10,12
0.047243,11,1
10.054693,11,2
9.710715,11,3
8.892667,11,4
1.53288,11,5
5.614421,11,6
3.106611,11,7
25.269051,11,8
7.157635,11,9
11.13432,11,10
61.298699,11,12
0.152213,12,1
69.677979,12,2
81.590067,12,3
95.65816,12,4
40.428355,12,5
30.210477,12,6
14.379237,12,7
116.073,12,8
161.411475,12,9
2.119088,12,10
50.098021,12,11
succeed
0.0,1.367301,0.127037,0.026667,0.170187,0.186304,0.026667,0.548888,0.436261,0.032131,0.026667,0.437077
0.353147,0.0,18.488443,5.992979,38.367488,16.950275,3.041576,11.318064,2.524448,0.084283,5.223232,26.782453
0.164056,46.51696,0.0,23.972555,11.617016,93.477616,7.796075,46.268139,26.351,3.55232,13.162504,24.092053
0.2528,7.718048,70.113803,0.0,30.737213,26.952581,23.586675,23.86336,18.023024,13.564861,18.295547,39.306075
0.381456,3.283069,10.241333,1.422565,0.0,4.909299,1.535475,12.016184,5.274053,0.288264,1.862187,4.061315
0.053333,26.482192,63.584821,6.279536,1.983979,0.0,3.105472,27.428525,15.535533,0.429163,12.569581,12.761331
0.053333,2.204333,13.546429,6.484784,4.145125,14.961085,0.0,4.904421,5.090576,2.358515,5.632627,13.291621
0.269744,15.382603,69.948493,9.551115,8.790243,13.038984,3.562528,0.0,65.208099,23.662731,32.196419,78.265904
0.843893,33.646085,35.636608,29.034835,18.970928,28.632728,15.083384,66.970133,0.0,7.947253,24.789427,68.138411
0.0,0.557605,0.026667,1.789064,0.0,0.244968,0.026667,35.895355,4.796573,0.0,41.872019,0.053333
0.047243,10.054693,9.710715,8.892667,1.53288,5.614421,3.106611,25.269051,7.157635,11.13432,0.0,61.298699
0.152213,69.677979,81.590067,95.65816,40.428355,30.210477,14.379237,116.073,161.411475,2.119088,50.098021,0.0
