3704.502352
0.422037,1,2
0.747587,1,3
1.790456,1,5
0.332421,1,6
0.404077,1,7
0.300651,1,9
0.546296,1,12
27.555019,2,3
50.49524,2,5
33.136549,2,6
18.754056,2,7
23.817541,2,9
0.060485,2,10
0.402168,2,11
62.201499,2,12
28.123285,3,2
29.864571,3,4
134.168685,3,5
62.863589,3,6
16.771205,3,7
0.229621,3,8
50.570133,3,9
0.053333,3,10
1.863725,3,11
48.04932,3,12
7.856819,4,2
72.43292,4,3
58.842061,4,5
33.150907,4,6
26.676968,4,7
2.514603,4,8
21.435056,4,9
12.908251,4,10
3.189989,4,11
47.506515,4,12
38.131635,5,2
1.337701,5,3
0.063899,5,7
0.243699,5,8
11.229333,5,9
0.026667,5,10
0.125915,5,11
113.30792,5,12
14.598651,6,2
129.395008,6,3
32.950883,6,4
73.912885,6,5
27.155136,6,7
0.218389,6,8
68.561819,6,9
0.448237,6,10
1.205101,6,11
42.532704,6,12
7.077784,7,2
33.61036,7,3
8.690224,7,4
22.536232,7,5
18.277848,7,6
0.026667,7,8
19.00512,7,9
0.257261,7,11
11.617448,7,12
30.185229,8,2
22.464349,8,3
35.411379,8,4
164.630448,8,5
0.263976,8,6
0.195165,8,7
95.623899,8,9
17.182565,8,10
32.124379,8,11
98.901029,8,12
39.781907,9,2
102.116672,9,3
47.654661,9,4
167.893581,9,5
88.283027,9,6
20.418469,9,7
0.259285,9,8
4.460637,9,11
135.324208,9,12
0.495307,10,2
1.019336,10,3
11.910235,10,4
6.737304,10,5
0.210925,10,7
45.725667,10,8
5.163613,10,9
52.842475,10,11
1.546533,10,12
11.203637,11,2
2.810128,11,3
8.760843,11,4
46.103152,11,5
7.266904,11,7
40.587123,11,8
14.605088,11,9
5.318181,11,10
18.95368,11,12
81.476792,12,2
107.315893,12,3
0.072235,12,4
273.034907,12,5
62.433312,12,6
38.593181,12,7
0.523461,12,8
194.020909,12,9
0.312171,12,10
5.702331,12,11
succeed
0.0,0.422037,0.747587,0.0,1.790456,0.332421,0.404077,0.0,0.300651,0.0,0.0,0.546296
0.0,0.0,27.555019,0.0,50.49524,33.136549,18.754056,0.0,23.817541,0.060485,0.402168,62.201499
0.0,28.123285,0.0,29.864571,134.168685,62.863589,16.771205,0.229621,50.570133,0.053333,1.863725,48.04932
0.0,7.856819,72.43292,0.0,58.842061,33.150907,26.676968,2.514603,21.435056,12.908251,3.189989,47.506515
0.0,38.131635,1.337701,0.0,0.0,0.0,0.063899,0.243699,11.229333,0.026667,0.125915,113.30792
0.0,14.598651,129.395008,32.950883,73.912885,0.0,27.155136,0.218389,68.561819,0.448237,1.205101,42.532704
0.0,7.077784,33.61036,8.690224,22.536232,18.277848,0.0,0.026667,19.00512,0.0,0.257261,11.617448
0.0,30.185229,22.464349,35.411379,164.630448,0.263976,0.195165,0.0,95.623899,17.182565,32.124379,98.901029
0.0,39.781907,102.116672,47.654661,167.893581,88.283027,20.418469,0.259285,0.0,0.0,4.460637,135.324208
0.0,0.495307,1.019336,11.910235,6.737304,0.0,0.210925,45.725667,5.163613,0.0,52.842475,1.546533
0.0,11.203637,2.810128,8.760843,46.103152,0.0,7.266904,40.587123,14.605088,5.318181,0.0,18.95368
0.0,81.476792,107.315893,0.072235,273.034907,62.433312,38.593181,0.523461,194.020909,0.312171,5.702331,0.0
