1495.758744
0.060701,1,2
0.419984,1,3
0.053333,1,5
0.053333,1,6
0.146973,1,8
0.088344,1,9
0.064707,1,11
0.808595,1,12
0.328365,2,1
7.170459,2,3
3.600149,2,4
1.174704,2,5
11.931608,2,6
0.922776,2,7
24.825687,2,8
6.550013,2,9
0.030057,2,10
5.091387,2,11
17.818181,2,12
0.602645,3,1
7.823827,3,2
4.723395,3,4
4.575571,3,5
27.105917,3,6
17.134875,3,7
26.008643,3,8
5.954653,3,9
1.640907,3,10
4.883379,3,11
48.928477,3,12
0.298347,4,1
3.990936,4,2
44.333429,4,3
20.09372,4,5
22.713336,4,6
3.371253,4,7
4.350429,4,8
9.728189,4,9
4.745411,4,10
9.322387,4,11
35.218896,4,12
0.301408,5,1
0.302923,5,2
15.456045,5,3
1.148091,5,4
2.771285,5,6
3.21096,5,7
1.605787,5,8
1.172965,5,9
0.366853,5,11
5.058832,5,12
0.08,6,1
6.747205,6,2
27.501,6,3
6.450477,6,4
0.328984,6,5
4.278816,6,7
12.937272,6,8
4.071357,6,9
0.176616,6,10
29.752605,6,11
10.180053,6,12
0.053333,7,1
1.701525,7,2
7.615163,7,3
5.935693,7,4
2.631496,7,5
7.822611,7,6
4.558205,7,8
1.383643,7,9
1.614853,7,10
2.515941,7,11
13.918829,7,12
2.506325,8,1
4.979195,8,2
42.386005,8,3
11.658624,8,4
4.732645,8,5
6.347944,8,6
1.827675,8,7
24.731091,8,9
20.385664,8,10
19.536976,8,11
64.100259,8,12
1.965293,9,1
11.992541,9,2
12.620131,9,3
21.605749,9,4
4.092589,9,5
5.464416,9,6
4.376387,9,7
58.581973,9,8
0.449405,9,10
14.208736,9,11
41.232496,9,12
0.026667,10,3
0.903568,10,4
0.026667,10,5
0.240619,10,6
37.398608,10,8
0.142251,10,9
42.795259,10,11
0.107019,10,12
0.12228,11,1
4.997797,11,2
50.259048,11,3
1.380507,11,4
0.889213,11,5
3.231176,11,6
1.703549,11,7
12.156216,11,8
6.358923,11,9
2.745381,11,10
3.606752,11,12
0.098992,12,1
44.242213,12,2
36.505467,12,3
32.771544,12,4
13.1136,12,5
23.150587,12,6
6.927995,12,7
72.324541,12,8
118.998275,12,9
0.875771,12,10
25.537336,12,11
succeed
0.0,0.060701,0.419984,0.0,0.053333,0.053333,0.0,0.146973,0.088344,0.0,0.064707,0.808595
0.328365,0.0,7.170459,3.600149,1.174704,11.931608,0.922776,24.825687,6.550013,0.030057,5.091387,17.818181
0.602645,7.823827,0.0,4.723395,4.575571,27.105917,17.134875,26.008643,5.954653,1.640907,4.883379,48.928477
0.298347,3.990936,44.333429,0.0,20.09372,22.713336,3.371253,4.350429,9.728189,4.745411,9.322387,35.218896
0.301408,0.302923,15.456045,1.148091,0.0,2.771285,3.21096,1.605787,1.172965,0.0,0.366853,5.058832
0.08,6.747205,27.501,6.450477,0.328984,0.0,4.278816,12.937272,4.071357,0.176616,29.752605,10.180053
0.053333,1.701525,7.615163,5.935693,2.631496,7.822611,0.0,4.558205,1.383643,1.614853,2.515941,13.918829
2.506325,4.979195,42.386005,11.658624,4.732645,6.347944,1.827675,0.0,24.731091,20.385664,19.536976,64.100259
1.965293,11.992541,12.620131,21.605749,4.092589,5.464416,4.376387,58.581973,0.0,0.449405,14.208736,41.232496
0.0,0.0,0.026667,0.903568,0.026667,0.240619,0.0,37.398608,0.142251,0.0,42.795259,0.107019
0.12228,4.997797,50.259048,1.380507,0.889213,3.231176,1.703549,12.156216,6.358923,2.745381,0.0,3.606752
0.098992,44.242213,36.505467,32.771544,13.1136,23.150587,6.927995,72.324541,118.998275,0.875771,25.537336,0.0
