1758.891172
0.094987,1,2
0.036744,1,3
1.625003,1,5
0.026667,1,6
0.094131,1,8
1.928355,1,9
0.378709,1,10
0.294595,1,12
0.306672,2,1
3.153155,2,3
4.306091,2,4
30.242856,2,5
15.279656,2,6
0.285237,2,7
13.600539,2,8
5.397339,2,9
0.053333,2,10
2.436637,2,11
28.225888,2,12
0.026667,3,1
8.131216,3,2
9.188733,3,4
4.625637,3,5
36.182379,3,6
9.774344,3,7
34.100765,3,8
4.895107,3,9
3.913464,3,10
4.654216,3,11
9.804141,3,12
0.2328,4,1
2.634923,4,2
29.828171,4,3
18.774445,4,5
26.633355,4,6
14.147925,4,7
7.34984,4,8
13.737437,4,9
20.390045,4,10
9.613771,4,11
33.732267,4,12
0.680629,5,1
5.844947,5,2
18.842536,5,3
0.713347,5,4
0.909472,5,6
0.773491,5,7
1.676459,5,8
1.291275,5,9
0.287973,5,10
3.585925,5,11
3.409323,5,12
0.097856,6,1
23.667995,6,2
35.625461,6,3
5.943523,6,4
23.471693,6,5
9.287589,6,7
4.735611,6,8
7.803155,6,9
0.061867,6,10
9.673901,6,11
24.165256,6,12
1.323611,7,2
11.401861,7,3
8.583851,7,4
4.056893,7,5
16.902203,7,6
2.684973,7,8
8.438088,7,9
1.614475,7,10
2.394749,7,11
7.737016,7,12
0.258779,8,1
8.746187,8,2
46.35148,8,3
6.514816,8,4
24.599992,8,5
8.303531,8,6
3.124269,8,7
51.945101,8,9
26.939184,8,10
19.121659,8,11
55.477952,8,12
0.270827,9,1
8.921712,9,2
14.835667,9,3
21.423952,9,4
8.911,9,5
13.632227,9,6
3.436731,9,7
47.530597,9,8
1.940083,9,10
18.915544,9,11
49.491555,9,12
0.026667,10,3
3.502795,10,4
0.225133,10,6
30.857752,10,8
0.260811,10,9
28.226939,10,11
0.08,10,12
6.800099,11,2
32.232189,11,3
2.507069,11,4
3.644475,11,5
6.104003,11,6
1.626355,11,7
7.719261,11,8
7.971867,11,9
3.733349,11,10
15.069224,11,12
0.149104,12,1
95.529176,12,2
38.918696,12,3
35.657096,12,4
21.885168,12,5
63.701477,12,6
18.774771,12,7
39.511373,12,8
167.454728,12,9
0.748237,12,10
27.455267,12,11
succeed
0.0,0.094987,0.036744,0.0,1.625003,0.026667,0.0,0.094131,1.928355,0.378709,0.0,0.294595
0.306672,0.0,3.153155,4.306091,30.242856,15.279656,0.285237,13.600539,5.397339,0.053333,2.436637,28.225888
0.026667,8.131216,0.0,9.188733,4.625637,36.182379,9.774344,34.100765,4.895107,3.913464,4.654216,9.804141
0.2328,2.634923,29.828171,0.0,18.774445,26.633355,14.147925,7.34984,13.737437,20.390045,9.613771,33.732267
0.680629,5.844947,18.842536,0.713347,0.0,0.909472,0.773491,1.676459,1.291275,0.287973,3.585925,3.409323
0.097856,23.667995,35.625461,5.943523,23.471693,0.0,9.287589,4.735611,7.803155,0.061867,9.673901,24.165256
0.0,1.323611,11.401861,8.583851,4.056893,16.902203,0.0,2.684973,8.438088,1.614475,2.394749,7.737016
0.258779,8.746187,46.35148,6.514816,24.599992,8.303531,3.124269,0.0,51.945101,26.939184,19.121659,55.477952
0.270827,8.921712,14.835667,21.423952,8.911,13.632227,3.436731,47.530597,0.0,1.940083,18.915544,49.491555
0.0,0.0,0.026667,3.502795,0.0,0.225133,0.0,30.857752,0.260811,0.0,28.226939,0.08
0.0,6.800099,32.232189,2.507069,3.644475,6.104003,1.626355,7.719261,7.971867,3.733349,0.0,15.069224
0.149104,95.529176,38.918696,35.657096,21.885168,63.701477,18.774771,39.511373,167.454728,0.748237,27.455267,0.0
