1927.265177
0.053333,1,2
0.026667,1,3
0.026667,1,5
0.207677,1,7
0.061763,1,12
6.391893,2,3
2.839461,2,4
1.319795,2,5
8.817648,2,6
2.654208,2,7
15.007261,2,8
14.882341,2,9
0.304579,2,10
3.929296,2,11
41.218072,2,12
0.253613,3,1
10.031104,3,2
13.006928,3,4
1.972997,3,5
23.726565,3,6
1.851867,3,7
40.838928,3,8
3.187427,3,9
0.184173,3,10
4.374672,3,11
9.387459,3,12
0.026667,4,1
1.740096,4,2
29.030072,4,3
16.730779,4,5
21.163221,4,6
18.254029,4,7
13.200968,4,8
11.768976,4,9
9.133392,4,10
7.125565,4,11
29.441331,4,12
0.182176,5,1
5.969219,5,2
14.714267,5,3
0.813483,5,4
0.652688,5,6
0.988227,5,7
12.14152,5,8
1.90428,5,9
0.096288,5,10
0.742955,5,11
11.449661,5,12
0.090624,6,1
10.380997,6,2
29.054619,6,3
4.060872,6,4
2.834403,6,5
2.801408,6,7
31.810109,6,8
25.639717,6,9
0.147883,6,10
5.582416,6,11
11.617157,6,12
1.085867,7,1
4.943781,7,2
13.023715,7,3
9.194229,7,4
14.551384,7,5
15.882235,7,6
6.060637,7,8
1.907605,7,9
0.046592,7,10
1.153845,7,11
8.837027,7,12
0.347837,8,1
32.108085,8,2
84.069501,8,3
27.678392,8,4
4.662261,8,5
17.291928,8,6
5.062061,8,7
46.120933,8,9
6.555405,8,10
22.164531,8,11
154.119059,8,12
0.05492,9,1
25.358808,9,2
25.117885,9,3
28.920859,9,4
9.576995,9,5
21.250067,9,6
6.38068,9,7
69.896797,9,8
3.896896,9,10
20.239131,9,11
57.987931,9,12
0.053333,10,2
0.992405,10,4
0.05744,10,5
0.283531,10,6
0.053333,10,7
24.485837,10,8
8.822848,10,9
24.240512,10,11
0.264256,10,12
9.070544,11,2
11.772589,11,3
2.169475,11,4
1.712717,11,5
5.967699,11,6
1.481672,11,7
22.980157,11,8
5.344003,11,9
9.181811,11,10
4.109933,11,12
0.226696,12,1
108.989208,12,2
46.122027,12,3
60.201653,12,4
26.257715,12,5
28.098019,12,6
8.825379,12,7
112.408149,12,8
82.876069,12,9
8.600776,12,10
28.221053,12,11
succeed
0.0,0.053333,0.026667,0.0,0.026667,0.0,0.207677,0.0,0.0,0.0,0.0,0.061763
0.0,0.0,6.391893,2.839461,1.319795,8.817648,2.654208,15.007261,14.882341,0.304579,3.929296,41.218072
0.253613,10.031104,0.0,13.006928,1.972997,23.726565,1.851867,40.838928,3.187427,0.184173,4.374672,9.387459
0.026667,1.740096,29.030072,0.0,16.730779,21.163221,18.254029,13.200968,11.768976,9.133392,7.125565,29.441331
0.182176,5.969219,14.714267,0.813483,0.0,0.652688,0.988227,12.14152,1.90428,0.096288,0.742955,11.449661
0.090624,10.380997,29.054619,4.060872,2.834403,0.0,2.801408,31.810109,25.639717,0.147883,5.582416,11.617157
1.085867,4.943781,13.023715,9.194229,14.551384,15.882235,0.0,6.060637,1.907605,0.046592,1.153845,8.837027
0.347837,32.108085,84.069501,27.678392,4.662261,17.291928,5.062061,0.0,46.120933,6.555405,22.164531,154.119059
0.05492,25.358808,25.117885,28.920859,9.576995,21.250067,6.38068,69.896797,0.0,3.896896,20.239131,57.987931
0.0,0.053333,0.0,0.992405,0.05744,0.283531,0.053333,24.485837,8.822848,0.0,24.240512,0.264256
0.0,9.070544,11.772589,2.169475,1.712717,5.967699,1.481672,22.980157,5.344003,9.181811,0.0,4.109933
0.226696,108.989208,46.122027,60.201653,26.257715,28.098019,8.825379,112.408149,82.876069,8.600776,28.221053,0.0
