2374.2890310000003
0.173856,1,2
0.899939,1,3
0.055851,1,4
0.053333,1,5
1.556669,1,6
0.026667,1,7
0.110973,1,8
0.133333,1,9
0.053333,1,11
0.526752,1,12
0.225739,2,1
13.375227,2,3
2.875968,2,4
1.73564,2,5
13.571325,2,6
2.050256,2,7
16.221235,2,8
8.393872,2,9
0.518739,2,10
5.187419,2,11
32.690701,2,12
1.074795,3,1
14.7322,3,2
15.2608,3,4
45.853016,3,5
40.058128,3,6
14.151581,3,7
39.982008,3,8
18.820848,3,9
1.689768,3,10
11.677381,3,11
21.870616,3,12
0.179517,4,1
4.742083,4,2
68.730101,4,3
10.655277,4,5
28.685435,4,6
17.577344,4,7
4.068139,4,8
16.884979,4,9
13.685128,4,10
9.426451,4,11
42.640592,4,12
0.708317,5,1
0.796923,5,2
27.573931,5,3
1.762499,5,4
1.769904,5,6
1.485635,5,7
3.269301,5,8
2.666875,5,9
0.848133,5,10
2.589203,5,11
6.396165,5,12
0.740232,6,1
17.389579,6,2
80.017867,6,3
17.915589,6,4
2.278315,6,5
11.083912,6,7
19.482816,6,8
51.858912,6,9
1.402411,6,10
7.963997,6,11
22.743579,6,12
0.026667,7,1
2.421747,7,2
24.556592,7,3
15.99308,7,4
3.027128,7,5
17.985771,7,6
6.601424,7,8
3.411888,7,9
1.196283,7,10
1.452755,7,11
9.990069,7,12
2.447547,8,1
22.019635,8,2
78.597696,8,3
5.127219,8,4
4.376341,8,5
22.837968,8,6
8.101773,8,7
61.400213,8,9
7.009597,8,10
15.312587,8,11
123.224568,8,12
1.901435,9,1
34.140864,9,2
50.041349,9,3
37.278248,9,4
8.506813,9,5
40.782291,9,6
12.94872,9,7
49.140509,9,8
1.457784,9,10
23.567843,9,11
114.560243,9,12
0.195083,10,2
1.339437,10,3
13.775008,10,4
0.104621,10,5
0.332749,10,6
34.847472,10,8
0.614072,10,9
54.412987,10,11
0.074112,10,12
0.106667,11,1
7.38876,11,2
14.453925,11,3
1.622981,11,4
6.544323,11,5
4.546184,11,6
4.122,11,7
11.608709,11,8
6.968837,11,9
3.571453,11,10
5.084973,11,12
1.399493,12,1
91.284024,12,2
70.166885,12,3
49.607232,12,4
24.067133,12,5
44.883056,12,6
12.907893,12,7
98.464499,12,8
139.527243,12,9
5.655611,12,10
27.539853,12,11
succeed
0.0,0.173856,0.899939,0.055851,0.053333,1.556669,0.026667,0.110973,0.133333,0.0,0.053333,0.526752
0.225739,0.0,13.375227,2.875968,1.73564,13.571325,2.050256,16.221235,8.393872,0.518739,5.187419,32.690701
1.074795,14.7322,0.0,15.2608,45.853016,40.058128,14.151581,39.982008,18.820848,1.689768,11.677381,21.870616
0.179517,4.742083,68.730101,0.0,10.655277,28.685435,17.577344,4.068139,16.884979,13.685128,9.426451,42.640592
0.708317,0.796923,27.573931,1.762499,0.0,1.769904,1.485635,3.269301,2.666875,0.848133,2.589203,6.396165
0.740232,17.389579,80.017867,17.915589,2.278315,0.0,11.083912,19.482816,51.858912,1.402411,7.963997,22.743579
0.026667,2.421747,24.556592,15.99308,3.027128,17.985771,0.0,6.601424,3.411888,1.196283,1.452755,9.990069
2.447547,22.019635,78.597696,5.127219,4.376341,22.837968,8.101773,0.0,61.400213,7.009597,15.312587,123.224568
1.901435,34.140864,50.041349,37.278248,8.506813,40.782291,12.94872,49.140509,0.0,1.457784,23.567843,114.560243
0.0,0.195083,1.339437,13.775008,0.104621,0.332749,0.0,34.847472,0.614072,0.0,54.412987,0.074112
0.106667,7.38876,14.453925,1.622981,6.544323,4.546184,4.122,11.608709,6.968837,3.571453,0.0,5.084973
1.399493,91.284024,70.166885,49.607232,24.067133,44.883056,12.907893,98.464499,139.527243,5.655611,27.539853,0.0
