2842.15553
0.08,1,2
0.216888,1,3
0.094712,1,4
0.08,1,6
1.228701,1,7
0.822028,1,8
0.106667,1,9
0.239009,1,10
0.031152,1,11
0.168984,1,12
0.18444,2,1
15.964067,2,3
6.661576,2,4
36.996579,2,5
12.156376,2,6
7.401851,2,7
17.670293,2,8
9.906139,2,9
0.2046,2,10
9.79064,2,11
37.688043,2,12
0.16256,3,1
32.573341,3,2
20.384941,3,4
5.798949,3,5
22.116168,3,6
7.435835,3,7
87.032091,3,8
23.946443,3,9
4.534371,3,10
10.986379,3,11
34.423296,3,12
0.11392,4,1
6.606523,4,2
49.829885,4,3
13.293771,4,5
27.787427,4,6
13.872733,4,7
21.03668,4,8
17.303741,4,9
14.419195,4,10
12.89772,4,11
37.629587,4,12
0.149963,5,1
6.012568,5,2
8.050504,5,3
1.979675,5,4
2.33072,5,6
1.877117,5,7
16.954181,5,8
3.872472,5,9
0.026667,5,10
4.129328,5,11
14.248731,5,12
0.041899,6,1
36.448176,6,2
65.125331,6,3
12.855416,6,4
9.734115,6,5
11.276603,6,7
60.688037,6,8
32.575787,6,9
1.985357,6,10
11.991467,6,11
21.162648,6,12
1.453099,7,1
3.148653,7,2
22.853851,7,3
17.056411,7,4
6.0022,7,5
11.881235,7,6
11.457507,7,8
2.492443,7,9
0.551827,7,10
4.381896,7,11
16.744069,7,12
0.613843,8,1
29.699469,8,2
110.257213,8,3
13.375269,8,4
40.205555,8,5
52.027384,8,6
10.356755,8,7
59.812989,8,9
21.094907,8,10
40.52176,8,11
90.552216,8,12
0.670283,9,1
44.45212,9,2
48.120995,9,3
39.219149,9,4
11.722544,9,5
26.368003,9,6
20.801856,9,7
105.427365,9,8
6.431637,9,10
30.99952,9,11
94.873896,9,12
0.492771,10,1
7.200941,10,2
0.550965,10,3
13.216597,10,4
0.08,10,5
9.973509,10,6
0.026667,10,7
43.860992,10,8
4.19148,10,9
28.545829,10,11
0.781632,10,12
0.089387,11,1
14.834499,11,2
16.948885,11,3
5.624667,11,4
7.340744,11,5
16.408653,11,6
7.430683,11,7
46.291779,11,8
14.320147,11,9
7.259088,11,10
12.340365,11,12
0.692029,12,1
105.008165,12,2
67.478789,12,3
66.092147,12,4
13.171147,12,5
22.212123,12,6
8.74584,12,7
150.377421,12,8
158.561933,12,9
7.519077,12,10
43.463597,12,11
succeed
0.0,0.08,0.216888,0.094712,0.0,0.08,1.228701,0.822028,0.106667,0.239009,0.031152,0.168984
0.18444,0.0,15.964067,6.661576,36.996579,12.156376,7.401851,17.670293,9.906139,0.2046,9.79064,37.688043
0.16256,32.573341,0.0,20.384941,5.798949,22.116168,7.435835,87.032091,23.946443,4.534371,10.986379,34.423296
0.11392,6.606523,49.829885,0.0,13.293771,27.787427,13.872733,21.03668,17.303741,14.419195,12.89772,37.629587
0.149963,6.012568,8.050504,1.979675,0.0,2.33072,1.877117,16.954181,3.872472,0.026667,4.129328,14.248731
0.041899,36.448176,65.125331,12.855416,9.734115,0.0,11.276603,60.688037,32.575787,1.985357,11.991467,21.162648
1.453099,3.148653,22.853851,17.056411,6.0022,11.881235,0.0,11.457507,2.492443,0.551827,4.381896,16.744069
0.613843,29.699469,110.257213,13.375269,40.205555,52.027384,10.356755,0.0,59.812989,21.094907,40.52176,90.552216
0.670283,44.45212,48.120995,39.219149,11.722544,26.368003,20.801856,105.427365,0.0,6.431637,30.99952,94.873896
0.492771,7.200941,0.550965,13.216597,0.08,9.973509,0.026667,43.860992,4.19148,0.0,28.545829,0.781632
0.089387,14.834499,16.948885,5.624667,7.340744,16.408653,7.430683,46.291779,14.320147,7.259088,0.0,12.340365
0.692029,105.008165,67.478789,66.092147,13.171147,22.212123,8.74584,150.377421,158.561933,7.519077,43.463597,0.0
