2323.794968
1.422968,1,2
1.193728,1,3
0.059893,1,4
0.583717,1,5
0.900837,1,6
0.469565,1,7
1.503843,1,8
0.686843,1,9
0.244133,1,10
2.018477,1,11
3.218539,1,12
0.773771,2,1
10.627357,2,3
4.54524,2,4
22.052448,2,5
22.473592,2,6
5.536237,2,7
11.909648,2,8
8.71752,2,9
0.823568,2,10
22.405979,2,11
35.670829,2,12
1.309845,3,1
15.001899,3,2
20.057904,3,4
15.506736,3,5
64.827245,3,6
14.692357,3,7
35.403915,3,8
13.180461,3,9
3.293339,3,10
35.269475,3,11
32.370595,3,12
0.175595,4,1
4.657469,4,2
39.547579,4,3
6.321963,4,5
17.220944,4,6
15.734525,4,7
13.462003,4,8
4.781739,4,9
22.635288,4,10
28.712781,4,11
25.362221,4,12
4.061229,5,1
20.424336,5,2
8.376285,5,3
1.193888,5,4
3.87296,5,6
4.402816,5,7
2.929429,5,8
2.014368,5,9
0.04,5,10
16.060669,5,11
9.458984,5,12
0.214027,6,1
13.613301,6,2
50.763773,6,3
7.36028,6,4
6.199085,6,5
6.062952,6,7
7.596179,6,8
8.762133,6,9
1.560499,6,10
27.825411,6,11
19.848315,6,12
0.100949,7,1
5.745461,7,2
20.267781,7,3
10.613077,7,4
2.863752,7,5
13.460565,7,6
4.078501,7,8
2.861741,7,9
2.748304,7,10
16.280299,7,11
20.34516,7,12
0.858469,8,1
16.405323,8,2
55.177136,8,3
27.974035,8,4
5.484712,8,5
24.057205,8,6
7.308789,8,7
51.699451,8,9
20.534891,8,10
64.78856,8,11
48.656811,8,12
1.213187,9,1
17.396965,9,2
22.826909,9,3
13.541248,9,4
8.006392,9,5
26.22152,9,6
14.597885,9,7
49.900032,9,8
4.438917,9,10
24.594576,9,11
73.605587,9,12
0.176555,10,2
0.104107,10,3
5.787869,10,4
0.325397,10,5
0.519272,10,6
10.31452,10,8
0.038587,10,9
27.733805,10,11
0.057877,10,12
1.48692,11,1
29.632829,11,2
48.313349,11,3
11.441525,11,4
10.738048,11,5
33.268792,11,6
28.071733,11,7
12.123227,11,8
11.202328,11,9
2.775725,11,10
45.414064,11,12
6.20604,12,1
116.806789,12,2
105.500533,12,3
49.928157,12,4
28.696035,12,5
35.971664,12,6
15.550995,12,7
49.587248,12,8
89.956792,12,9
2.532475,12,10
54.871992,12,11
succeed
0.0,1.422968,1.193728,0.059893,0.583717,0.900837,0.469565,1.503843,0.686843,0.244133,2.018477,3.218539
0.773771,0.0,10.627357,4.54524,22.052448,22.473592,5.536237,11.909648,8.71752,0.823568,22.405979,35.670829
1.309845,15.001899,0.0,20.057904,15.506736,64.827245,14.692357,35.403915,13.180461,3.293339,35.269475,32.370595
0.175595,4.657469,39.547579,0.0,6.321963,17.220944,15.734525,13.462003,4.781739,22.635288,28.712781,25.362221
4.061229,20.424336,8.376285,1.193888,0.0,3.87296,4.402816,2.929429,2.014368,0.04,16.060669,9.458984
0.214027,13.613301,50.763773,7.36028,6.199085,0.0,6.062952,7.596179,8.762133,1.560499,27.825411,19.848315
0.100949,5.745461,20.267781,10.613077,2.863752,13.460565,0.0,4.078501,2.861741,2.748304,16.280299,20.34516
0.858469,16.405323,55.177136,27.974035,5.484712,24.057205,7.308789,0.0,51.699451,20.534891,64.78856,48.656811
1.213187,17.396965,22.826909,13.541248,8.006392,26.22152,14.597885,49.900032,0.0,4.438917,24.594576,73.605587
0.0,0.176555,0.104107,5.787869,0.325397,0.519272,0.0,10.31452,0.038587,0.0,27.733805,0.057877
1.48692,29.632829,48.313349,11.441525,10.738048,33.268792,28.071733,12.123227,11.202328,2.775725,0.0,45.414064
6.20604,116.806789,105.500533,49.928157,28.696035,35.971664,15.550995,49.587248,89.956792,2.532475,54.871992,0.0
