6009.446591
0.026667,1,2
1.600664,1,3
0.653293,1,5
0.316608,1,6
0.370448,1,7
5.484907,1,9
0.026667,1,11
0.892261,1,12
20.67404,2,3
0.170912,2,4
52.658875,2,5
21.608203,2,6
5.542619,2,7
0.053333,2,8
30.255659,2,9
0.053333,2,10
0.257981,2,11
30.476589,2,12
28.275408,3,2
15.347755,3,4
141.595659,3,5
59.115685,3,6
29.116989,3,7
3036.748,3,8
41.314595,3,9
0.028,3,10
0.837771,3,11
41.038861,3,12
5.493107,4,2
54.34832,4,3
39.6438,4,5
32.137056,4,6
19.726928,4,7
0.342549,4,8
17.317459,4,9
7.664317,4,10
0.261032,4,11
38.821949,4,12
28.675565,5,2
0.309403,5,3
0.026667,5,4
0.120219,5,6
0.026667,5,8
5.931328,5,9
0.053333,5,11
81.157083,5,12
24.408197,6,2
102.967315,6,3
10.360696,6,4
68.309147,6,5
18.995331,6,7
70.460507,6,9
0.194109,6,10
1.953229,6,11
32.604315,6,12
4.571752,7,2
21.252648,7,3
8.600245,7,4
15.398005,7,5
15.174984,7,6
0.026667,7,8
6.969408,7,9
1.190651,7,11
13.874664,7,12
21.831072,8,2
17.024336,8,3
29.549408,8,4
151.326693,8,5
0.83952,8,6
0.326989,8,7
68.502765,8,9
9.299792,8,10
22.398333,8,11
72.86932,8,12
37.701051,9,2
58.578776,9,3
36.438088,9,4
151.287536,9,5
52.022923,9,6
14.241861,9,7
0.514155,9,8
0.026667,9,10
3.477163,9,11
94.802813,9,12
0.863472,10,2
0.275083,10,3
7.252885,10,4
8.845437,10,5
0.044181,10,6
0.255664,10,7
35.599285,10,8
10.363091,10,9
44.148411,10,11
0.323859,10,12
9.824539,11,2
2.909216,11,3
4.098224,11,4
38.895891,11,5
0.434989,11,6
9.834416,11,7
19.897853,11,8
15.319101,11,9
6.597016,11,10
14.532968,11,12
124.723499,12,2
69.24356,12,3
3.340752,12,4
218.156888,12,5
43.728845,12,6
23.05844,12,7
0.170704,12,8
134.089768,12,9
0.15088,12,10
5.497979,12,11
succeed
0.0,0.026667,1.600664,0.0,0.653293,0.316608,0.370448,0.0,5.484907,0.0,0.026667,0.892261
0.0,0.0,20.67404,0.170912,52.658875,21.608203,5.542619,0.053333,30.255659,0.053333,0.257981,30.476589
0.0,28.275408,0.0,15.347755,141.595659,59.115685,29.116989,3036.748,41.314595,0.028,0.837771,41.038861
0.0,5.493107,54.34832,0.0,39.6438,32.137056,19.726928,0.342549,17.317459,7.664317,0.261032,38.821949
0.0,28.675565,0.309403,0.026667,0.0,0.120219,0.0,0.026667,5.931328,0.0,0.053333,81.157083
0.0,24.408197,102.967315,10.360696,68.309147,0.0,18.995331,0.0,70.460507,0.194109,1.953229,32.604315
0.0,4.571752,21.252648,8.600245,15.398005,15.174984,0.0,0.026667,6.969408,0.0,1.190651,13.874664
0.0,21.831072,17.024336,29.549408,151.326693,0.83952,0.326989,0.0,68.502765,9.299792,22.398333,72.86932
0.0,37.701051,58.578776,36.438088,151.287536,52.022923,14.241861,0.514155,0.0,0.026667,3.477163,94.802813
0.0,0.863472,0.275083,7.252885,8.845437,0.044181,0.255664,35.599285,10.363091,0.0,44.148411,0.323859
0.0,9.824539,2.909216,4.098224,38.895891,0.434989,9.834416,19.897853,15.319101,6.597016,0.0,14.532968
0.0,124.723499,69.24356,3.340752,218.156888,43.728845,23.05844,0.170704,134.089768,0.15088,5.497979,0.0
