3964.477095
0.793165,1,2
4.52304,1,3
2.143203,1,4
0.341517,1,5
1.669701,1,6
1.034165,1,7
0.646451,1,8
0.659107,1,9
0.255563,1,10
0.200904,1,11
1.914125,1,12
4.070029,2,1
36.427376,2,3
29.687216,2,4
15.128203,2,5
32.467795,2,6
8.309509,2,7
24.605837,2,8
24.26572,2,9
2.673235,2,10
8.747027,2,11
82.009805,2,12
4.592416,3,1
16.295677,3,2
22.245275,3,4
21.180011,3,5
32.985453,3,6
6.872109,3,7
31.660301,3,8
11.032104,3,9
2.43496,3,10
15.133293,3,11
22.743147,3,12
1.156613,4,1
9.08604,4,2
59.198757,4,3
20.612195,4,5
36.513568,4,6
25.368557,4,7
20.643965,4,8
26.631933,4,9
24.381253,4,10
21.519376,4,11
67.052467,4,12
1.363997,5,1
6.376603,5,2
31.748045,5,3
6.786933,5,4
14.818696,5,6
8.27888,5,7
20.744955,5,8
10.129261,5,9
3.196515,5,10
3.395869,5,11
9.672539,5,12
2.226147,6,1
63.537613,6,2
147.8246,6,3
41.054968,6,4
12.934979,6,5
21.918864,6,7
49.169045,6,8
42.689629,6,9
5.956675,6,10
19.667051,6,11
62.110531,6,12
0.510693,7,1
4.977851,7,2
32.601059,7,3
16.302272,7,4
6.880995,7,5
20.018821,7,6
13.051357,7,8
11.388619,7,9
3.403581,7,10
6.432128,7,11
22.405387,7,12
1.434304,8,1
44.572579,8,2
137.853485,8,3
23.405299,8,4
16.618971,8,5
52.782251,8,6
30.018675,8,7
64.270416,8,9
17.519128,8,10
35.444616,8,11
76.632435,8,12
4.418893,9,1
86.396363,9,2
70.417541,9,3
63.928621,9,4
47.642317,9,5
86.782541,9,6
29.710448,9,7
92.085312,9,8
17.955451,9,10
44.131224,9,11
151.650192,9,12
1.216264,10,1
2.102176,10,2
5.846363,10,3
6.770739,10,4
1.786408,10,5
2.500168,10,6
1.328715,10,7
39.183632,10,8
4.827651,10,9
73.952056,10,11
2.990467,10,12
0.296061,11,1
14.172139,11,2
66.678389,11,3
13.480941,11,4
8.952765,11,5
38.624067,11,6
8.048984,11,7
40.195579,11,8
28.021379,11,9
11.685541,11,10
21.041555,11,12
4.16272,12,1
160.19912,12,2
90.337443,12,3
82.993432,12,4
25.216699,12,5
109.073283,12,6
39.013443,12,7
94.572157,12,8
212.059664,12,9
14.818696,12,10
37.170016,12,11
succeed
0.0,0.793165,4.52304,2.143203,0.341517,1.669701,1.034165,0.646451,0.659107,0.255563,0.200904,1.914125
4.070029,0.0,36.427376,29.687216,15.128203,32.467795,8.309509,24.605837,24.26572,2.673235,8.747027,82.009805
4.592416,16.295677,0.0,22.245275,21.180011,32.985453,6.872109,31.660301,11.032104,2.43496,15.133293,22.743147
1.156613,9.08604,59.198757,0.0,20.612195,36.513568,25.368557,20.643965,26.631933,24.381253,21.519376,67.052467
1.363997,6.376603,31.748045,6.786933,0.0,14.818696,8.27888,20.744955,10.129261,3.196515,3.395869,9.672539
2.226147,63.537613,147.8246,41.054968,12.934979,0.0,21.918864,49.169045,42.689629,5.956675,19.667051,62.110531
0.510693,4.977851,32.601059,16.302272,6.880995,20.018821,0.0,13.051357,11.388619,3.403581,6.432128,22.405387
1.434304,44.572579,137.853485,23.405299,16.618971,52.782251,30.018675,0.0,64.270416,17.519128,35.444616,76.632435
4.418893,86.396363,70.417541,63.928621,47.642317,86.782541,29.710448,92.085312,0.0,17.955451,44.131224,151.650192
1.216264,2.102176,5.846363,6.770739,1.786408,2.500168,1.328715,39.183632,4.827651,0.0,73.952056,2.990467
0.296061,14.172139,66.678389,13.480941,8.952765,38.624067,8.048984,40.195579,28.021379,11.685541,0.0,21.041555
4.16272,160.19912,90.337443,82.993432,25.216699,109.073283,39.013443,94.572157,212.059664,14.818696,37.170016,0.0
