1608.63316
0.116851,1,2
0.026667,1,3
1.061451,1,4
0.106635,1,8
0.026667,1,9
0.05,1,10
0.026667,1,11
0.486139,1,12
0.116523,2,1
8.317211,2,3
4.666715,2,4
0.846909,2,5
19.24512,2,6
0.440939,2,7
4.543924,2,8
2.113371,2,9
4.337583,2,10
1.847787,2,11
40.999192,2,12
0.531723,3,1
4.063227,3,2
2.221789,3,4
2.097936,3,5
9.51092,3,6
13.939563,3,7
7.067571,3,8
6.910197,3,9
21.257128,3,10
8.64428,3,11
11.729795,3,12
0.2368,4,1
3.224976,4,2
63.263653,4,3
17.407635,4,5
22.545357,4,6
16.909696,4,7
0.65668,4,8
14.521789,4,9
15.465144,4,10
3.678683,4,11
41.711288,4,12
0.172885,5,1
15.745011,5,2
8.593059,5,3
0.707864,5,4
0.672851,5,6
0.702581,5,7
0.908859,5,8
1.514152,5,9
0.026667,5,10
1.928576,5,11
1.261427,5,12
4.733787,6,2
42.470773,6,3
5.714125,6,4
0.728952,6,5
0.835904,6,7
9.646979,6,8
14.942269,6,9
12.274403,6,10
5.212661,6,11
5.924307,6,12
2.304229,7,2
17.684384,7,3
4.243832,7,4
2.162851,7,5
11.282088,7,6
2.194763,7,8
1.449181,7,9
7.060989,7,10
0.897205,7,11
6.044672,7,12
5.662227,8,2
83.926984,8,3
5.593003,8,4
1.154192,8,5
6.322413,8,6
1.035237,8,7
18.112624,8,9
19.627184,8,10
17.127365,8,11
68.958085,8,12
0.08,9,1
9.312549,9,2
29.942597,9,3
24.670053,9,4
2.067536,9,5
8.240568,9,6
4.096029,9,7
7.337845,9,8
45.933099,9,10
20.169952,9,11
25.082517,9,12
0.142728,10,2
0.149333,10,3
1.6826,10,4
0.026667,10,5
0.332976,10,6
0.026667,10,7
0.566285,10,8
0.08,10,9
27.413525,10,11
0.109509,10,12
0.053333,11,1
6.079725,11,2
26.093163,11,3
3.773573,11,4
0.998683,11,5
5.257376,11,6
0.628179,11,7
2.037261,11,8
10.473213,11,9
76.294413,11,10
9.387144,11,12
0.08,12,1
99.453928,12,2
59.323387,12,3
34.411155,12,4
13.609331,12,5
14.467885,12,6
28.15736,12,7
73.414299,12,8
98.637736,12,9
25.261112,12,10
18.744088,12,11
succeed
0.0,0.116851,0.026667,1.061451,0.0,0.0,0.0,0.106635,0.026667,0.05,0.026667,0.486139
0.116523,0.0,8.317211,4.666715,0.846909,19.24512,0.440939,4.543924,2.113371,4.337583,1.847787,40.999192
0.531723,4.063227,0.0,2.221789,2.097936,9.51092,13.939563,7.067571,6.910197,21.257128,8.64428,11.729795
0.2368,3.224976,63.263653,0.0,17.407635,22.545357,16.909696,0.65668,14.521789,15.465144,3.678683,41.711288
0.172885,15.745011,8.593059,0.707864,0.0,0.672851,0.702581,0.908859,1.514152,0.026667,1.928576,1.261427
0.0,4.733787,42.470773,5.714125,0.728952,0.0,0.835904,9.646979,14.942269,12.274403,5.212661,5.924307
0.0,2.304229,17.684384,4.243832,2.162851,11.282088,0.0,2.194763,1.449181,7.060989,0.897205,6.044672
0.0,5.662227,83.926984,5.593003,1.154192,6.322413,1.035237,0.0,18.112624,19.627184,17.127365,68.958085
0.08,9.312549,29.942597,24.670053,2.067536,8.240568,4.096029,7.337845,0.0,45.933099,20.169952,25.082517
0.0,0.142728,0.149333,1.6826,0.026667,0.332976,0.026667,0.566285,0.08,0.0,27.413525,0.109509
0.053333,6.079725,26.093163,3.773573,0.998683,5.257376,0.628179,2.037261,10.473213,76.294413,0.0,9.387144
0.08,99.453928,59.323387,34.411155,13.609331,14.467885,28.15736,73.414299,98.637736,25.261112,18.744088,0.0
