2889.611336
1.040643,1,2
0.106667,1,3
0.026667,1,4
0.056952,1,5
0.026667,1,6
0.152624,1,7
0.274333,1,8
0.365771,1,9
0.053333,1,11
0.481184,1,12
1.040888,2,1
9.669221,2,3
5.097888,2,4
11.515035,2,5
13.619488,2,6
3.700552,2,7
15.133305,2,8
7.757315,2,9
0.464524,2,10
4.592339,2,11
30.137605,2,12
0.344245,3,1
17.699243,3,2
19.059928,3,4
52.999816,3,5
54.537773,3,6
14.406981,3,7
54.540048,3,8
16.345531,3,9
5.969653,3,10
13.623117,3,11
21.802045,3,12
0.123125,4,1
6.743309,4,2
62.72892,4,3
17.44492,4,5
25.968115,4,6
27.205243,4,7
47.085117,4,8
15.842392,4,9
17.174179,4,10
30.651005,4,11
41.997419,4,12
2.131672,5,1
4.426203,5,2
16.698827,5,3
2.101416,5,4
4.833899,5,6
2.952347,5,7
3.8206,5,8
3.114589,5,9
7.173005,5,10
2.15136,5,11
15.026936,5,12
0.053333,6,1
15.360891,6,2
106.810347,6,3
13.334613,6,4
4.217773,6,5
5.190845,6,7
20.367669,6,8
25.994707,6,9
2.858699,6,10
18.744379,6,11
26.314936,6,12
0.220744,7,1
3.423195,7,2
15.679707,7,3
6.409693,7,4
6.366216,7,5
15.866107,7,6
9.876864,7,8
4.493608,7,9
3.057731,7,10
3.952456,7,11
8.205272,7,12
0.210187,8,1
29.079661,8,2
76.45672,8,3
97.593845,8,4
9.470464,8,5
20.063139,8,6
5.673515,8,7
39.727563,8,9
31.548371,8,10
36.877109,8,11
88.280037,8,12
0.631296,9,1
37.18836,9,2
30.218341,9,3
41.803291,9,4
5.378107,9,5
26.716685,9,6
14.999403,9,7
62.168645,9,8
7.305309,9,10
18.390077,9,11
58.581904,9,12
0.424427,10,3
5.417805,10,4
0.092637,10,5
0.360203,10,6
0.026667,10,7
36.156763,10,8
0.219851,10,9
31.773813,10,11
0.028853,10,12
0.13064,11,1
9.764517,11,2
21.179747,11,3
16.512424,11,4
3.478048,11,5
6.961379,11,6
5.241371,11,7
23.270907,11,8
10.883272,11,9
4.759293,11,10
12.615944,11,12
6.624693,12,1
192.03836,12,2
118.478672,12,3
64.967536,12,4
33.707555,12,5
89.780963,12,6
20.473971,12,7
152.773965,12,8
186.880627,12,9
7.507763,12,10
37.880877,12,11
succeed
0.0,1.040643,0.106667,0.026667,0.056952,0.026667,0.152624,0.274333,0.365771,0.0,0.053333,0.481184
1.040888,0.0,9.669221,5.097888,11.515035,13.619488,3.700552,15.133305,7.757315,0.464524,4.592339,30.137605
0.344245,17.699243,0.0,19.059928,52.999816,54.537773,14.406981,54.540048,16.345531,5.969653,13.623117,21.802045
0.123125,6.743309,62.72892,0.0,17.44492,25.968115,27.205243,47.085117,15.842392,17.174179,30.651005,41.997419
2.131672,4.426203,16.698827,2.101416,0.0,4.833899,2.952347,3.8206,3.114589,7.173005,2.15136,15.026936
0.053333,15.360891,106.810347,13.334613,4.217773,0.0,5.190845,20.367669,25.994707,2.858699,18.744379,26.314936
0.220744,3.423195,15.679707,6.409693,6.366216,15.866107,0.0,9.876864,4.493608,3.057731,3.952456,8.205272
0.210187,29.079661,76.45672,97.593845,9.470464,20.063139,5.673515,0.0,39.727563,31.548371,36.877109,88.280037
0.631296,37.18836,30.218341,41.803291,5.378107,26.716685,14.999403,62.168645,0.0,7.305309,18.390077,58.581904
0.0,0.0,0.424427,5.417805,0.092637,0.360203,0.026667,36.156763,0.219851,0.0,31.773813,0.028853
0.13064,9.764517,21.179747,16.512424,3.478048,6.961379,5.241371,23.270907,10.883272,4.759293,0.0,12.615944
6.624693,192.03836,118.478672,64.967536,33.707555,89.780963,20.473971,152.773965,186.880627,7.507763,37.880877,0.0
