2585.057071
1.934453,1,2
0.404197,1,3
0.246509,1,5
0.213723,1,6
0.027787,1,7
0.026667,1,8
0.026667,1,9
0.026667,1,11
1.322133,1,12
0.372496,2,1
12.038515,2,3
10.504632,2,4
20.095715,2,5
12.043819,2,6
4.305592,2,7
14.316544,2,8
8.386115,2,9
0.598781,2,10
2.135549,2,11
37.590389,2,12
1.093715,3,1
29.947704,3,2
39.240237,3,4
7.651933,3,5
61.67428,3,6
21.577824,3,7
31.685872,3,8
13.958085,3,9
1.754989,3,10
7.744789,3,11
33.305661,3,12
0.09824,4,1
14.159725,4,2
66.257595,4,3
26.682043,4,5
29.732272,4,6
23.700432,4,7
12.686512,4,8
22.599656,4,9
28.126565,4,10
9.997467,4,11
40.921256,4,12
4.974389,5,1
8.350035,5,2
13.059736,5,3
2.743053,5,4
1.404701,5,6
2.313693,5,7
2.537984,5,8
3.526917,5,9
0.382304,5,10
1.668547,5,11
5.110339,5,12
0.230504,6,1
26.772672,6,2
59.590352,6,3
8.527563,6,4
24.005024,6,5
4.44188,6,7
7.439883,6,8
26.292293,6,9
1.347021,6,10
12.010867,6,11
17.547275,6,12
0.3086,7,1
6.390659,7,2
47.802371,7,3
9.756989,7,4
5.631267,7,5
28.247536,7,6
4.215701,7,8
2.313645,7,9
2.159613,7,10
7.680971,7,11
25.800285,7,12
0.527875,8,1
14.101789,8,2
104.486149,8,3
8.503635,8,4
9.722043,8,5
31.250896,8,6
10.762381,8,7
37.084005,8,9
27.798173,8,10
22.387363,8,11
38.730019,8,12
2.213051,9,1
44.942541,9,2
36.4314,9,3
24.086515,9,4
9.522245,9,5
33.045536,9,6
9.721453,9,7
58.433075,9,8
1.056419,9,10
15.597464,9,11
151.832768,9,12
0.083861,10,2
0.318411,10,3
1.544299,10,4
0.075104,10,5
0.363365,10,6
0.026667,10,7
31.185005,10,8
0.355477,10,9
26.846072,10,11
1.342405,10,12
2.306389,11,1
13.434104,11,2
54.520725,11,3
2.753749,11,4
2.277779,11,5
14.546773,11,6
1.941744,11,7
11.997272,11,8
13.740403,11,9
3.845053,11,10
22.050779,11,12
22.655059,12,1
122.887123,12,2
87.536843,12,3
55.175339,12,4
19.809597,12,5
64.661165,12,6
25.217733,12,7
50.669163,12,8
167.234272,12,9
5.078267,12,10
40.541808,12,11
succeed
0.0,1.934453,0.404197,0.0,0.246509,0.213723,0.027787,0.026667,0.026667,0.0,0.026667,1.322133
0.372496,0.0,12.038515,10.504632,20.095715,12.043819,4.305592,14.316544,8.386115,0.598781,2.135549,37.590389
1.093715,29.947704,0.0,39.240237,7.651933,61.67428,21.577824,31.685872,13.958085,1.754989,7.744789,33.305661
0.09824,14.159725,66.257595,0.0,26.682043,29.732272,23.700432,12.686512,22.599656,28.126565,9.997467,40.921256
4.974389,8.350035,13.059736,2.743053,0.0,1.404701,2.313693,2.537984,3.526917,0.382304,1.668547,5.110339
0.230504,26.772672,59.590352,8.527563,24.005024,0.0,4.44188,7.439883,26.292293,1.347021,12.010867,17.547275
0.3086,6.390659,47.802371,9.756989,5.631267,28.247536,0.0,4.215701,2.313645,2.159613,7.680971,25.800285
0.527875,14.101789,104.486149,8.503635,9.722043,31.250896,10.762381,0.0,37.084005,27.798173,22.387363,38.730019
2.213051,44.942541,36.4314,24.086515,9.522245,33.045536,9.721453,58.433075,0.0,1.056419,15.597464,151.832768
0.0,0.083861,0.318411,1.544299,0.075104,0.363365,0.026667,31.185005,0.355477,0.0,26.846072,1.342405
2.306389,13.434104,54.520725,2.753749,2.277779,14.546773,1.941744,11.997272,13.740403,3.845053,0.0,22.050779
22.655059,122.887123,87.536843,55.175339,19.809597,64.661165,25.217733,50.669163,167.234272,5.078267,40.541808,0.0
