2118.2231779999997
0.198987,1,2
0.914429,1,3
0.480056,1,5
0.087104,1,6
0.049555,1,7
1.089963,1,12
15.786827,2,3
0.08,2,4
31.620621,2,5
15.784075,2,6
2.685925,2,7
10.750035,2,9
0.275736,2,11
30.563115,2,12
8.714229,3,2
15.238925,3,4
87.758957,3,5
47.204685,3,6
14.901501,3,7
0.180952,3,8
14.196776,3,9
0.913896,3,11
27.837491,3,12
6.050731,4,2
61.061045,4,3
32.401203,4,5
23.757392,4,6
9.363283,4,7
0.026667,4,8
16.209637,4,9
7.435165,4,10
0.311443,4,11
45.393405,4,12
15.951581,5,2
1.851195,5,3
2.375016,5,9
0.026667,5,10
0.026667,5,11
41.991912,5,12
6.311328,6,2
50.062373,6,3
9.641949,6,4
44.994957,6,5
4.720512,6,7
0.053333,6,8
6.026099,6,9
0.19552,6,11
12.85648,6,12
3.894163,7,2
25.170083,7,3
11.378827,7,4
14.555592,7,5
16.705189,7,6
7.402429,7,9
9.191984,7,12
10.932981,8,2
8.564413,8,3
9.752947,8,4
179.881176,8,5
1.416355,8,6
0.351288,8,7
48.154288,8,9
7.879035,8,10
12.914133,8,11
41.155749,8,12
18.424965,9,2
31.20516,9,3
26.653973,9,4
106.604544,9,5
22.931205,9,6
11.098419,9,7
0.235957,9,8
1.56248,9,10
3.232051,9,11
68.774016,9,12
1.083,10,2
0.281339,10,3
2.896923,10,4
5.984696,10,5
0.937333,10,7
42.025579,10,8
0.675376,10,9
58.171603,10,11
0.919211,10,12
7.484771,11,2
2.008859,11,3
1.044965,11,4
57.508581,11,5
0.253643,11,6
2.269032,11,7
20.554691,11,8
8.885456,11,9
2.753747,11,10
10.537235,11,12
51.762688,12,2
28.621829,12,3
2.302339,12,4
180.645987,12,5
53.138685,12,6
17.724829,12,7
0.106667,12,8
125.359355,12,9
0.08,12,10
5.771957,12,11
succeed
0.0,0.198987,0.914429,0.0,0.480056,0.087104,0.049555,0.0,0.0,0.0,0.0,1.089963
0.0,0.0,15.786827,0.08,31.620621,15.784075,2.685925,0.0,10.750035,0.0,0.275736,30.563115
0.0,8.714229,0.0,15.238925,87.758957,47.204685,14.901501,0.180952,14.196776,0.0,0.913896,27.837491
0.0,6.050731,61.061045,0.0,32.401203,23.757392,9.363283,0.026667,16.209637,7.435165,0.311443,45.393405
0.0,15.951581,1.851195,0.0,0.0,0.0,0.0,0.0,2.375016,0.026667,0.026667,41.991912
0.0,6.311328,50.062373,9.641949,44.994957,0.0,4.720512,0.053333,6.026099,0.0,0.19552,12.85648
0.0,3.894163,25.170083,11.378827,14.555592,16.705189,0.0,0.0,7.402429,0.0,0.0,9.191984
0.0,10.932981,8.564413,9.752947,179.881176,1.416355,0.351288,0.0,48.154288,7.879035,12.914133,41.155749
0.0,18.424965,31.20516,26.653973,106.604544,22.931205,11.098419,0.235957,0.0,1.56248,3.232051,68.774016
0.0,1.083,0.281339,2.896923,5.984696,0.0,0.937333,42.025579,0.675376,0.0,58.171603,0.919211
0.0,7.484771,2.008859,1.044965,57.508581,0.253643,2.269032,20.554691,8.885456,2.753747,0.0,10.537235
0.0,51.762688,28.621829,2.302339,180.645987,53.138685,17.724829,0.106667,125.359355,0.08,5.771957,0.0
