4569.767161
1.478675,1,2
1.762525,1,3
1.176648,1,5
1.477557,1,6
0.590651,1,7
0.955131,1,9
0.026667,1,11
1.012912,1,12
32.789176,2,3
0.214773,2,4
71.709981,2,5
47.520376,2,6
6.954685,2,7
0.053333,2,8
20.195877,2,9
0.053333,2,10
0.398072,2,11
59.963829,2,12
41.096427,3,2
39.238475,3,4
156.574352,3,5
70.324381,3,6
19.917837,3,7
0.390512,3,8
60.43352,3,9
0.109883,3,10
0.962517,3,11
58.39104,3,12
11.619077,4,2
80.691379,4,3
109.935992,4,5
31.457776,4,6
21.705733,4,7
0.026667,4,8
34.738824,4,9
17.858101,4,10
15.316693,4,11
43.059165,4,12
56.903661,5,2
1.462632,5,3
0.058667,5,4
0.08,5,6
0.268445,5,7
9.756637,5,9
0.054789,5,10
0.249568,5,11
143.088163,5,12
29.191904,6,2
168.694757,6,3
23.802736,6,4
89.408264,6,5
14.829248,6,7
65.788691,6,9
0.323528,6,10
1.375987,6,11
95.702331,6,12
6.393291,7,2
47.325536,7,3
12.386328,7,4
25.68124,7,5
17.634957,7,6
0.026667,7,8
8.746528,7,9
0.026667,7,10
0.188883,7,11
29.102827,7,12
33.683224,8,2
8.024701,8,3
39.190899,8,4
284.87584,8,5
0.600515,8,6
0.650349,8,7
108.959571,8,9
15.571808,8,10
31.670523,8,11
133.928493,8,12
77.968027,9,2
121.717037,9,3
60.126323,9,4
211.787035,9,5
68.466979,9,6
28.604619,9,7
0.098477,9,8
0.069235,9,10
3.9302,9,11
154.225483,9,12
0.396387,10,2
0.149768,10,3
9.958893,10,4
11.974939,10,5
0.048904,10,6
0.763928,10,7
48.915067,10,8
5.256997,10,9
63.257165,10,11
4.256637,10,12
12.84912,11,2
0.807128,11,3
10.667504,11,4
58.846419,11,5
0.061461,11,6
7.211725,11,7
36.220819,11,8
14.866493,11,9
15.017272,11,10
15.758656,11,12
164.835944,12,2
149.899125,12,3
16.225528,12,4
334.364107,12,5
45.214755,12,6
39.277003,12,7
0.438072,12,8
202.629504,12,9
0.202664,12,10
4.510355,12,11
succeed
0.0,1.478675,1.762525,0.0,1.176648,1.477557,0.590651,0.0,0.955131,0.0,0.026667,1.012912
0.0,0.0,32.789176,0.214773,71.709981,47.520376,6.954685,0.053333,20.195877,0.053333,0.398072,59.963829
0.0,41.096427,0.0,39.238475,156.574352,70.324381,19.917837,0.390512,60.43352,0.109883,0.962517,58.39104
0.0,11.619077,80.691379,0.0,109.935992,31.457776,21.705733,0.026667,34.738824,17.858101,15.316693,43.059165
0.0,56.903661,1.462632,0.058667,0.0,0.08,0.268445,0.0,9.756637,0.054789,0.249568,143.088163
0.0,29.191904,168.694757,23.802736,89.408264,0.0,14.829248,0.0,65.788691,0.323528,1.375987,95.702331
0.0,6.393291,47.325536,12.386328,25.68124,17.634957,0.0,0.026667,8.746528,0.026667,0.188883,29.102827
0.0,33.683224,8.024701,39.190899,284.87584,0.600515,0.650349,0.0,108.959571,15.571808,31.670523,133.928493
0.0,77.968027,121.717037,60.126323,211.787035,68.466979,28.604619,0.098477,0.0,0.069235,3.9302,154.225483
0.0,0.396387,0.149768,9.958893,11.974939,0.048904,0.763928,48.915067,5.256997,0.0,63.257165,4.256637
0.0,12.84912,0.807128,10.667504,58.846419,0.061461,7.211725,36.220819,14.866493,15.017272,0.0,15.758656
0.0,164.835944,149.899125,16.225528,334.364107,45.214755,39.277003,0.438072,202.629504,0.202664,4.510355,0.0
