2795.079755
1.872568,1,2
0.763408,1,3
0.226128,1,4
0.242877,1,5
0.333696,1,6
0.433352,1,7
0.121208,1,8
0.90932,1,9
0.026667,1,10
0.435387,1,11
0.432515,1,12
2.957456,2,1
16.951544,2,3
11.143565,2,4
5.728176,2,5
16.854461,2,6
7.883037,2,7
23.296839,2,8
7.468307,2,9
5.067385,2,10
3.617699,2,11
53.236885,2,12
1.294485,3,1
32.213931,3,2
15.877621,3,4
23.031413,3,5
99.818032,3,6
21.124077,3,7
18.298501,3,8
15.835741,3,9
2.917221,3,10
28.919141,3,11
46.122664,3,12
0.537107,4,1
10.223163,4,2
48.667843,4,3
37.625917,4,5
13.542237,4,6
28.59944,4,7
22.867528,4,8
32.124928,4,9
18.954123,4,10
26.258859,4,11
26.844339,4,12
4.175381,5,1
3.753267,5,2
15.52564,5,3
2.876683,5,4
7.752531,5,6
10.948072,5,7
4.346272,5,8
4.491715,5,9
0.392168,5,10
2.191141,5,11
5.146011,5,12
1.077099,6,1
13.962237,6,2
72.634029,6,3
10.016227,6,4
8.004904,6,5
15.028421,6,7
14.015405,6,8
27.450901,6,9
2.12628,6,10
18.413605,6,11
36.799133,6,12
0.969395,7,1
5.79796,7,2
20.705211,7,3
9.661933,7,4
10.835205,7,5
23.161029,7,6
4.961048,7,8
6.028416,7,9
3.560368,7,10
6.301051,7,11
23.014421,7,12
0.638371,8,1
19.443605,8,2
38.993339,8,3
18.657053,8,4
18.343587,8,5
26.654192,8,6
12.351536,8,7
49.039021,8,9
18.351197,8,10
35.103579,8,11
74.166573,8,12
5.239019,9,1
44.797141,9,2
30.778941,9,3
28.998853,9,4
11.865347,9,5
32.141515,9,6
13.453397,9,7
60.958848,9,8
6.095384,9,10
19.894509,9,11
117.837773,9,12
0.159499,10,2
0.075091,10,3
10.607752,10,4
0.280776,10,5
0.373741,10,6
0.037179,10,7
12.776768,10,8
0.169709,10,9
27.532328,10,11
4.011416,10,12
0.831555,11,1
10.690291,11,2
22.194467,11,3
20.087531,11,4
7.535205,11,5
12.092245,11,6
13.314368,11,7
29.909624,11,8
12.418755,11,9
14.282915,11,10
20.770715,11,12
6.23376,12,1
107.084229,12,2
108.477349,12,3
67.727021,12,4
27.595104,12,5
82.727109,12,6
45.031099,12,7
62.684165,12,8
209.165112,12,9
13.441763,12,10
33.134384,12,11
succeed
0.0,1.872568,0.763408,0.226128,0.242877,0.333696,0.433352,0.121208,0.90932,0.026667,0.435387,0.432515
2.957456,0.0,16.951544,11.143565,5.728176,16.854461,7.883037,23.296839,7.468307,5.067385,3.617699,53.236885
1.294485,32.213931,0.0,15.877621,23.031413,99.818032,21.124077,18.298501,15.835741,2.917221,28.919141,46.122664
0.537107,10.223163,48.667843,0.0,37.625917,13.542237,28.59944,22.867528,32.124928,18.954123,26.258859,26.844339
4.175381,3.753267,15.52564,2.876683,0.0,7.752531,10.948072,4.346272,4.491715,0.392168,2.191141,5.146011
1.077099,13.962237,72.634029,10.016227,8.004904,0.0,15.028421,14.015405,27.450901,2.12628,18.413605,36.799133
0.969395,5.79796,20.705211,9.661933,10.835205,23.161029,0.0,4.961048,6.028416,3.560368,6.301051,23.014421
0.638371,19.443605,38.993339,18.657053,18.343587,26.654192,12.351536,0.0,49.039021,18.351197,35.103579,74.166573
5.239019,44.797141,30.778941,28.998853,11.865347,32.141515,13.453397,60.958848,0.0,6.095384,19.894509,117.837773
0.0,0.159499,0.075091,10.607752,0.280776,0.373741,0.037179,12.776768,0.169709,0.0,27.532328,4.011416
0.831555,10.690291,22.194467,20.087531,7.535205,12.092245,13.314368,29.909624,12.418755,14.282915,0.0,20.770715
6.23376,107.084229,108.477349,67.727021,27.595104,82.727109,45.031099,62.684165,209.165112,13.441763,33.134384,0.0
