2849.8089449999998
1.375091,1,3
0.026667,1,4
0.248784,1,5
0.382784,1,6
0.085581,1,7
0.5686,1,8
0.945976,1,9
0.674331,1,11
0.380312,1,12
0.032373,2,1
11.484115,2,3
4.247837,2,4
1.577603,2,5
12.260008,2,6
0.898589,2,7
17.412075,2,8
12.552443,2,9
0.080773,2,10
9.696477,2,11
37.721656,2,12
0.314072,3,1
7.892064,3,2
17.796101,3,4
13.13708,3,5
42.892045,3,6
14.095859,3,7
85.952475,3,8
17.342077,3,9
1.985757,3,10
10.036611,3,11
41.299005,3,12
6.193715,4,2
67.383304,4,3
16.587357,4,5
26.409555,4,6
14.854765,4,7
15.594539,4,8
12.696888,4,9
9.592955,4,10
8.033328,4,11
52.135944,4,12
1.978627,5,1
0.889064,5,2
19.019896,5,3
3.885496,5,4
3.673331,5,6
2.427077,5,7
16.199269,5,8
31.397136,5,9
4.748893,5,11
3.957771,5,12
11.116027,6,2
62.516331,6,3
5.61404,6,4
5.016891,6,5
6.61572,6,7
45.28108,6,8
38.945016,6,9
1.169405,6,10
8.280109,6,11
13.164293,6,12
0.147971,7,1
1.281107,7,2
22.526624,7,3
5.69992,7,4
4.419477,7,5
10.216016,7,6
6.474205,7,8
8.753397,7,9
0.526768,7,10
2.939485,7,11
8.666539,7,12
5.285509,8,1
22.185787,8,2
123.825853,8,3
25.926848,8,4
11.429432,8,5
44.399408,8,6
10.140888,8,7
120.065595,8,9
10.948813,8,10
56.963096,8,11
135.36148,8,12
4.515181,9,1
21.963405,9,2
63.059219,9,3
29.721093,9,4
16.715035,9,5
50.596683,9,6
17.603243,9,7
102.661496,9,8
5.497061,9,10
33.417683,9,11
82.333584,9,12
1.267821,10,3
2.027029,10,4
0.102885,10,5
5.506464,10,6
0.066637,10,7
49.627152,10,8
0.845787,10,9
45.100115,10,11
0.08,10,12
0.098091,11,1
7.952949,11,2
17.946669,11,3
2.37148,11,4
4.31692,11,5
9.938939,11,6
4.084283,11,7
32.574416,11,8
11.850059,11,9
11.360035,11,10
29.942901,11,12
0.132181,12,1
86.740781,12,2
77.950525,12,3
57.868701,12,4
28.687165,12,5
63.143568,12,6
18.269901,12,7
123.299227,12,8
145.439739,12,9
1.701885,12,10
62.473696,12,11
succeed
0.0,0.0,1.375091,0.026667,0.248784,0.382784,0.085581,0.5686,0.945976,0.0,0.674331,0.380312
0.032373,0.0,11.484115,4.247837,1.577603,12.260008,0.898589,17.412075,12.552443,0.080773,9.696477,37.721656
0.314072,7.892064,0.0,17.796101,13.13708,42.892045,14.095859,85.952475,17.342077,1.985757,10.036611,41.299005
0.0,6.193715,67.383304,0.0,16.587357,26.409555,14.854765,15.594539,12.696888,9.592955,8.033328,52.135944
1.978627,0.889064,19.019896,3.885496,0.0,3.673331,2.427077,16.199269,31.397136,0.0,4.748893,3.957771
0.0,11.116027,62.516331,5.61404,5.016891,0.0,6.61572,45.28108,38.945016,1.169405,8.280109,13.164293
0.147971,1.281107,22.526624,5.69992,4.419477,10.216016,0.0,6.474205,8.753397,0.526768,2.939485,8.666539
5.285509,22.185787,123.825853,25.926848,11.429432,44.399408,10.140888,0.0,120.065595,10.948813,56.963096,135.36148
4.515181,21.963405,63.059219,29.721093,16.715035,50.596683,17.603243,102.661496,0.0,5.497061,33.417683,82.333584
0.0,0.0,1.267821,2.027029,0.102885,5.506464,0.066637,49.627152,0.845787,0.0,45.100115,0.08
0.098091,7.952949,17.946669,2.37148,4.31692,9.938939,4.084283,32.574416,11.850059,11.360035,0.0,29.942901
0.132181,86.740781,77.950525,57.868701,28.687165,63.143568,18.269901,123.299227,145.439739,1.701885,62.473696,0.0
