2735.001573
0.066629,1,2
0.497824,1,3
0.026667,1,4
0.088939,1,5
0.053333,1,6
0.070357,1,7
0.207691,1,8
0.108403,1,11
0.106667,1,12
0.113019,2,1
6.544451,2,3
9.737213,2,4
1.322315,2,5
17.452349,2,6
2.725493,2,7
17.037947,2,8
9.775859,2,9
0.500109,2,10
5.320707,2,11
24.024512,2,12
0.821464,3,1
17.334741,3,2
23.422235,3,4
6.559656,3,5
25.128112,3,6
7.593216,3,7
79.431805,3,8
18.690853,3,9
0.492461,3,10
9.651573,3,11
34.994077,3,12
0.174635,4,1
9.563408,4,2
43.970821,4,3
23.544347,4,5
27.061344,4,6
19.238776,4,7
24.052789,4,8
13.770909,4,9
5.462069,4,10
9.611157,4,11
42.767331,4,12
2.95548,5,1
4.335747,5,2
8.907413,5,3
1.46404,5,4
1.115752,5,6
3.036944,5,7
27.464981,5,8
2.315027,5,9
1.589667,5,11
2.33736,5,12
0.183635,6,1
14.6478,6,2
50.487971,6,3
8.425477,6,4
13.801645,6,5
2.277637,6,7
66.545251,6,8
27.558997,6,9
1.295949,6,10
17.742867,6,11
25.660085,6,12
0.572747,7,1
3.802757,7,2
12.444843,7,3
15.829944,7,4
5.864853,7,5
16.268779,7,6
7.04936,7,8
2.111429,7,9
1.301419,7,10
3.852797,7,11
8.398347,7,12
0.257861,8,1
24.211445,8,2
91.305019,8,3
23.646797,8,4
19.773323,8,5
55.368309,8,6
3.458128,8,7
67.295939,8,9
13.389632,8,10
52.832696,8,11
152.395005,8,12
0.152627,9,1
36.498403,9,2
46.763731,9,3
28.15364,9,4
16.427667,9,5
42.584952,9,6
9.279096,9,7
94.304344,9,8
3.448736,9,10
30.899803,9,11
71.781259,9,12
0.837832,10,2
0.491149,10,3
1.041397,10,4
0.030901,10,5
1.532939,10,6
0.026667,10,7
48.207501,10,8
0.335779,10,9
33.530552,10,11
0.026667,10,12
0.317224,11,1
10.908128,11,2
25.128499,11,3
3.81868,11,4
3.982773,11,5
7.922229,11,6
3.929013,11,7
135.574963,11,8
13.170152,11,9
3.84012,11,10
7.352336,11,12
0.127421,12,1
126.454797,12,2
86.924088,12,3
54.704168,12,4
36.071395,12,5
30.664197,12,6
13.966491,12,7
123.727707,12,8
117.686693,12,9
3.7102,12,10
53.96524,12,11
succeed
0.0,0.066629,0.497824,0.026667,0.088939,0.053333,0.070357,0.207691,0.0,0.0,0.108403,0.106667
0.113019,0.0,6.544451,9.737213,1.322315,17.452349,2.725493,17.037947,9.775859,0.500109,5.320707,24.024512
0.821464,17.334741,0.0,23.422235,6.559656,25.128112,7.593216,79.431805,18.690853,0.492461,9.651573,34.994077
0.174635,9.563408,43.970821,0.0,23.544347,27.061344,19.238776,24.052789,13.770909,5.462069,9.611157,42.767331
2.95548,4.335747,8.907413,1.46404,0.0,1.115752,3.036944,27.464981,2.315027,0.0,1.589667,2.33736
0.183635,14.6478,50.487971,8.425477,13.801645,0.0,2.277637,66.545251,27.558997,1.295949,17.742867,25.660085
0.572747,3.802757,12.444843,15.829944,5.864853,16.268779,0.0,7.04936,2.111429,1.301419,3.852797,8.398347
0.257861,24.211445,91.305019,23.646797,19.773323,55.368309,3.458128,0.0,67.295939,13.389632,52.832696,152.395005
0.152627,36.498403,46.763731,28.15364,16.427667,42.584952,9.279096,94.304344,0.0,3.448736,30.899803,71.781259
0.0,0.837832,0.491149,1.041397,0.030901,1.532939,0.026667,48.207501,0.335779,0.0,33.530552,0.026667
0.317224,10.908128,25.128499,3.81868,3.982773,7.922229,3.929013,135.574963,13.170152,3.84012,0.0,7.352336
0.127421,126.454797,86.924088,54.704168,36.071395,30.664197,13.966491,123.727707,117.686693,3.7102,53.96524,0.0
