5330.686932
0.142571,1,2
0.356968,1,3
0.053333,1,4
0.162557,1,5
0.36704,1,6
0.413341,1,7
0.486512,1,8
0.364115,1,9
0.035477,1,10
0.08,1,11
1.257261,1,12
0.377571,2,1
19.808475,2,3
10.753176,2,4
8.279016,2,5
28.788461,2,6
7.962728,2,7
19.023851,2,8
12.568453,2,9
0.593061,2,10
6.637749,2,11
133.436368,2,12
3.358109,3,1
23.777557,3,2
46.498936,3,4
21.516443,3,5
84.955637,3,6
19.262128,3,7
64.914811,3,8
20.352373,3,9
4.096709,3,10
20.139312,3,11
48.680899,3,12
0.844619,4,1
12.363091,4,2
61.982803,4,3
13.221768,4,5
30.486363,4,6
19.482544,4,7
13.381368,4,8
15.188373,4,9
12.45076,4,10
15.917477,4,11
42.298645,4,12
0.369376,5,1
3.330387,5,2
30.835067,5,3
6.500576,5,4
8.469837,5,6
7.266971,5,7
14.990405,5,8
10.668936,5,9
1.73868,5,10
5.234307,5,11
12.278091,5,12
1.206112,6,1
30.708213,6,2
155.329355,6,3
17.878576,6,4
8.564371,6,5
11.093256,6,7
61.212483,6,8
62.745168,6,9
6.247221,6,10
15.220011,6,11
96.214587,6,12
0.693816,7,1
3.98812,7,2
29.366064,7,3
11.978483,7,4
7.147043,7,5
19.460656,7,6
14.13204,7,8
7.063869,7,9
0.757397,7,10
3.456917,7,11
10.08416,7,12
2.309645,8,1
18.224213,8,2
1446.943653,8,3
28.500275,8,4
38.244819,8,5
99.598939,8,6
21.481523,8,7
94.880944,8,9
22.440437,8,10
38.025349,8,11
143.580483,8,12
3.726421,9,1
37.963157,9,2
80.494813,9,3
49.565989,9,4
19.793048,9,5
84.999344,9,6
27.104688,9,7
102.163184,9,8
9.286155,9,10
30.767912,9,11
209.017299,9,12
0.776861,10,1
0.717349,10,2
2.868107,10,3
25.648429,10,4
0.563992,10,5
6.170989,10,6
3.476491,10,7
58.952653,10,8
0.720133,10,9
54.331048,10,11
1.229731,10,12
0.33088,11,1
10.317395,11,2
23.929043,11,3
13.7938,11,4
9.762987,11,5
11.384227,11,6
3.789712,11,7
29.265957,11,8
11.918237,11,9
5.533115,11,10
22.436963,11,12
0.566296,12,1
140.4822,12,2
156.803344,12,3
72.216707,12,4
16.383979,12,5
76.29212,12,6
29.815123,12,7
127.789963,12,8
228.665315,12,9
9.326237,12,10
41.965899,12,11
succeed
0.0,0.142571,0.356968,0.053333,0.162557,0.36704,0.413341,0.486512,0.364115,0.035477,0.08,1.257261
0.377571,0.0,19.808475,10.753176,8.279016,28.788461,7.962728,19.023851,12.568453,0.593061,6.637749,133.436368
3.358109,23.777557,0.0,46.498936,21.516443,84.955637,19.262128,64.914811,20.352373,4.096709,20.139312,48.680899
0.844619,12.363091,61.982803,0.0,13.221768,30.486363,19.482544,13.381368,15.188373,12.45076,15.917477,42.298645
0.369376,3.330387,30.835067,6.500576,0.0,8.469837,7.266971,14.990405,10.668936,1.73868,5.234307,12.278091
1.206112,30.708213,155.329355,17.878576,8.564371,0.0,11.093256,61.212483,62.745168,6.247221,15.220011,96.214587
0.693816,3.98812,29.366064,11.978483,7.147043,19.460656,0.0,14.13204,7.063869,0.757397,3.456917,10.08416
2.309645,18.224213,1446.943653,28.500275,38.244819,99.598939,21.481523,0.0,94.880944,22.440437,38.025349,143.580483
3.726421,37.963157,80.494813,49.565989,19.793048,84.999344,27.104688,102.163184,0.0,9.286155,30.767912,209.017299
0.776861,0.717349,2.868107,25.648429,0.563992,6.170989,3.476491,58.952653,0.720133,0.0,54.331048,1.229731
0.33088,10.317395,23.929043,13.7938,9.762987,11.384227,3.789712,29.265957,11.918237,5.533115,0.0,22.436963
0.566296,140.4822,156.803344,72.216707,16.383979,76.29212,29.815123,127.789963,228.665315,9.326237,41.965899,0.0
