1784.439969
0.026667,1,2
0.070965,1,3
0.069411,1,5
0.026667,1,7
1.015403,1,8
0.966061,1,9
0.026667,1,10
0.044565,1,11
1.021341,1,12
0.078645,2,1
11.278789,2,3
4.345304,2,4
0.358037,2,5
7.534003,2,6
1.179147,2,7
9.648009,2,8
8.684795,2,9
0.083191,2,10
3.547659,2,11
16.841568,2,12
0.091491,3,1
10.133968,3,2
6.86708,3,4
10.952429,3,5
27.315509,3,6
13.576949,3,7
30.859557,3,8
10.923411,3,9
0.337789,3,10
3.986763,3,11
24.6212,3,12
0.115477,4,1
5.478328,4,2
49.713885,4,3
10.835288,4,5
24.475181,4,6
23.276821,4,7
29.407125,4,8
10.008979,4,9
7.577637,4,10
10.571816,4,11
46.294477,4,12
0.026667,5,1
1.303541,5,2
9.993424,5,3
14.199016,5,4
2.096795,5,6
0.840032,5,7
4.002141,5,8
10.82,5,9
0.669648,5,11
3.728829,5,12
0.073008,6,1
17.730571,6,2
30.218056,6,3
7.556531,6,4
25.318867,6,5
9.017597,6,7
16.752517,6,8
12.7838,6,9
0.185379,6,10
24.504555,6,11
23.532563,6,12
3.428331,7,2
9.683869,7,3
9.404957,7,4
0.697883,7,5
12.733173,7,6
2.140219,7,8
2.328565,7,9
4.266475,7,10
3.336827,7,11
11.628587,7,12
0.062744,8,1
11.220384,8,2
75.7408,8,3
6.703149,8,4
7.907851,8,5
9.162347,8,6
12.14276,8,7
28.510931,8,9
19.584715,8,10
18.030197,8,11
32.301307,8,12
2.541971,9,1
18.476587,9,2
13.013739,9,3
22.445304,9,4
7.147765,9,5
18.049152,9,6
15.210691,9,7
65.626091,9,8
3.117211,9,10
7.634192,9,11
47.470789,9,12
0.050571,10,2
4.291285,10,4
1.239285,10,5
0.584632,10,6
27.926915,10,8
0.260587,10,9
36.115347,10,11
0.574304,11,1
7.871387,11,2
36.386824,11,3
13.501544,11,4
1.929872,11,5
18.226475,11,6
6.801211,11,7
14.673155,11,8
8.235419,11,9
2.880051,11,10
6.769125,11,12
0.320037,12,1
73.766851,12,2
48.463509,12,3
64.225611,12,4
21.341656,12,5
50.587773,12,6
17.951581,12,7
38.475797,12,8
104.073899,12,9
1.097891,12,10
34.446221,12,11
succeed
0.0,0.026667,0.070965,0.0,0.069411,0.0,0.026667,1.015403,0.966061,0.026667,0.044565,1.021341
0.078645,0.0,11.278789,4.345304,0.358037,7.534003,1.179147,9.648009,8.684795,0.083191,3.547659,16.841568
0.091491,10.133968,0.0,6.86708,10.952429,27.315509,13.576949,30.859557,10.923411,0.337789,3.986763,24.6212
0.115477,5.478328,49.713885,0.0,10.835288,24.475181,23.276821,29.407125,10.008979,7.577637,10.571816,46.294477
0.026667,1.303541,9.993424,14.199016,0.0,2.096795,0.840032,4.002141,10.82,0.0,0.669648,3.728829
0.073008,17.730571,30.218056,7.556531,25.318867,0.0,9.017597,16.752517,12.7838,0.185379,24.504555,23.532563
0.0,3.428331,9.683869,9.404957,0.697883,12.733173,0.0,2.140219,2.328565,4.266475,3.336827,11.628587
0.062744,11.220384,75.7408,6.703149,7.907851,9.162347,12.14276,0.0,28.510931,19.584715,18.030197,32.301307
2.541971,18.476587,13.013739,22.445304,7.147765,18.049152,15.210691,65.626091,0.0,3.117211,7.634192,47.470789
0.0,0.050571,0.0,4.291285,1.239285,0.584632,0.0,27.926915,0.260587,0.0,36.115347,0.0
0.574304,7.871387,36.386824,13.501544,1.929872,18.226475,6.801211,14.673155,8.235419,2.880051,0.0,6.769125
0.320037,73.766851,48.463509,64.225611,21.341656,50.587773,17.951581,38.475797,104.073899,1.097891,34.446221,0.0
