2123.472417
0.026667,1,2
0.053333,1,3
0.053333,1,5
0.061805,1,6
0.84272,1,7
0.026667,1,8
0.173363,1,9
0.125093,1,11
0.114917,1,12
0.491075,2,1
19.55048,2,3
4.238645,2,4
0.77056,2,5
14.467512,2,6
15.841368,2,7
14.015968,2,8
4.808789,2,9
0.240917,2,10
2.729813,2,11
23.415344,2,12
0.606408,3,1
13.47088,3,2
10.107243,3,4
8.622064,3,5
24.310363,3,6
8.063187,3,7
44.575048,3,8
34.556635,3,9
1.356091,3,10
21.067235,3,11
19.429475,3,12
0.145547,4,1
4.446277,4,2
48.092704,4,3
23.948085,4,5
26.371579,4,6
22.772627,4,7
24.779912,4,8
12.355251,4,9
15.780867,4,10
14.948901,4,11
50.725077,4,12
0.081123,5,1
6.728619,5,2
9.434584,5,3
2.359205,5,4
2.789992,5,6
6.768579,5,7
5.079469,5,8
6.214643,5,9
0.026667,5,10
1.653768,5,11
1.366917,5,12
1.609283,6,1
11.016368,6,2
40.466496,6,3
6.409941,6,4
31.874173,6,5
7.423501,6,7
16.293331,6,8
13.799672,6,9
0.396701,6,10
8.294597,6,11
34.487317,6,12
0.053333,7,1
4.883472,7,2
10.334133,7,3
9.958819,7,4
2.771496,7,5
12.035568,7,6
5.278208,7,8
4.545453,7,9
2.475539,7,10
3.846152,7,11
8.904291,7,12
0.109989,8,1
19.764493,8,2
63.887723,8,3
16.169997,8,4
7.752475,8,5
16.458437,8,6
3.390283,8,7
49.290619,8,9
30.437581,8,10
23.521211,8,11
12.202605,8,12
1.263157,9,1
6.907621,9,2
9.414944,9,3
8.976499,9,4
7.850811,9,5
18.179877,9,6
6.336245,9,7
58.109429,9,8
1.601819,9,10
13.392376,9,11
28.848176,9,12
0.431872,10,2
0.202709,10,3
6.187176,10,4
0.026667,10,5
0.199333,10,6
48.97812,10,8
0.286699,10,9
43.292661,10,11
0.026667,10,12
0.143472,11,1
8.417253,11,2
30.152032,11,3
2.83732,11,4
3.567053,11,5
8.033333,11,6
3.591179,11,7
17.013272,11,8
11.363179,11,9
9.797277,11,10
7.609944,11,12
0.884587,12,1
121.472549,12,2
103.457131,12,3
62.121696,12,4
24.983821,12,5
37.053304,12,6
19.628323,12,7
54.544893,12,8
231.884315,12,9
6.817005,12,10
42.359973,12,11
succeed
0.0,0.026667,0.053333,0.0,0.053333,0.061805,0.84272,0.026667,0.173363,0.0,0.125093,0.114917
0.491075,0.0,19.55048,4.238645,0.77056,14.467512,15.841368,14.015968,4.808789,0.240917,2.729813,23.415344
0.606408,13.47088,0.0,10.107243,8.622064,24.310363,8.063187,44.575048,34.556635,1.356091,21.067235,19.429475
0.145547,4.446277,48.092704,0.0,23.948085,26.371579,22.772627,24.779912,12.355251,15.780867,14.948901,50.725077
0.081123,6.728619,9.434584,2.359205,0.0,2.789992,6.768579,5.079469,6.214643,0.026667,1.653768,1.366917
1.609283,11.016368,40.466496,6.409941,31.874173,0.0,7.423501,16.293331,13.799672,0.396701,8.294597,34.487317
0.053333,4.883472,10.334133,9.958819,2.771496,12.035568,0.0,5.278208,4.545453,2.475539,3.846152,8.904291
0.109989,19.764493,63.887723,16.169997,7.752475,16.458437,3.390283,0.0,49.290619,30.437581,23.521211,12.202605
1.263157,6.907621,9.414944,8.976499,7.850811,18.179877,6.336245,58.109429,0.0,1.601819,13.392376,28.848176
0.0,0.431872,0.202709,6.187176,0.026667,0.199333,0.0,48.97812,0.286699,0.0,43.292661,0.026667
0.143472,8.417253,30.152032,2.83732,3.567053,8.033333,3.591179,17.013272,11.363179,9.797277,0.0,7.609944
0.884587,121.472549,103.457131,62.121696,24.983821,37.053304,19.628323,54.544893,231.884315,6.817005,42.359973,0.0
