3683.66501
0.08,1,2
1.107901,1,3
0.032312,1,5
0.204939,1,6
1.641533,1,7
0.753984,1,8
0.202768,1,9
0.089595,1,10
0.218229,1,11
0.38508,1,12
0.547613,2,1
10.889904,2,3
5.536419,2,4
34.131256,2,5
26.764075,2,6
9.780667,2,7
19.242156,2,8
12.885493,2,9
0.701692,2,10
5.841515,2,11
64.887744,2,12
1.44032,3,1
29.663109,3,2
28.201072,3,4
13.772312,3,5
87.043877,3,6
16.358445,3,7
66.281448,3,8
124.563525,3,9
2.324709,3,10
11.194533,3,11
47.576291,3,12
0.175253,4,1
14.412725,4,2
50.987592,4,3
23.255325,4,5
25.170987,4,6
30.130584,4,7
36.960859,4,8
51.019765,4,9
18.382544,4,10
11.694648,4,11
49.050619,4,12
0.103749,5,1
9.051459,5,2
13.979968,5,3
2.655232,5,4
7.422539,5,6
9.264384,5,7
5.813861,5,8
6.053789,5,9
1.190323,5,10
6.748696,5,11
9.687979,5,12
1.115752,6,1
23.894376,6,2
87.713485,6,3
9.097523,6,4
13.408235,6,5
10.190723,6,7
27.581893,6,8
95.268696,6,9
5.209573,6,10
11.920005,6,11
39.813835,6,12
0.388651,7,1
8.272267,7,2
17.609317,7,3
25.389037,7,4
4.54292,7,5
13.858656,7,6
10.514339,7,8
26.872376,7,9
6.470643,7,10
1.883189,7,11
7.607552,7,12
4.985568,8,1
45.788555,8,2
151.187928,8,3
15.254965,8,4
13.851805,8,5
40.789941,8,6
22.488859,8,7
166.019013,8,9
19.421195,8,10
40.920389,8,11
136.110003,8,12
1.353371,9,1
65.611091,9,2
75.201045,9,3
38.934587,9,4
12.230941,9,5
46.211915,9,6
18.073565,9,7
93.547736,9,8
6.017467,9,10
38.706072,9,11
96.103787,9,12
0.203912,10,2
0.478867,10,3
24.888101,10,4
0.253579,10,5
1.041493,10,6
0.44256,10,7
38.384405,10,8
10.343411,10,9
49.845661,10,11
0.309808,10,12
0.486848,11,1
15.656453,11,2
13.466536,11,3
4.341749,11,4
4.187264,11,5
12.728219,11,6
5.642435,11,7
42.348952,11,8
35.795051,11,9
7.249251,11,10
18.557344,11,12
0.288936,12,1
133.949264,12,2
89.594525,12,3
75.7368,12,4
36.754773,12,5
84.236651,12,6
26.501448,12,7
137.945645,12,8
160.182256,12,9
10.776005,12,10
36.056571,12,11
succeed
0.0,0.08,1.107901,0.0,0.032312,0.204939,1.641533,0.753984,0.202768,0.089595,0.218229,0.38508
0.547613,0.0,10.889904,5.536419,34.131256,26.764075,9.780667,19.242156,12.885493,0.701692,5.841515,64.887744
1.44032,29.663109,0.0,28.201072,13.772312,87.043877,16.358445,66.281448,124.563525,2.324709,11.194533,47.576291
0.175253,14.412725,50.987592,0.0,23.255325,25.170987,30.130584,36.960859,51.019765,18.382544,11.694648,49.050619
0.103749,9.051459,13.979968,2.655232,0.0,7.422539,9.264384,5.813861,6.053789,1.190323,6.748696,9.687979
1.115752,23.894376,87.713485,9.097523,13.408235,0.0,10.190723,27.581893,95.268696,5.209573,11.920005,39.813835
0.388651,8.272267,17.609317,25.389037,4.54292,13.858656,0.0,10.514339,26.872376,6.470643,1.883189,7.607552
4.985568,45.788555,151.187928,15.254965,13.851805,40.789941,22.488859,0.0,166.019013,19.421195,40.920389,136.110003
1.353371,65.611091,75.201045,38.934587,12.230941,46.211915,18.073565,93.547736,0.0,6.017467,38.706072,96.103787
0.0,0.203912,0.478867,24.888101,0.253579,1.041493,0.44256,38.384405,10.343411,0.0,49.845661,0.309808
0.486848,15.656453,13.466536,4.341749,4.187264,12.728219,5.642435,42.348952,35.795051,7.249251,0.0,18.557344
0.288936,133.949264,89.594525,75.7368,36.754773,84.236651,26.501448,137.945645,160.182256,10.776005,36.056571,0.0
