4020.2221489999997
2.433936,1,2
2.173448,1,3
0.126216,1,4
0.191656,1,5
1.874243,1,6
0.44488,1,7
0.201555,1,8
0.2862,1,9
0.056912,1,10
1.053496,1,11
2.286056,1,12
1.009829,2,1
20.406339,2,3
11.938643,2,4
16.399619,2,5
30.675077,2,6
15.896109,2,7
9.415121,2,8
16.270947,2,9
1.05694,2,10
28.207099,2,11
75.037936,2,12
1.309861,3,1
36.923688,3,2
13.904232,3,4
17.269517,3,5
103.364883,3,6
21.462949,3,7
74.136883,3,8
30.614976,3,9
7.475288,3,10
32.861984,3,11
54.951187,3,12
0.126376,4,1
9.977949,4,2
36.149237,4,3
28.611397,4,5
18.790936,4,6
21.965845,4,7
16.152267,4,8
12.407523,4,9
14.273683,4,10
69.825133,4,11
32.88908,4,12
3.871165,5,1
14.767779,5,2
22.780109,5,3
4.22432,5,4
7.82636,5,6
16.215411,5,7
12.606656,5,8
5.001341,5,9
0.802643,5,10
13.482531,5,11
10.273589,5,12
0.586645,6,1
18.719832,6,2
82.690637,6,3
8.787059,6,4
14.900059,6,5
28.451893,6,7
24.381784,6,8
12.581763,6,9
7.026085,6,10
35.948451,6,11
29.310259,6,12
0.228088,7,1
6.983523,7,2
34.461987,7,3
15.548101,7,4
21.656811,7,5
25.522611,7,6
4.798371,7,8
8.423715,7,9
2.521213,7,10
17.115739,7,11
20.914952,7,12
0.159555,8,1
29.924403,8,2
106.664715,8,3
23.964792,8,4
9.961131,8,5
46.213717,8,6
12.307219,8,7
47.281829,8,9
23.948037,8,10
72.385077,8,11
103.063672,8,12
1.809611,9,1
42.570176,9,2
46.957352,9,3
28.423581,9,4
23.462395,9,5
38.152771,9,6
22.04396,9,7
73.259051,9,8
7.260776,9,10
21.823947,9,11
130.961376,9,12
0.139093,10,2
0.188181,10,3
12.319984,10,4
1.261653,10,5
0.953336,10,6
0.053333,10,7
15.853979,10,8
0.129664,10,9
23.054013,10,11
0.630397,10,12
3.369307,11,1
91.295131,11,2
153.97176,11,3
57.087232,11,4
37.975528,11,5
116.841736,11,6
92.775224,11,7
14.88756,11,8
33.890819,11,9
14.628003,11,10
150.88584,11,12
7.042173,12,1
124.820813,12,2
91.613568,12,3
64.074453,12,4
35.660637,12,5
77.926723,12,6
24.440579,12,7
104.576685,12,8
235.625125,12,9
15.496723,12,10
77.855141,12,11
succeed
0.0,2.433936,2.173448,0.126216,0.191656,1.874243,0.44488,0.201555,0.2862,0.056912,1.053496,2.286056
1.009829,0.0,20.406339,11.938643,16.399619,30.675077,15.896109,9.415121,16.270947,1.05694,28.207099,75.037936
1.309861,36.923688,0.0,13.904232,17.269517,103.364883,21.462949,74.136883,30.614976,7.475288,32.861984,54.951187
0.126376,9.977949,36.149237,0.0,28.611397,18.790936,21.965845,16.152267,12.407523,14.273683,69.825133,32.88908
3.871165,14.767779,22.780109,4.22432,0.0,7.82636,16.215411,12.606656,5.001341,0.802643,13.482531,10.273589
0.586645,18.719832,82.690637,8.787059,14.900059,0.0,28.451893,24.381784,12.581763,7.026085,35.948451,29.310259
0.228088,6.983523,34.461987,15.548101,21.656811,25.522611,0.0,4.798371,8.423715,2.521213,17.115739,20.914952
0.159555,29.924403,106.664715,23.964792,9.961131,46.213717,12.307219,0.0,47.281829,23.948037,72.385077,103.063672
1.809611,42.570176,46.957352,28.423581,23.462395,38.152771,22.04396,73.259051,0.0,7.260776,21.823947,130.961376
0.0,0.139093,0.188181,12.319984,1.261653,0.953336,0.053333,15.853979,0.129664,0.0,23.054013,0.630397
3.369307,91.295131,153.97176,57.087232,37.975528,116.841736,92.775224,14.88756,33.890819,14.628003,0.0,150.88584
7.042173,124.820813,91.613568,64.074453,35.660637,77.926723,24.440579,104.576685,235.625125,15.496723,77.855141,0.0
