1975.4369980000001
0.072312,1,2
0.104925,1,3
0.053333,1,5
0.213312,1,6
0.026667,1,7
0.953056,1,8
0.026667,1,9
0.204021,1,11
0.382347,1,12
0.541203,2,1
12.722661,2,3
3.300413,2,4
1.651896,2,5
10.938141,2,6
4.169301,2,7
11.897216,2,8
12.307392,2,9
0.159851,2,10
4.588181,2,11
28.476547,2,12
0.912867,3,1
14.648467,3,2
24.952301,3,4
4.963845,3,5
15.605728,3,6
4.641789,3,7
41.360237,3,8
12.818024,3,9
5.880579,3,10
5.557861,3,11
17.972512,3,12
0.073547,4,1
4.896611,4,2
47.304667,4,3
31.738501,4,5
35.897739,4,6
14.572213,4,7
34.47764,4,8
12.81912,4,9
10.20392,4,10
37.057912,4,11
28.789448,4,12
0.164021,5,1
3.647016,5,2
6.48552,5,3
1.308869,5,4
1.138728,5,6
3.322803,5,7
12.797845,5,8
1.887565,5,9
2.821837,5,11
5.008651,5,12
0.451541,6,1
23.872051,6,2
47.134013,6,3
6.660696,6,4
1.932248,6,5
9.773725,6,7
20.825704,6,8
34.221227,6,9
0.705568,6,10
10.661333,6,11
14.070133,6,12
0.593408,7,1
4.50672,7,2
7.405144,7,3
8.798907,7,4
5.569376,7,5
13.126944,7,6
7.065653,7,8
3.568261,7,9
2.350048,7,10
4.878333,7,11
11.689909,7,12
0.809864,8,1
15.212611,8,2
77.962184,8,3
11.460147,8,4
26.312925,8,5
18.893635,8,6
10.455123,8,7
31.440328,8,9
29.419173,8,10
38.866147,8,11
44.202845,8,12
1.001571,9,1
48.313432,9,2
19.860688,9,3
40.939968,9,4
16.618896,9,5
11.689848,9,6
9.225504,9,7
55.412035,9,8
2.63444,9,10
25.284029,9,11
49.923725,9,12
0.781877,10,2
0.148587,10,3
3.941904,10,4
0.091285,10,5
0.284451,10,6
0.053333,10,7
43.36352,10,8
0.173405,10,9
26.617125,10,11
0.088213,10,12
0.026667,11,1
10.601397,11,2
14.999203,11,3
3.831579,11,4
2.381387,11,5
8.943795,11,6
2.356768,11,7
20.703907,11,8
6.7902,11,9
4.931931,11,10
7.639197,11,12
0.561963,12,1
96.205149,12,2
57.188309,12,3
59.394171,12,4
21.475707,12,5
24.277392,12,6
14.469387,12,7
57.481091,12,8
78.324757,12,9
2.508139,12,10
40.483317,12,11
succeed
0.0,0.072312,0.104925,0.0,0.053333,0.213312,0.026667,0.953056,0.026667,0.0,0.204021,0.382347
0.541203,0.0,12.722661,3.300413,1.651896,10.938141,4.169301,11.897216,12.307392,0.159851,4.588181,28.476547
0.912867,14.648467,0.0,24.952301,4.963845,15.605728,4.641789,41.360237,12.818024,5.880579,5.557861,17.972512
0.073547,4.896611,47.304667,0.0,31.738501,35.897739,14.572213,34.47764,12.81912,10.20392,37.057912,28.789448
0.164021,3.647016,6.48552,1.308869,0.0,1.138728,3.322803,12.797845,1.887565,0.0,2.821837,5.008651
0.451541,23.872051,47.134013,6.660696,1.932248,0.0,9.773725,20.825704,34.221227,0.705568,10.661333,14.070133
0.593408,4.50672,7.405144,8.798907,5.569376,13.126944,0.0,7.065653,3.568261,2.350048,4.878333,11.689909
0.809864,15.212611,77.962184,11.460147,26.312925,18.893635,10.455123,0.0,31.440328,29.419173,38.866147,44.202845
1.001571,48.313432,19.860688,40.939968,16.618896,11.689848,9.225504,55.412035,0.0,2.63444,25.284029,49.923725
0.0,0.781877,0.148587,3.941904,0.091285,0.284451,0.053333,43.36352,0.173405,0.0,26.617125,0.088213
0.026667,10.601397,14.999203,3.831579,2.381387,8.943795,2.356768,20.703907,6.7902,4.931931,0.0,7.639197
0.561963,96.205149,57.188309,59.394171,21.475707,24.277392,14.469387,57.481091,78.324757,2.508139,40.483317,0.0
