3631.258857
0.307168,1,2
0.751053,1,3
0.026667,1,4
1.368115,1,5
1.338243,1,6
0.318933,1,7
1.101619,1,9
0.032128,1,11
1.841715,1,12
24.847829,2,3
0.104245,2,4
45.080891,2,5
26.256739,2,6
5.95444,2,7
22.128637,2,9
0.601904,2,10
0.213152,2,11
81.055976,2,12
41.270851,3,2
52.986589,3,4
94.384813,3,5
67.720091,3,6
18.888397,3,7
0.178064,3,8
41.285464,3,9
0.057043,3,10
1.560291,3,11
41.4826,3,12
9.539584,4,2
89.065525,4,3
33.664587,4,5
32.236573,4,6
15.380245,4,7
0.224363,4,8
16.200936,4,9
12.899403,4,10
0.494773,4,11
54.109976,4,12
45.465325,5,2
3.270317,5,3
0.046704,5,4
0.141003,5,6
0.165219,5,7
0.027648,5,8
7.94044,5,9
0.053333,5,11
120.049253,5,12
30.713333,6,2
156.639608,6,3
14.659144,6,4
36.341885,6,5
15.979539,6,7
0.073984,6,8
72.314368,6,9
1.120496,6,10
0.634021,6,11
62.3854,6,12
14.180256,7,2
42.074509,7,3
9.228899,7,4
11.857984,7,5
12.505989,7,6
0.230613,7,8
9.292419,7,9
0.026667,7,10
0.133333,7,11
24.96916,7,12
35.639965,8,2
11.283867,8,3
12.782269,8,4
292.591787,8,5
3.10828,8,6
0.678171,8,7
67.619973,8,9
12.416117,8,10
29.307941,8,11
113.646389,8,12
50.608312,9,2
105.221568,9,3
33.711605,9,4
105.2248,9,5
45.766827,9,6
19.981125,9,7
0.815928,9,8
0.16,9,10
2.697371,9,11
123.933579,9,12
2.049595,10,2
0.096475,10,3
7.344733,10,4
3.8204,10,5
0.036901,10,6
10.648651,10,7
39.175131,10,8
5.724123,10,9
53.064813,10,11
0.935539,10,12
14.337147,11,2
5.390149,11,3
3.961171,11,4
54.513589,11,5
0.639987,11,6
7.050096,11,7
15.737179,11,8
15.241309,11,9
7.909941,11,10
21.178539,11,12
103.701349,12,2
124.649613,12,3
8.422181,12,4
250.587531,12,5
38.0354,12,6
54.008573,12,7
0.758893,12,8
180.104123,12,9
0.400029,12,10
5.059352,12,11
succeed
0.0,0.307168,0.751053,0.026667,1.368115,1.338243,0.318933,0.0,1.101619,0.0,0.032128,1.841715
0.0,0.0,24.847829,0.104245,45.080891,26.256739,5.95444,0.0,22.128637,0.601904,0.213152,81.055976
0.0,41.270851,0.0,52.986589,94.384813,67.720091,18.888397,0.178064,41.285464,0.057043,1.560291,41.4826
0.0,9.539584,89.065525,0.0,33.664587,32.236573,15.380245,0.224363,16.200936,12.899403,0.494773,54.109976
0.0,45.465325,3.270317,0.046704,0.0,0.141003,0.165219,0.027648,7.94044,0.0,0.053333,120.049253
0.0,30.713333,156.639608,14.659144,36.341885,0.0,15.979539,0.073984,72.314368,1.120496,0.634021,62.3854
0.0,14.180256,42.074509,9.228899,11.857984,12.505989,0.0,0.230613,9.292419,0.026667,0.133333,24.96916
0.0,35.639965,11.283867,12.782269,292.591787,3.10828,0.678171,0.0,67.619973,12.416117,29.307941,113.646389
0.0,50.608312,105.221568,33.711605,105.2248,45.766827,19.981125,0.815928,0.0,0.16,2.697371,123.933579
0.0,2.049595,0.096475,7.344733,3.8204,0.036901,10.648651,39.175131,5.724123,0.0,53.064813,0.935539
0.0,14.337147,5.390149,3.961171,54.513589,0.639987,7.050096,15.737179,15.241309,7.909941,0.0,21.178539
0.0,103.701349,124.649613,8.422181,250.587531,38.0354,54.008573,0.758893,180.104123,0.400029,5.059352,0.0
