1750.99914
0.026667,1,2
0.053333,1,3
0.059728,1,5
0.623307,1,6
0.073947,1,7
0.331227,1,8
0.213568,1,11
0.449517,1,12
0.065173,2,1
4.491088,2,3
5.608371,2,4
0.888944,2,5
15.303635,2,6
3.464819,2,7
22.673025,2,8
2.631579,2,9
0.275063,2,10
2.975104,2,11
30.97416,2,12
0.267544,3,1
26.361779,3,2
3.937757,3,4
16.983835,3,5
28.420205,3,6
7.338075,3,7
25.511485,3,8
11.034808,3,9
0.509752,3,10
3.482947,3,11
14.445803,3,12
0.2488,4,1
4.976203,4,2
31.1274,4,3
20.589453,4,5
26.922784,4,6
21.064555,4,7
4.748117,4,8
13.415397,4,9
8.691811,4,10
11.012832,4,11
46.754525,4,12
0.239712,5,1
4.463008,5,2
8.231933,5,3
1.668616,5,4
3.042408,5,6
0.916389,5,7
3.165723,5,8
2.664528,5,9
0.026667,5,10
0.907424,5,11
2.101421,5,12
0.026667,6,1
13.479968,6,2
35.320608,6,3
10.139909,6,4
17.625152,6,5
7.050165,6,7
10.412563,6,8
8.368691,6,9
0.17452,6,10
3.310709,6,11
9.909293,6,12
0.09032,7,1
1.098387,7,2
14.376013,7,3
7.305195,7,4
2.618189,7,5
10.447643,7,6
5.622547,7,8
2.121696,7,9
2.566371,7,10
2.57144,7,11
19.006259,7,12
0.465312,8,1
7.269731,8,2
71.656008,8,3
8.887224,8,4
4.889456,8,5
10.158205,8,6
7.474933,8,7
22.928589,8,9
21.390005,8,10
18.082419,8,11
67.583211,8,12
0.347309,9,1
25.283104,9,2
18.330024,9,3
22.542592,9,4
7.237899,9,5
21.141853,9,6
5.900259,9,7
55.686101,9,8
1.052152,9,10
14.144675,9,11
59.816563,9,12
0.583043,10,4
0.111797,10,6
0.026667,10,7
34.266731,10,8
0.123523,10,9
47.990523,10,11
0.026667,10,12
5.657237,11,1
5.04804,11,2
7.037451,11,3
2.044088,11,4
2.138907,11,5
2.166341,11,6
2.838261,11,7
11.369125,11,8
5.642128,11,9
1.838837,11,10
3.052331,11,12
7.535979,12,1
61.200469,12,2
49.281253,12,3
58.133408,12,4
18.309888,12,5
58.703859,12,6
12.911955,12,7
110.638576,12,8
118.361128,12,9
3.145933,12,10
18.449115,12,11
succeed
0.0,0.026667,0.053333,0.0,0.059728,0.623307,0.073947,0.331227,0.0,0.0,0.213568,0.449517
0.065173,0.0,4.491088,5.608371,0.888944,15.303635,3.464819,22.673025,2.631579,0.275063,2.975104,30.97416
0.267544,26.361779,0.0,3.937757,16.983835,28.420205,7.338075,25.511485,11.034808,0.509752,3.482947,14.445803
0.2488,4.976203,31.1274,0.0,20.589453,26.922784,21.064555,4.748117,13.415397,8.691811,11.012832,46.754525
0.239712,4.463008,8.231933,1.668616,0.0,3.042408,0.916389,3.165723,2.664528,0.026667,0.907424,2.101421
0.026667,13.479968,35.320608,10.139909,17.625152,0.0,7.050165,10.412563,8.368691,0.17452,3.310709,9.909293
0.09032,1.098387,14.376013,7.305195,2.618189,10.447643,0.0,5.622547,2.121696,2.566371,2.57144,19.006259
0.465312,7.269731,71.656008,8.887224,4.889456,10.158205,7.474933,0.0,22.928589,21.390005,18.082419,67.583211
0.347309,25.283104,18.330024,22.542592,7.237899,21.141853,5.900259,55.686101,0.0,1.052152,14.144675,59.816563
0.0,0.0,0.0,0.583043,0.0,0.111797,0.026667,34.266731,0.123523,0.0,47.990523,0.026667
5.657237,5.04804,7.037451,2.044088,2.138907,2.166341,2.838261,11.369125,5.642128,1.838837,0.0,3.052331
7.535979,61.200469,49.281253,58.133408,18.309888,58.703859,12.911955,110.638576,118.361128,3.145933,18.449115,0.0
