1936.502586
0.053333,1,2
0.097515,1,3
0.097133,1,8
0.053333,1,11
0.258453,1,12
0.07664,2,1
9.467749,2,3
1.951787,2,4
0.455221,2,5
17.774301,2,6
0.468403,2,7
12.382835,2,8
1.747088,2,9
0.381368,2,10
5.126344,2,11
41.336571,2,12
0.134128,3,1
7.952776,3,2
8.828384,3,4
4.429123,3,5
18.075613,3,6
4.042235,3,7
37.413805,3,8
14.880509,3,9
0.623579,3,10
5.570525,3,11
7.475669,3,12
0.10672,4,1
3.372069,4,2
82.054637,4,3
14.278792,4,5
33.699075,4,6
20.962269,4,7
13.881027,4,8
9.944917,4,9
12.086208,4,10
12.92072,4,11
31.357285,4,12
0.152629,5,1
5.705813,5,2
12.482269,5,3
0.910941,5,4
1.887091,5,6
2.943587,5,7
8.912856,5,8
6.685541,5,9
1.524771,5,11
4.297048,5,12
0.037421,6,1
11.39944,6,2
74.513152,6,3
6.077848,6,4
2.823488,6,5
4.846395,6,7
21.876429,6,8
5.431909,6,9
2.475272,6,10
14.08564,6,11
11.130045,6,12
0.026667,7,1
1.031723,7,2
19.230248,7,3
7.664171,7,4
2.271445,7,5
9.119043,7,6
4.511792,7,8
0.642392,7,9
1.777944,7,10
4.416045,7,11
5.714757,7,12
0.027912,8,1
6.109405,8,2
136.857931,8,3
11.048853,8,4
15.698931,8,5
9.734165,8,6
3.043496,8,7
26.980837,8,9
6.853357,8,10
30.427611,8,11
58.632272,8,12
0.026667,9,1
5.77728,9,2
10.254672,9,3
27.521437,9,4
10.550368,9,5
10.849243,9,6
5.942648,9,7
63.139931,9,8
0.373021,9,10
28.888008,9,11
29.519699,9,12
0.053333,10,2
0.026667,10,3
0.162477,10,4
0.043413,10,5
0.184309,10,6
0.026667,10,7
36.935416,10,8
0.144117,10,9
21.575189,10,11
0.08,10,12
4.206272,11,2
26.440869,11,3
3.992059,11,4
1.629499,11,5
6.823904,11,6
5.470997,11,7
19.262445,11,8
4.587144,11,9
9.696816,11,10
6.578733,11,12
0.107963,12,1
94.107728,12,2
107.581176,12,3
44.570901,12,4
27.019829,12,5
37.874085,12,6
32.213616,12,7
114.413563,12,8
118.844419,12,9
0.837245,12,10
20.33004,12,11
succeed
0.0,0.053333,0.097515,0.0,0.0,0.0,0.0,0.097133,0.0,0.0,0.053333,0.258453
0.07664,0.0,9.467749,1.951787,0.455221,17.774301,0.468403,12.382835,1.747088,0.381368,5.126344,41.336571
0.134128,7.952776,0.0,8.828384,4.429123,18.075613,4.042235,37.413805,14.880509,0.623579,5.570525,7.475669
0.10672,3.372069,82.054637,0.0,14.278792,33.699075,20.962269,13.881027,9.944917,12.086208,12.92072,31.357285
0.152629,5.705813,12.482269,0.910941,0.0,1.887091,2.943587,8.912856,6.685541,0.0,1.524771,4.297048
0.037421,11.39944,74.513152,6.077848,2.823488,0.0,4.846395,21.876429,5.431909,2.475272,14.08564,11.130045
0.026667,1.031723,19.230248,7.664171,2.271445,9.119043,0.0,4.511792,0.642392,1.777944,4.416045,5.714757
0.027912,6.109405,136.857931,11.048853,15.698931,9.734165,3.043496,0.0,26.980837,6.853357,30.427611,58.632272
0.026667,5.77728,10.254672,27.521437,10.550368,10.849243,5.942648,63.139931,0.0,0.373021,28.888008,29.519699
0.0,0.053333,0.026667,0.162477,0.043413,0.184309,0.026667,36.935416,0.144117,0.0,21.575189,0.08
0.0,4.206272,26.440869,3.992059,1.629499,6.823904,5.470997,19.262445,4.587144,9.696816,0.0,6.578733
0.107963,94.107728,107.581176,44.570901,27.019829,37.874085,32.213616,114.413563,118.844419,0.837245,20.33004,0.0
