4326.947488
1.543619,1,2
1.222021,1,3
2.455851,1,5
0.860995,1,6
1.1792,1,7
1.50404,1,9
0.026667,1,11
1.847416,1,12
43.088595,2,3
0.257829,2,4
63.232861,2,5
27.957517,2,6
12.267179,2,7
0.094187,2,8
27.894123,2,9
0.026667,2,10
0.875541,2,11
62.060363,2,12
48.508416,3,2
21.724109,3,4
151.342613,3,5
65.105891,3,6
21.305245,3,7
0.336971,3,8
48.777667,3,9
0.08,3,10
3.052333,3,11
113.677696,3,12
10.864248,4,2
50.901861,4,3
47.005397,4,5
48.362595,4,6
13.734288,4,7
0.026667,4,8
22.401309,4,9
8.025891,4,10
1.345283,4,11
47.336499,4,12
65.460517,5,2
2.759269,5,3
0.08,5,6
0.08,5,7
0.053333,5,8
10.052501,5,9
0.09744,5,11
165.984512,5,12
31.902307,6,2
139.349643,6,3
28.154131,6,4
199.693003,6,5
19.227339,6,7
115.303963,6,9
0.08,6,10
16.700131,6,11
50.893525,6,12
6.809696,7,2
35.859787,7,3
16.315613,7,4
22.080941,7,5
11.949064,7,6
16.389704,7,9
0.026667,7,10
0.752771,7,11
15.235992,7,12
39.829827,8,2
12.883347,8,3
38.534347,8,4
190.017381,8,5
0.561877,8,6
0.519624,8,7
117.587008,8,9
14.941469,8,10
27.299565,8,11
145.877677,8,12
48.448397,9,2
76.021728,9,3
34.02988,9,4
198.31604,9,5
92.708528,9,6
23.526829,9,7
0.106667,9,8
0.139848,9,10
9.092173,9,11
151.163368,9,12
0.613765,10,2
1.106053,10,3
5.879133,10,4
9.133739,10,5
0.835264,10,7
44.179971,10,8
3.298112,10,9
55.489552,10,11
1.496395,10,12
11.239141,11,2
3.255765,11,3
5.883467,11,4
56.742696,11,5
0.276344,11,6
7.322248,11,7
35.078251,11,8
12.603635,11,9
15.843339,11,10
12.973443,11,12
188.266616,12,2
97.828995,12,3
8.423168,12,4
290.513787,12,5
78.859608,12,6
17.034656,12,7
0.107853,12,8
184.335525,12,9
0.198984,12,10
12.920904,12,11
succeed
0.0,1.543619,1.222021,0.0,2.455851,0.860995,1.1792,0.0,1.50404,0.0,0.026667,1.847416
0.0,0.0,43.088595,0.257829,63.232861,27.957517,12.267179,0.094187,27.894123,0.026667,0.875541,62.060363
0.0,48.508416,0.0,21.724109,151.342613,65.105891,21.305245,0.336971,48.777667,0.08,3.052333,113.677696
0.0,10.864248,50.901861,0.0,47.005397,48.362595,13.734288,0.026667,22.401309,8.025891,1.345283,47.336499
0.0,65.460517,2.759269,0.0,0.0,0.08,0.08,0.053333,10.052501,0.0,0.09744,165.984512
0.0,31.902307,139.349643,28.154131,199.693003,0.0,19.227339,0.0,115.303963,0.08,16.700131,50.893525
0.0,6.809696,35.859787,16.315613,22.080941,11.949064,0.0,0.0,16.389704,0.026667,0.752771,15.235992
0.0,39.829827,12.883347,38.534347,190.017381,0.561877,0.519624,0.0,117.587008,14.941469,27.299565,145.877677
0.0,48.448397,76.021728,34.02988,198.31604,92.708528,23.526829,0.106667,0.0,0.139848,9.092173,151.163368
0.0,0.613765,1.106053,5.879133,9.133739,0.0,0.835264,44.179971,3.298112,0.0,55.489552,1.496395
0.0,11.239141,3.255765,5.883467,56.742696,0.276344,7.322248,35.078251,12.603635,15.843339,0.0,12.973443
0.0,188.266616,97.828995,8.423168,290.513787,78.859608,17.034656,0.107853,184.335525,0.198984,12.920904,0.0
