4257.409321
0.521208,1,2
1.256813,1,3
0.436163,1,4
0.701699,1,5
0.735677,1,6
0.254435,1,7
0.580816,1,8
2.186869,1,9
0.06612,1,10
0.210213,1,11
1.649064,1,12
0.973995,2,1
23.923309,2,3
11.977453,2,4
14.878405,2,5
26.489349,2,6
7.793877,2,7
20.749067,2,8
14.177035,2,9
2.499323,2,10
6.107989,2,11
69.308347,2,12
1.620576,3,1
36.726181,3,2
30.371347,3,4
23.226037,3,5
117.403288,3,6
20.752525,3,7
68.138563,3,8
22.809477,3,9
4.635456,3,10
12.726109,3,11
53.534429,3,12
4.513184,4,1
15.001667,4,2
66.589723,4,3
12.693451,4,5
39.492792,4,6
30.550883,4,7
70.989208,4,8
22.587453,4,9
25.773541,4,10
19.046901,4,11
42.504688,4,12
5.270992,5,1
8.267123,5,2
44.201485,5,3
4.69844,5,4
7.611651,5,6
4.192824,5,7
13.103024,5,8
7.601213,5,9
4.321021,5,10
3.021587,5,11
9.017136,5,12
0.730651,6,1
36.40144,6,2
189.770848,6,3
19.598176,6,4
13.389683,6,5
20.296493,6,7
56.712317,6,8
81.152757,6,9
5.4766,6,10
15.293176,6,11
83.640539,6,12
1.908453,7,1
5.900691,7,2
46.963408,7,3
9.930267,7,4
4.805131,7,5
20.474744,7,6
9.874827,7,8
10.17624,7,9
1.4576,7,10
2.776027,7,11
18.082675,7,12
1.792328,8,1
26.263085,8,2
133.21472,8,3
27.015493,8,4
34.131973,8,5
78.463357,8,6
13.711219,8,7
105.477584,8,9
17.226141,8,10
34.612816,8,11
121.856755,8,12
2.871363,9,1
49.310045,9,2
90.154101,9,3
40.726901,9,4
25.396435,9,5
91.290264,9,6
27.735253,9,7
94.981133,9,8
13.309272,9,10
35.798341,9,11
198.657504,9,12
1.450568,10,2
6.231229,10,3
11.908296,10,4
2.587552,10,5
8.479232,10,6
1.15008,10,7
50.653725,10,8
2.181699,10,9
49.900581,10,11
4.50044,10,12
1.218299,11,1
22.398651,11,2
30.389109,11,3
8.442619,11,4
6.289192,11,5
13.922651,11,6
5.413499,11,7
28.79428,11,8
16.46996,11,9
8.48404,11,10
22.868843,11,12
0.953963,12,1
160.378165,12,2
121.510189,12,3
83.573731,12,4
46.504035,12,5
86.461136,12,6
32.553733,12,7
133.856219,12,8
251.105237,12,9
7.491424,12,10
50.006917,12,11
succeed
0.0,0.521208,1.256813,0.436163,0.701699,0.735677,0.254435,0.580816,2.186869,0.06612,0.210213,1.649064
0.973995,0.0,23.923309,11.977453,14.878405,26.489349,7.793877,20.749067,14.177035,2.499323,6.107989,69.308347
1.620576,36.726181,0.0,30.371347,23.226037,117.403288,20.752525,68.138563,22.809477,4.635456,12.726109,53.534429
4.513184,15.001667,66.589723,0.0,12.693451,39.492792,30.550883,70.989208,22.587453,25.773541,19.046901,42.504688
5.270992,8.267123,44.201485,4.69844,0.0,7.611651,4.192824,13.103024,7.601213,4.321021,3.021587,9.017136
0.730651,36.40144,189.770848,19.598176,13.389683,0.0,20.296493,56.712317,81.152757,5.4766,15.293176,83.640539
1.908453,5.900691,46.963408,9.930267,4.805131,20.474744,0.0,9.874827,10.17624,1.4576,2.776027,18.082675
1.792328,26.263085,133.21472,27.015493,34.131973,78.463357,13.711219,0.0,105.477584,17.226141,34.612816,121.856755
2.871363,49.310045,90.154101,40.726901,25.396435,91.290264,27.735253,94.981133,0.0,13.309272,35.798341,198.657504
0.0,1.450568,6.231229,11.908296,2.587552,8.479232,1.15008,50.653725,2.181699,0.0,49.900581,4.50044
1.218299,22.398651,30.389109,8.442619,6.289192,13.922651,5.413499,28.79428,16.46996,8.48404,0.0,22.868843
0.953963,160.378165,121.510189,83.573731,46.504035,86.461136,32.553733,133.856219,251.105237,7.491424,50.006917,0.0
