3603.841818
0.345893,1,2
0.805435,1,3
0.22716,1,4
0.198536,1,5
0.742939,1,6
0.387797,1,7
0.207043,1,8
1.027333,1,9
0.306645,1,10
0.323683,1,11
0.693952,1,12
0.362173,2,1
20.632333,2,3
4.059877,2,4
8.805885,2,5
34.272352,2,6
5.614051,2,7
21.396328,2,8
9.196837,2,9
0.741653,2,10
9.448013,2,11
44.057968,2,12
1.062853,3,1
22.444861,3,2
22.876693,3,4
45.806541,3,5
43.221576,3,6
30.982675,3,7
87.047901,3,8
27.426768,3,9
3.724963,3,10
15.120363,3,11
35.280011,3,12
0.527803,4,1
6.3066,4,2
57.767115,4,3
18.45024,4,5
37.65676,4,6
27.524651,4,7
11.560848,4,8
19.142779,4,9
12.630504,4,10
15.147672,4,11
45.707061,4,12
4.411832,5,1
4.074069,5,2
23.73416,5,3
4.977467,5,4
13.810528,5,6
4.669797,5,7
19.736381,5,8
9.089432,5,9
1.557627,5,10
4.528552,5,11
10.715608,5,12
1.271947,6,1
29.78064,6,2
99.326757,6,3
10.562693,6,4
5.395739,6,5
21.730592,6,7
60.280675,6,8
64.002787,6,9
4.610723,6,10
16.194421,6,11
77.007179,6,12
0.219936,7,1
3.573408,7,2
26.507949,7,3
9.561541,7,4
5.449539,7,5
24.630443,7,6
7.370387,7,8
7.175963,7,9
0.825149,7,10
3.586117,7,11
10.06524,7,12
5.733424,8,1
51.514032,8,2
100.534752,8,3
28.505,8,4
53.972861,8,5
53.366461,8,6
14.896869,8,7
81.433653,8,9
16.312221,8,10
40.038443,8,11
171.191664,8,12
1.755067,9,1
40.269376,9,2
81.550917,9,3
34.754504,9,4
15.971776,9,5
55.822803,9,6
33.006461,9,7
99.949096,9,8
7.060968,9,10
35.209739,9,11
220.438992,9,12
0.535573,10,1
0.402557,10,2
1.362253,10,3
9.767451,10,4
0.75172,10,5
0.98292,10,6
0.342411,10,7
51.891736,10,8
1.064699,10,9
43.439912,10,11
3.645061,10,12
0.427115,11,1
10.395504,11,2
18.612653,11,3
6.580736,11,4
5.004451,11,5
13.325051,11,6
5.088427,11,7
30.858448,11,8
10.152835,11,9
3.312128,11,10
9.643232,11,12
1.781848,12,1
115.773843,12,2
103.401989,12,3
76.954371,12,4
32.870301,12,5
60.730365,12,6
23.010221,12,7
122.257096,12,8
205.874019,12,9
8.41292,12,10
40.192491,12,11
succeed
0.0,0.345893,0.805435,0.22716,0.198536,0.742939,0.387797,0.207043,1.027333,0.306645,0.323683,0.693952
0.362173,0.0,20.632333,4.059877,8.805885,34.272352,5.614051,21.396328,9.196837,0.741653,9.448013,44.057968
1.062853,22.444861,0.0,22.876693,45.806541,43.221576,30.982675,87.047901,27.426768,3.724963,15.120363,35.280011
0.527803,6.3066,57.767115,0.0,18.45024,37.65676,27.524651,11.560848,19.142779,12.630504,15.147672,45.707061
4.411832,4.074069,23.73416,4.977467,0.0,13.810528,4.669797,19.736381,9.089432,1.557627,4.528552,10.715608
1.271947,29.78064,99.326757,10.562693,5.395739,0.0,21.730592,60.280675,64.002787,4.610723,16.194421,77.007179
0.219936,3.573408,26.507949,9.561541,5.449539,24.630443,0.0,7.370387,7.175963,0.825149,3.586117,10.06524
5.733424,51.514032,100.534752,28.505,53.972861,53.366461,14.896869,0.0,81.433653,16.312221,40.038443,171.191664
1.755067,40.269376,81.550917,34.754504,15.971776,55.822803,33.006461,99.949096,0.0,7.060968,35.209739,220.438992
0.535573,0.402557,1.362253,9.767451,0.75172,0.98292,0.342411,51.891736,1.064699,0.0,43.439912,3.645061
0.427115,10.395504,18.612653,6.580736,5.004451,13.325051,5.088427,30.858448,10.152835,3.312128,0.0,9.643232
1.781848,115.773843,103.401989,76.954371,32.870301,60.730365,23.010221,122.257096,205.874019,8.41292,40.192491,0.0
