1964.432205
0.140763,1,3
0.043872,1,5
1.417643,1,7
0.244448,1,8
0.434723,1,12
0.026667,2,1
4.379685,2,3
3.648285,2,4
9.267341,2,5
9.371464,2,6
0.591181,2,7
20.674196,2,8
8.763131,2,9
0.162196,2,10
2.879867,2,11
18.876045,2,12
0.098499,3,1
6.884645,3,2
4.872427,3,4
8.132101,3,5
28.599525,3,6
17.658547,3,7
43.114779,3,8
8.405293,3,9
0.969381,3,10
9.4628,3,11
20.060669,3,12
0.111627,4,1
10.460547,4,2
79.008213,4,3
22.785229,4,5
24.592709,4,6
14.595464,4,7
20.586053,4,8
20.352413,4,9
5.154752,4,10
18.803709,4,11
46.71224,4,12
0.810357,5,1
1.346544,5,2
7.456763,5,3
1.564128,5,4
1.447709,5,6
1.419011,5,7
6.369949,5,8
1.312181,5,9
0.026667,5,10
2.085197,5,11
1.868336,5,12
0.026667,6,1
8.323827,6,2
39.537728,6,3
7.381144,6,4
1.471221,6,5
3.162213,6,7
16.87008,6,8
5.92416,6,9
1.564608,6,10
12.251765,6,11
13.578459,6,12
0.026667,7,1
2.120952,7,2
11.852325,7,3
5.654997,7,4
3.732165,7,5
14.068488,7,6
7.753981,7,8
2.310827,7,9
3.151192,7,10
3.986603,7,11
10.603872,7,12
0.053333,8,1
6.488019,8,2
58.521955,8,3
22.076531,8,4
1.915552,8,5
25.781683,8,6
3.676603,8,7
27.563504,8,9
21.723643,8,10
37.459723,8,11
74.260587,8,12
2.136864,9,1
11.668544,9,2
22.534099,9,3
26.229515,9,4
6.368195,9,5
25.002472,9,6
5.353392,9,7
65.621067,9,8
1.804109,9,10
27.896451,9,11
46.685163,9,12
0.45728,10,2
0.204491,10,3
6.133267,10,4
0.233629,10,6
0.026667,10,7
37.120712,10,8
39.238157,10,11
0.637987,10,12
1.224168,11,1
5.121648,11,2
18.939344,11,3
2.740197,11,4
0.377925,11,5
3.160469,11,6
2.152235,11,7
15.301667,11,8
10.995616,11,9
5.861059,11,10
27.547067,11,12
0.203627,12,1
80.832203,12,2
56.394741,12,3
47.076928,12,4
29.304931,12,5
31.381901,12,6
13.697517,12,7
129.872683,12,8
125.624613,12,9
1.580875,12,10
56.763685,12,11
succeed
0.0,0.0,0.140763,0.0,0.043872,0.0,1.417643,0.244448,0.0,0.0,0.0,0.434723
0.026667,0.0,4.379685,3.648285,9.267341,9.371464,0.591181,20.674196,8.763131,0.162196,2.879867,18.876045
0.098499,6.884645,0.0,4.872427,8.132101,28.599525,17.658547,43.114779,8.405293,0.969381,9.4628,20.060669
0.111627,10.460547,79.008213,0.0,22.785229,24.592709,14.595464,20.586053,20.352413,5.154752,18.803709,46.71224
0.810357,1.346544,7.456763,1.564128,0.0,1.447709,1.419011,6.369949,1.312181,0.026667,2.085197,1.868336
0.026667,8.323827,39.537728,7.381144,1.471221,0.0,3.162213,16.87008,5.92416,1.564608,12.251765,13.578459
0.026667,2.120952,11.852325,5.654997,3.732165,14.068488,0.0,7.753981,2.310827,3.151192,3.986603,10.603872
0.053333,6.488019,58.521955,22.076531,1.915552,25.781683,3.676603,0.0,27.563504,21.723643,37.459723,74.260587
2.136864,11.668544,22.534099,26.229515,6.368195,25.002472,5.353392,65.621067,0.0,1.804109,27.896451,46.685163
0.0,0.45728,0.204491,6.133267,0.0,0.233629,0.026667,37.120712,0.0,0.0,39.238157,0.637987
1.224168,5.121648,18.939344,2.740197,0.377925,3.160469,2.152235,15.301667,10.995616,5.861059,0.0,27.547067
0.203627,80.832203,56.394741,47.076928,29.304931,31.381901,13.697517,129.872683,125.624613,1.580875,56.763685,0.0
