3268.111562
0.060053,1,2
0.249317,1,3
0.026667,1,4
0.05816,1,5
0.083221,1,6
0.099653,1,7
0.36972,1,8
0.155024,1,9
0.085077,1,10
0.109304,1,11
1.087885,1,12
0.200768,2,1
13.580811,2,3
11.183864,2,4
18.562613,2,5
19.908979,2,6
6.07804,2,7
24.483648,2,8
15.978904,2,9
1.507304,2,10
8.86404,2,11
40.900757,2,12
0.640605,3,1
17.43356,3,2
17.246309,3,4
10.616627,3,5
38.407656,3,6
15.015053,3,7
54.192123,3,8
21.289259,3,9
2.704811,3,10
16.703808,3,11
37.945035,3,12
0.148587,4,1
25.47252,4,2
43.577664,4,3
20.469301,4,5
29.938869,4,6
29.54016,4,7
25.485648,4,8
26.120251,4,9
19.637016,4,10
17.121181,4,11
41.222059,4,12
0.670405,5,1
14.886611,5,2
11.826797,5,3
10.898608,5,4
13.965299,5,6
2.490624,5,7
11.1292,5,8
5.670971,5,9
1.395512,5,10
2.621147,5,11
7.588429,5,12
0.163147,6,1
24.126421,6,2
79.38604,6,3
15.625403,6,4
6.887843,6,5
9.515136,6,7
47.608213,6,8
24.499512,6,9
5.725797,6,10
20.336728,6,11
23.322896,6,12
0.600003,7,1
3.673989,7,2
27.459939,7,3
11.669776,7,4
4.249299,7,5
23.137376,7,6
6.060699,7,8
6.105515,7,9
0.30276,7,10
2.384296,7,11
12.5786,7,12
7.321731,8,1
31.144528,8,2
120.522984,8,3
47.632643,8,4
15.888789,8,5
138.611936,8,6
9.972045,8,7
70.737568,8,9
20.307267,8,10
51.298045,8,11
118.356365,8,12
1.237688,9,1
62.962299,9,2
84.226539,9,3
35.776429,9,4
17.578992,9,5
59.551912,9,6
24.102637,9,7
109.973541,9,8
7.495304,9,10
31.794115,9,11
74.329661,9,12
1.294069,10,2
0.493712,10,3
4.039776,10,4
0.471592,10,5
11.840837,10,6
0.084787,10,7
57.965312,10,8
3.040595,10,9
29.789179,10,11
0.348917,10,12
0.580504,11,1
16.875371,11,2
31.243371,11,3
7.021256,11,4
4.251715,11,5
21.129475,11,6
5.098267,11,7
58.486157,11,8
12.983779,11,9
5.854403,11,10
19.122819,11,12
5.167755,12,1
97.852293,12,2
104.811619,12,3
65.872125,12,4
40.772075,12,5
58.17696,12,6
29.691341,12,7
134.976917,12,8
128.240088,12,9
2.976683,12,10
53.609893,12,11
succeed
0.0,0.060053,0.249317,0.026667,0.05816,0.083221,0.099653,0.36972,0.155024,0.085077,0.109304,1.087885
0.200768,0.0,13.580811,11.183864,18.562613,19.908979,6.07804,24.483648,15.978904,1.507304,8.86404,40.900757
0.640605,17.43356,0.0,17.246309,10.616627,38.407656,15.015053,54.192123,21.289259,2.704811,16.703808,37.945035
0.148587,25.47252,43.577664,0.0,20.469301,29.938869,29.54016,25.485648,26.120251,19.637016,17.121181,41.222059
0.670405,14.886611,11.826797,10.898608,0.0,13.965299,2.490624,11.1292,5.670971,1.395512,2.621147,7.588429
0.163147,24.126421,79.38604,15.625403,6.887843,0.0,9.515136,47.608213,24.499512,5.725797,20.336728,23.322896
0.600003,3.673989,27.459939,11.669776,4.249299,23.137376,0.0,6.060699,6.105515,0.30276,2.384296,12.5786
7.321731,31.144528,120.522984,47.632643,15.888789,138.611936,9.972045,0.0,70.737568,20.307267,51.298045,118.356365
1.237688,62.962299,84.226539,35.776429,17.578992,59.551912,24.102637,109.973541,0.0,7.495304,31.794115,74.329661
0.0,1.294069,0.493712,4.039776,0.471592,11.840837,0.084787,57.965312,3.040595,0.0,29.789179,0.348917
0.580504,16.875371,31.243371,7.021256,4.251715,21.129475,5.098267,58.486157,12.983779,5.854403,0.0,19.122819
5.167755,97.852293,104.811619,65.872125,40.772075,58.17696,29.691341,134.976917,128.240088,2.976683,53.609893,0.0
