1731.587887
0.180808,1,2
0.053333,1,3
0.044811,1,4
0.278427,1,5
0.515835,1,6
0.194539,1,7
1.08192,1,8
0.173643,1,9
0.013333,1,10
0.693219,1,11
1.596624,1,12
0.105088,2,1
7.509323,2,3
3.592619,2,4
0.959461,2,5
17.470883,2,6
2.191584,2,7
16.881044,2,8
3.946699,2,9
0.103084,2,10
15.789896,2,11
33.875709,2,12
0.375459,3,1
9.786531,3,2
7.605589,3,4
5.006363,3,5
26.348624,3,6
10.931637,3,7
21.726589,3,8
6.781723,3,9
1.319517,3,10
30.761709,3,11
13.670904,3,12
0.096248,4,1
6.010227,4,2
24.694683,4,3
19.325373,4,5
14.373939,4,6
25.815901,4,7
10.462331,4,8
3.600008,4,9
19.95756,4,10
24.062083,4,11
16.939171,4,12
3.472811,5,1
2.038827,5,2
7.263859,5,3
3.1612,5,4
4.333413,5,6
0.943315,5,7
2.606275,5,8
1.033139,5,9
0.026667,5,10
8.071173,5,11
9.379565,5,12
0.056003,6,1
4.869139,6,2
44.121587,6,3
6.230467,6,4
1.228285,6,5
4.609312,6,7
13.794275,6,8
9.641072,6,9
1.176555,6,10
26.521136,6,11
7.553507,6,12
0.087171,7,1
6.013779,7,2
11.178216,7,3
8.968416,7,4
3.506051,7,5
23.001955,7,6
6.502848,7,8
2.856421,7,9
2.411195,7,10
10.610419,7,11
14.331088,7,12
0.426475,8,1
6.101904,8,2
48.842955,8,3
17.734635,8,4
4.999267,8,5
12.976504,8,6
2.498851,8,7
21.477245,8,9
13.575163,8,10
61.159181,8,11
47.849987,8,12
0.885573,9,1
16.204947,9,2
17.833043,9,3
12.724309,9,4
2.998867,9,5
11.115835,9,6
4.66004,9,7
49.538211,9,8
5.532517,9,10
24.356315,9,11
52.835491,9,12
0.026667,10,3
0.398168,10,4
0.28248,10,6
0.026667,10,7
12.917528,10,8
0.091176,10,9
15.495165,10,11
0.053333,10,12
0.097275,11,1
15.271512,11,2
20.227355,11,3
3.271325,11,4
2.782568,11,5
6.961037,11,6
4.193781,11,7
26.663373,11,8
7.801667,11,9
1.832536,11,10
6.956235,11,12
0.026667,12,1
92.096493,12,2
101.375283,12,3
68.894037,12,4
17.415112,12,5
27.648901,12,6
28.32232,12,7
33.719925,12,8
86.569565,12,9
4.407237,12,10
50.931992,12,11
succeed
0.0,0.180808,0.053333,0.044811,0.278427,0.515835,0.194539,1.08192,0.173643,0.013333,0.693219,1.596624
0.105088,0.0,7.509323,3.592619,0.959461,17.470883,2.191584,16.881044,3.946699,0.103084,15.789896,33.875709
0.375459,9.786531,0.0,7.605589,5.006363,26.348624,10.931637,21.726589,6.781723,1.319517,30.761709,13.670904
0.096248,6.010227,24.694683,0.0,19.325373,14.373939,25.815901,10.462331,3.600008,19.95756,24.062083,16.939171
3.472811,2.038827,7.263859,3.1612,0.0,4.333413,0.943315,2.606275,1.033139,0.026667,8.071173,9.379565
0.056003,4.869139,44.121587,6.230467,1.228285,0.0,4.609312,13.794275,9.641072,1.176555,26.521136,7.553507
0.087171,6.013779,11.178216,8.968416,3.506051,23.001955,0.0,6.502848,2.856421,2.411195,10.610419,14.331088
0.426475,6.101904,48.842955,17.734635,4.999267,12.976504,2.498851,0.0,21.477245,13.575163,61.159181,47.849987
0.885573,16.204947,17.833043,12.724309,2.998867,11.115835,4.66004,49.538211,0.0,5.532517,24.356315,52.835491
0.0,0.0,0.026667,0.398168,0.0,0.28248,0.026667,12.917528,0.091176,0.0,15.495165,0.053333
0.097275,15.271512,20.227355,3.271325,2.782568,6.961037,4.193781,26.663373,7.801667,1.832536,0.0,6.956235
0.026667,92.096493,101.375283,68.894037,17.415112,27.648901,28.32232,33.719925,86.569565,4.407237,50.931992,0.0
