2511.6169959999997
0.172288,1,2
1.441979,1,3
0.026667,1,4
0.026667,1,5
0.838104,1,6
0.182915,1,7
0.647337,1,8
0.169187,1,9
0.048743,1,10
0.755056,1,11
5.178944,1,12
0.092869,2,1
22.72372,2,3
1.413341,2,4
21.729328,2,5
15.887952,2,6
4.438144,2,7
22.815867,2,8
5.990696,2,9
0.561811,2,10
9.692219,2,11
24.651435,2,12
0.520565,3,1
34.355995,3,2
14.878488,3,4
18.415757,3,5
56.286525,3,6
18.000765,3,7
55.534581,3,8
34.329936,3,9
5.671024,3,10
23.258499,3,11
33.242557,3,12
0.386163,4,1
5.816696,4,2
32.628304,4,3
19.520771,4,5
12.697536,4,6
11.828451,4,7
7.135579,4,8
7.708101,4,9
11.035371,4,10
16.478213,4,11
28.626749,4,12
0.489709,5,1
6.261349,5,2
16.742069,5,3
5.747435,5,4
3.690821,5,6
8.766424,5,7
15.576085,5,8
3.487344,5,9
0.063427,5,10
6.692363,5,11
24.724056,5,12
0.160715,6,1
10.213864,6,2
70.458733,6,3
7.922528,6,4
9.974309,6,5
8.434712,6,7
17.506779,6,8
18.366976,6,9
0.651544,6,10
25.731867,6,11
21.045419,6,12
0.244629,7,1
2.323621,7,2
28.324323,7,3
10.734053,7,4
3.377059,7,5
16.256776,7,6
6.165835,7,8
8.038509,7,9
1.874544,7,10
10.182451,7,11
10.877435,7,12
0.344267,8,1
9.213179,8,2
47.826299,8,3
16.086565,8,4
7.509141,8,5
17.496557,8,6
5.270085,8,7
38.359269,8,9
19.560403,8,10
64.532912,8,11
51.744915,8,12
0.468595,9,1
27.965739,9,2
35.559539,9,3
12.966853,9,4
18.001192,9,5
27.878037,9,6
17.811981,9,7
70.925696,9,8
1.952389,9,10
32.264045,9,11
103.429717,9,12
0.454315,10,2
0.053333,10,3
6.060584,10,4
0.026667,10,5
0.406448,10,6
11.026149,10,8
0.079157,10,9
22.196619,10,11
0.026667,10,12
0.373773,11,1
25.905712,11,2
49.060901,11,3
14.568189,11,4
10.599989,11,5
41.397264,11,6
16.560269,11,7
39.522011,11,8
21.056864,11,9
2.068896,11,10
41.220995,11,12
0.697835,12,1
55.144107,12,2
57.215325,12,3
69.242912,12,4
41.995304,12,5
44.197587,12,6
13.643893,12,7
86.959723,12,8
193.080443,12,9
3.768925,12,10
46.889107,12,11
succeed
0.0,0.172288,1.441979,0.026667,0.026667,0.838104,0.182915,0.647337,0.169187,0.048743,0.755056,5.178944
0.092869,0.0,22.72372,1.413341,21.729328,15.887952,4.438144,22.815867,5.990696,0.561811,9.692219,24.651435
0.520565,34.355995,0.0,14.878488,18.415757,56.286525,18.000765,55.534581,34.329936,5.671024,23.258499,33.242557
0.386163,5.816696,32.628304,0.0,19.520771,12.697536,11.828451,7.135579,7.708101,11.035371,16.478213,28.626749
0.489709,6.261349,16.742069,5.747435,0.0,3.690821,8.766424,15.576085,3.487344,0.063427,6.692363,24.724056
0.160715,10.213864,70.458733,7.922528,9.974309,0.0,8.434712,17.506779,18.366976,0.651544,25.731867,21.045419
0.244629,2.323621,28.324323,10.734053,3.377059,16.256776,0.0,6.165835,8.038509,1.874544,10.182451,10.877435
0.344267,9.213179,47.826299,16.086565,7.509141,17.496557,5.270085,0.0,38.359269,19.560403,64.532912,51.744915
0.468595,27.965739,35.559539,12.966853,18.001192,27.878037,17.811981,70.925696,0.0,1.952389,32.264045,103.429717
0.0,0.454315,0.053333,6.060584,0.026667,0.406448,0.0,11.026149,0.079157,0.0,22.196619,0.026667
0.373773,25.905712,49.060901,14.568189,10.599989,41.397264,16.560269,39.522011,21.056864,2.068896,0.0,41.220995
0.697835,55.144107,57.215325,69.242912,41.995304,44.197587,13.643893,86.959723,193.080443,3.768925,46.889107,0.0
