8976.590137
0.08,1,2
0.466939,1,3
0.186187,1,4
0.240051,1,5
0.296027,1,6
0.255973,1,7
0.882,1,8
0.164405,1,9
0.026667,1,10
0.206552,1,11
0.436803,1,12
0.119496,2,1
9.42996,2,3
4.885789,2,4
7.266005,2,5
19.357808,2,6
3.416581,2,7
48.352005,2,8
10.993448,2,9
1.914648,2,10
5.808805,2,11
52.444768,2,12
0.293104,3,1
14.868219,3,2
14.532768,3,4
23.201173,3,5
35.039229,3,6
12.933928,3,7
75.565533,3,8
23.705173,3,9
1.650579,3,10
11.580979,3,11
25.75988,3,12
0.341837,4,1
2.627304,4,2
79.681451,4,3
12.650317,4,5
25.340459,4,6
23.971245,4,7
13.313101,4,8
24.935408,4,9
10.491027,4,10
14.672435,4,11
43.750211,4,12
4.610536,5,1
2.351059,5,2
39.220155,5,3
1.481859,5,4
4.397587,5,6
2.83796,5,7
18.423541,5,8
6.183229,5,9
0.453024,5,10
3.075933,5,11
4.762427,5,12
0.393995,6,1
15.955355,6,2
203.497267,6,3
14.11588,6,4
4.427704,6,5
8.635933,6,7
54.955024,6,8
28.831235,6,9
2.111899,6,10
16.056005,6,11
43.500699,6,12
0.964739,7,1
2.149024,7,2
32.092565,7,3
9.86616,7,4
4.455389,7,5
11.681419,7,6
7.358707,7,8
6.139237,7,9
0.394157,7,10
2.948075,7,11
8.858989,7,12
0.984005,8,1
10.107216,8,2
6144.222667,8,3
19.636451,8,4
14.077891,8,5
40.915968,8,6
6.999269,8,7
51.361736,8,9
5.169821,8,10
37.119507,8,11
127.249395,8,12
1.387856,9,1
23.311312,9,2
73.934856,9,3
37.81728,9,4
9.589611,9,5
31.291901,9,6
27.035901,9,7
70.367077,9,8
4.484013,9,10
31.310219,9,11
222.449016,9,12
0.029731,10,1
0.08,10,2
0.97264,10,3
1.463419,10,4
0.122368,10,5
0.800131,10,6
0.195568,10,7
51.766099,10,8
0.401301,10,9
45.334219,10,11
0.287869,10,12
0.434784,11,1
6.245909,11,2
38.086888,11,3
3.443157,11,4
3.850984,11,5
7.360408,11,6
4.131128,11,7
25.704029,11,8
7.182747,11,9
4.453696,11,10
15.529101,11,12
0.594008,12,1
71.969387,12,2
84.72892,12,3
50.311256,12,4
14.858624,12,5
40.01592,12,6
19.697688,12,7
104.494224,12,8
125.03572,12,9
2.156173,12,10
28.706029,12,11
succeed
0.0,0.08,0.466939,0.186187,0.240051,0.296027,0.255973,0.882,0.164405,0.026667,0.206552,0.436803
0.119496,0.0,9.42996,4.885789,7.266005,19.357808,3.416581,48.352005,10.993448,1.914648,5.808805,52.444768
0.293104,14.868219,0.0,14.532768,23.201173,35.039229,12.933928,75.565533,23.705173,1.650579,11.580979,25.75988
0.341837,2.627304,79.681451,0.0,12.650317,25.340459,23.971245,13.313101,24.935408,10.491027,14.672435,43.750211
4.610536,2.351059,39.220155,1.481859,0.0,4.397587,2.83796,18.423541,6.183229,0.453024,3.075933,4.762427
0.393995,15.955355,203.497267,14.11588,4.427704,0.0,8.635933,54.955024,28.831235,2.111899,16.056005,43.500699
0.964739,2.149024,32.092565,9.86616,4.455389,11.681419,0.0,7.358707,6.139237,0.394157,2.948075,8.858989
0.984005,10.107216,6144.222667,19.636451,14.077891,40.915968,6.999269,0.0,51.361736,5.169821,37.119507,127.249395
1.387856,23.311312,73.934856,37.81728,9.589611,31.291901,27.035901,70.367077,0.0,4.484013,31.310219,222.449016
0.029731,0.08,0.97264,1.463419,0.122368,0.800131,0.195568,51.766099,0.401301,0.0,45.334219,0.287869
0.434784,6.245909,38.086888,3.443157,3.850984,7.360408,4.131128,25.704029,7.182747,4.453696,0.0,15.529101
0.594008,71.969387,84.72892,50.311256,14.858624,40.01592,19.697688,104.494224,125.03572,2.156173,28.706029,0.0
