1912.412474
0.026667,1,2
0.219488,1,3
0.068309,1,5
0.570491,1,8
0.036373,1,9
0.118003,1,11
0.316997,1,12
0.026667,2,1
9.315088,2,3
4.128888,2,4
30.764699,2,5
10.913376,2,6
1.612869,2,7
10.418587,2,8
6.414581,2,9
0.326264,2,10
4.994011,2,11
34.776792,2,12
0.026667,3,1
18.983451,3,2
5.075323,3,4
5.623427,3,5
56.369787,3,6
8.323419,3,7
52.907347,3,8
7.124781,3,9
0.70944,3,10
3.146931,3,11
14.277757,3,12
0.276363,4,1
6.974299,4,2
41.466237,4,3
21.355688,4,5
23.790101,4,6
7.510227,4,7
14.030339,4,8
8.801035,4,9
2.381112,4,10
14.787181,4,11
32.875363,4,12
1.26096,5,1
10.529752,5,2
6.314816,5,3
1.688453,5,4
3.243709,5,6
1.324427,5,7
7.397595,5,8
2.650048,5,9
0.040864,5,10
0.563523,5,11
4.478736,5,12
0.026667,6,1
9.693416,6,2
44.004064,6,3
11.684397,6,4
8.845949,6,5
9.552939,6,7
54.061491,6,8
10.433171,6,9
0.570333,6,10
9.590104,6,11
26.086077,6,12
4.226944,7,2
12.427963,7,3
4.455315,7,4
2.652083,7,5
7.909245,7,6
5.180427,7,8
1.228789,7,9
2.087752,7,10
2.635176,7,11
14.400589,7,12
0.048936,8,1
34.888355,8,2
55.403189,8,3
9.116613,8,4
2.653939,8,5
25.186003,8,6
2.176128,8,7
30.987704,8,9
19.276896,8,10
29.385987,8,11
28.508891,8,12
0.244995,9,1
20.158973,9,2
18.565205,9,3
31.355699,9,4
2.820197,9,5
17.748069,9,6
21.328141,9,7
67.646077,9,8
2.256144,9,10
13.286925,9,11
45.617643,9,12
0.880885,10,2
21.390403,10,4
0.199685,10,6
29.168403,10,8
0.508251,10,9
35.029016,10,11
0.460232,10,12
0.157413,11,1
7.593784,11,2
17.712821,11,3
4.144307,11,4
2.151872,11,5
6.453272,11,6
2.372104,11,7
24.446813,11,8
5.404696,11,9
8.310224,11,10
4.684891,11,12
0.085064,12,1
114.763835,12,2
72.40408,12,3
38.639779,12,4
11.23216,12,5
45.131272,12,6
9.846347,12,7
79.064616,12,8
117.215515,12,9
1.747165,12,10
29.442661,12,11
succeed
0.0,0.026667,0.219488,0.0,0.068309,0.0,0.0,0.570491,0.036373,0.0,0.118003,0.316997
0.026667,0.0,9.315088,4.128888,30.764699,10.913376,1.612869,10.418587,6.414581,0.326264,4.994011,34.776792
0.026667,18.983451,0.0,5.075323,5.623427,56.369787,8.323419,52.907347,7.124781,0.70944,3.146931,14.277757
0.276363,6.974299,41.466237,0.0,21.355688,23.790101,7.510227,14.030339,8.801035,2.381112,14.787181,32.875363
1.26096,10.529752,6.314816,1.688453,0.0,3.243709,1.324427,7.397595,2.650048,0.040864,0.563523,4.478736
0.026667,9.693416,44.004064,11.684397,8.845949,0.0,9.552939,54.061491,10.433171,0.570333,9.590104,26.086077
0.0,4.226944,12.427963,4.455315,2.652083,7.909245,0.0,5.180427,1.228789,2.087752,2.635176,14.400589
0.048936,34.888355,55.403189,9.116613,2.653939,25.186003,2.176128,0.0,30.987704,19.276896,29.385987,28.508891
0.244995,20.158973,18.565205,31.355699,2.820197,17.748069,21.328141,67.646077,0.0,2.256144,13.286925,45.617643
0.0,0.880885,0.0,21.390403,0.0,0.199685,0.0,29.168403,0.508251,0.0,35.029016,0.460232
0.157413,7.593784,17.712821,4.144307,2.151872,6.453272,2.372104,24.446813,5.404696,8.310224,0.0,4.684891
0.085064,114.763835,72.40408,38.639779,11.23216,45.131272,9.846347,79.064616,117.215515,1.747165,29.442661,0.0
