1934.196144
0.026667,1,2
0.070805,1,3
0.026667,1,4
0.096995,1,8
0.630776,1,12
0.895029,2,1
2.567088,2,3
4.697907,2,4
0.287557,2,5
23.322637,2,6
0.4412,2,7
5.1492,2,8
5.114104,2,9
0.027371,2,10
9.393896,2,11
41.887331,2,12
0.029731,3,1
5.440136,3,2
10.696437,3,4
3.102283,3,5
111.959123,3,6
2.458629,3,7
34.769773,3,8
5.283184,3,9
0.606688,3,10
4.312445,3,11
16.331461,3,12
0.305072,4,1
0.936312,4,2
53.161485,4,3
13.818125,4,5
34.841131,4,6
25.143608,4,7
10.599096,4,8
15.244312,4,9
16.296744,4,10
13.183144,4,11
32.180376,4,12
0.109749,5,1
0.896523,5,2
16.061603,5,3
0.657131,5,4
0.661851,5,6
0.496648,5,7
2.999789,5,8
5.389053,5,9
3.787187,5,11
0.912691,5,12
12.40604,6,2
69.950048,6,3
4.152043,6,4
2.222176,6,5
8.284317,6,7
8.519909,6,8
31.401019,6,9
0.251123,6,10
12.48676,6,11
15.117597,6,12
0.026667,7,1
1.082979,7,2
16.926363,7,3
11.649299,7,4
2.387224,7,5
10.584064,7,6
4.748432,7,8
2.064445,7,9
2.230416,7,10
9.024445,7,11
6.085608,7,12
0.463915,8,1
6.734328,8,2
109.380568,8,3
12.261168,8,4
2.180589,8,5
13.308528,8,6
2.767816,8,7
33.575877,8,9
26.25204,8,10
35.005789,8,11
21.861693,8,12
0.163104,9,1
19.351875,9,2
9.538515,9,3
30.742808,9,4
1.700837,9,5
32.817419,9,6
3.994555,9,7
72.699099,9,8
1.90864,9,10
20.334421,9,11
53.801525,9,12
0.026667,10,2
9.266867,10,4
0.042368,10,5
0.264939,10,6
26.71168,10,8
0.290219,10,9
22.69932,10,11
0.026667,10,12
6.646296,11,2
20.788429,11,3
8.803509,11,4
0.986645,11,5
4.193811,11,6
1.487517,11,7
13.212248,11,8
8.722821,11,9
1.928013,11,10
10.506472,11,12
0.148461,12,1
73.946224,12,2
43.976803,12,3
45.068197,12,4
24.331005,12,5
70.172965,12,6
5.568061,12,7
73.197317,12,8
142.840936,12,9
4.810355,12,10
33.778499,12,11
succeed
0.0,0.026667,0.070805,0.026667,0.0,0.0,0.0,0.096995,0.0,0.0,0.0,0.630776
0.895029,0.0,2.567088,4.697907,0.287557,23.322637,0.4412,5.1492,5.114104,0.027371,9.393896,41.887331
0.029731,5.440136,0.0,10.696437,3.102283,111.959123,2.458629,34.769773,5.283184,0.606688,4.312445,16.331461
0.305072,0.936312,53.161485,0.0,13.818125,34.841131,25.143608,10.599096,15.244312,16.296744,13.183144,32.180376
0.109749,0.896523,16.061603,0.657131,0.0,0.661851,0.496648,2.999789,5.389053,0.0,3.787187,0.912691
0.0,12.40604,69.950048,4.152043,2.222176,0.0,8.284317,8.519909,31.401019,0.251123,12.48676,15.117597
0.026667,1.082979,16.926363,11.649299,2.387224,10.584064,0.0,4.748432,2.064445,2.230416,9.024445,6.085608
0.463915,6.734328,109.380568,12.261168,2.180589,13.308528,2.767816,0.0,33.575877,26.25204,35.005789,21.861693
0.163104,19.351875,9.538515,30.742808,1.700837,32.817419,3.994555,72.699099,0.0,1.90864,20.334421,53.801525
0.0,0.026667,0.0,9.266867,0.042368,0.264939,0.0,26.71168,0.290219,0.0,22.69932,0.026667
0.0,6.646296,20.788429,8.803509,0.986645,4.193811,1.487517,13.212248,8.722821,1.928013,0.0,10.506472
0.148461,73.946224,43.976803,45.068197,24.331005,70.172965,5.568061,73.197317,142.840936,4.810355,33.778499,0.0
