3490.6769329999997
0.695795,1,2
0.867512,1,3
0.856027,1,4
0.283213,1,5
1.013581,1,6
0.35212,1,7
0.465293,1,8
0.381061,1,9
0.16212,1,10
0.360149,1,11
0.99448,1,12
2.836248,2,1
29.719472,2,3
12.561123,2,4
6.420821,2,5
27.723877,2,6
7.699368,2,7
17.653232,2,8
21.061477,2,9
1.823704,2,10
4.256949,2,11
56.067707,2,12
2.913048,3,1
15.408971,3,2
13.908309,3,4
17.297947,3,5
42.226872,3,6
19.374821,3,7
26.672341,3,8
9.360389,3,9
4.668563,3,10
14.124136,3,11
16.430587,3,12
0.622488,4,1
9.801571,4,2
58.687939,4,3
16.423752,4,5
32.064555,4,6
17.149227,4,7
10.118235,4,8
21.165464,4,9
9.169749,4,10
71.862579,4,11
53.255419,4,12
5.529027,5,1
2.992291,5,2
30.747381,5,3
6.849104,5,4
11.322309,5,6
9.66896,5,7
202.026811,5,8
7.323795,5,9
1.215045,5,10
2.60036,5,11
8.933773,5,12
1.076048,6,1
23.564237,6,2
130.646075,6,3
14.36496,6,4
9.428811,6,5
17.949365,6,7
23.727227,6,8
31.0248,6,9
4.189253,6,10
22.691205,6,11
34.972125,6,12
0.187211,7,1
7.167451,7,2
38.579216,7,3
22.893227,7,4
5.089208,7,5
18.275821,7,6
10.660187,7,8
14.985872,7,9
1.386784,7,10
4.844747,7,11
14.822211,7,12
1.590819,8,1
59.624621,8,2
90.973136,8,3
10.839501,8,4
19.706368,8,5
45.077024,8,6
12.094936,8,7
51.776499,8,9
12.073368,8,10
28.776835,8,11
56.773293,8,12
2.492379,9,1
47.043504,9,2
77.738731,9,3
42.226936,9,4
29.439573,9,5
75.234171,9,6
23.170728,9,7
96.355653,9,8
14.221819,9,10
42.383275,9,11
160.493453,9,12
0.053912,10,1
1.551552,10,2
4.847728,10,3
6.233224,10,4
0.882475,10,5
3.294648,10,6
1.001933,10,7
39.179029,10,8
4.233723,10,9
67.169973,10,11
2.775971,10,12
0.222357,11,1
9.62052,11,2
49.469157,11,3
10.018965,11,4
4.484789,11,5
11.971803,11,6
19.243811,11,7
31.275608,11,8
14.623637,11,9
6.929517,11,10
17.608845,11,12
1.413299,12,1
132.745141,12,2
158.179112,12,3
53.496277,12,4
17.280285,12,5
51.562587,12,6
25.193413,12,7
78.720979,12,8
203.998205,12,9
5.9256,12,10
36.665048,12,11
succeed
0.0,0.695795,0.867512,0.856027,0.283213,1.013581,0.35212,0.465293,0.381061,0.16212,0.360149,0.99448
2.836248,0.0,29.719472,12.561123,6.420821,27.723877,7.699368,17.653232,21.061477,1.823704,4.256949,56.067707
2.913048,15.408971,0.0,13.908309,17.297947,42.226872,19.374821,26.672341,9.360389,4.668563,14.124136,16.430587
0.622488,9.801571,58.687939,0.0,16.423752,32.064555,17.149227,10.118235,21.165464,9.169749,71.862579,53.255419
5.529027,2.992291,30.747381,6.849104,0.0,11.322309,9.66896,202.026811,7.323795,1.215045,2.60036,8.933773
1.076048,23.564237,130.646075,14.36496,9.428811,0.0,17.949365,23.727227,31.0248,4.189253,22.691205,34.972125
0.187211,7.167451,38.579216,22.893227,5.089208,18.275821,0.0,10.660187,14.985872,1.386784,4.844747,14.822211
1.590819,59.624621,90.973136,10.839501,19.706368,45.077024,12.094936,0.0,51.776499,12.073368,28.776835,56.773293
2.492379,47.043504,77.738731,42.226936,29.439573,75.234171,23.170728,96.355653,0.0,14.221819,42.383275,160.493453
0.053912,1.551552,4.847728,6.233224,0.882475,3.294648,1.001933,39.179029,4.233723,0.0,67.169973,2.775971
0.222357,9.62052,49.469157,10.018965,4.484789,11.971803,19.243811,31.275608,14.623637,6.929517,0.0,17.608845
1.413299,132.745141,158.179112,53.496277,17.280285,51.562587,25.193413,78.720979,203.998205,5.9256,36.665048,0.0
