2497.358826
0.026667,1,2
1.462715,1,3
0.026667,1,5
0.253101,1,7
0.069845,1,8
0.088277,1,9
1.57564,1,12
0.03008,2,1
18.978963,2,3
3.223448,2,4
8.277917,2,5
13.513435,2,6
0.863555,2,7
9.22924,2,8
4.301117,2,9
0.076053,2,10
2.142816,2,11
34.524432,2,12
0.054157,3,1
16.147123,3,2
21.621664,3,4
6.474187,3,5
32.8042,3,6
10.021816,3,7
51.111957,3,8
15.302003,3,9
0.903328,3,10
9.091627,3,11
30.557472,3,12
0.090667,4,1
10.283171,4,2
54.660093,4,3
18.234515,4,5
41.866848,4,6
18.152936,4,7
7.443021,4,8
18.011011,4,9
11.879339,4,10
13.232915,4,11
36.837784,4,12
0.043995,5,1
7.150312,5,2
27.129619,5,3
5.147109,5,4
7.825472,5,6
1.086923,5,7
6.394789,5,8
4.716955,5,9
2.573299,5,11
8.154931,5,12
0.061032,6,1
32.167365,6,2
64.208845,6,3
10.28768,6,4
2.079877,6,5
2.248387,6,7
19.550851,6,8
33.461573,6,9
0.314637,6,10
5.561419,6,11
36.235368,6,12
1.054429,7,2
19.549677,7,3
3.035973,7,4
2.864851,7,5
8.839205,7,6
4.499603,7,8
2.630904,7,9
0.085579,7,10
1.384661,7,11
8.834952,7,12
3.379645,8,1
11.042795,8,2
89.967971,8,3
35.244555,8,4
29.100117,8,5
15.504312,8,6
9.712707,8,7
81.637155,8,9
13.118763,8,10
38.994272,8,11
92.000229,8,12
0.647803,9,1
17.908693,9,2
53.474029,9,3
34.763421,9,4
9.085397,9,5
71.104224,9,6
8.677784,9,7
53.986227,9,8
3.7886,9,10
27.945643,9,11
125.720864,9,12
0.122984,10,2
1.232592,10,3
7.620581,10,4
0.102739,10,5
0.916885,10,6
0.026667,10,7
35.334341,10,8
25.935939,10,9
40.177333,10,11
0.333739,10,12
0.105088,11,1
9.004955,11,2
20.649848,11,3
4.069136,11,4
3.377693,11,5
3.799464,11,6
2.930637,11,7
17.382189,11,8
13.430619,11,9
2.789669,11,10
16.335227,11,12
0.498216,12,1
88.12408,12,2
89.152688,12,3
44.118701,12,4
10.401981,12,5
72.145877,12,6
10.684219,12,7
111.422837,12,8
156.696355,12,9
0.637896,12,10
28.366371,12,11
succeed
0.0,0.026667,1.462715,0.0,0.026667,0.0,0.253101,0.069845,0.088277,0.0,0.0,1.57564
0.03008,0.0,18.978963,3.223448,8.277917,13.513435,0.863555,9.22924,4.301117,0.076053,2.142816,34.524432
0.054157,16.147123,0.0,21.621664,6.474187,32.8042,10.021816,51.111957,15.302003,0.903328,9.091627,30.557472
0.090667,10.283171,54.660093,0.0,18.234515,41.866848,18.152936,7.443021,18.011011,11.879339,13.232915,36.837784
0.043995,7.150312,27.129619,5.147109,0.0,7.825472,1.086923,6.394789,4.716955,0.0,2.573299,8.154931
0.061032,32.167365,64.208845,10.28768,2.079877,0.0,2.248387,19.550851,33.461573,0.314637,5.561419,36.235368
0.0,1.054429,19.549677,3.035973,2.864851,8.839205,0.0,4.499603,2.630904,0.085579,1.384661,8.834952
3.379645,11.042795,89.967971,35.244555,29.100117,15.504312,9.712707,0.0,81.637155,13.118763,38.994272,92.000229
0.647803,17.908693,53.474029,34.763421,9.085397,71.104224,8.677784,53.986227,0.0,3.7886,27.945643,125.720864
0.0,0.122984,1.232592,7.620581,0.102739,0.916885,0.026667,35.334341,25.935939,0.0,40.177333,0.333739
0.105088,9.004955,20.649848,4.069136,3.377693,3.799464,2.930637,17.382189,13.430619,2.789669,0.0,16.335227
0.498216,88.12408,89.152688,44.118701,10.401981,72.145877,10.684219,111.422837,156.696355,0.637896,28.366371,0.0
