3117.411373
1.923088,1,3
0.617589,1,5
0.098096,1,6
0.167837,1,8
0.026667,1,10
0.854181,1,11
0.251637,1,12
0.209808,2,1
16.767437,2,3
9.261176,2,4
30.267781,2,5
17.304501,2,6
1.024221,2,7
20.745221,2,8
12.422875,2,9
1.378459,2,10
4.57472,2,11
27.902893,2,12
1.106363,3,1
20.088435,3,2
16.063195,3,4
12.144787,3,5
77.084491,3,6
13.75236,3,7
80.277491,3,8
20.698552,3,9
8.893136,3,10
12.780141,3,11
20.340763,3,12
0.115947,4,1
2.834331,4,2
57.105563,4,3
24.371696,4,5
33.672341,4,6
39.271077,4,7
24.150477,4,8
19.881005,4,9
11.026224,4,10
19.061373,4,11
42.709624,4,12
0.026667,5,1
9.931635,5,2
13.807496,5,3
0.870435,5,4
3.244616,5,6
1.458893,5,7
11.531211,5,8
4.397917,5,9
4.221635,5,11
5.286275,5,12
0.055029,6,1
15.854421,6,2
67.561795,6,3
12.751419,6,4
16.253008,6,5
12.20908,6,7
56.421472,6,8
40.086523,6,9
0.965315,6,10
13.696955,6,11
26.962725,6,12
2.723008,7,2
23.103259,7,3
20.514211,7,4
5.208027,7,5
14.445525,7,6
9.215125,7,8
10.886579,7,9
0.296709,7,10
6.372933,7,11
16.964347,7,12
3.072709,8,1
22.4252,8,2
125.465267,8,3
15.194227,8,4
14.882472,8,5
51.718261,8,6
11.2466,8,7
149.530843,8,9
12.159195,8,10
46.661811,8,11
115.413685,8,12
0.220488,9,1
25.899451,9,2
53.570075,9,3
28.911941,9,4
13.887979,9,5
46.570755,9,6
12.224051,9,7
110.310243,9,8
9.376253,9,10
49.357171,9,11
93.726355,9,12
0.344,10,2
0.357352,10,3
5.458784,10,4
0.144576,10,5
1.188659,10,6
0.370408,10,7
45.137592,10,8
0.425752,10,9
43.718096,10,11
3.491093,10,12
0.326075,11,1
10.851856,11,2
20.213675,11,3
2.860523,11,4
2.522771,11,5
6.736547,11,6
3.183176,11,7
35.404832,11,8
12.312032,11,9
6.833221,11,10
5.746773,11,12
3.987421,12,1
113.086117,12,2
128.534872,12,3
59.242424,12,4
15.665397,12,5
68.369491,12,6
16.15384,12,7
131.394355,12,8
183.596296,12,9
3.240008,12,10
44.136523,12,11
succeed
0.0,0.0,1.923088,0.0,0.617589,0.098096,0.0,0.167837,0.0,0.026667,0.854181,0.251637
0.209808,0.0,16.767437,9.261176,30.267781,17.304501,1.024221,20.745221,12.422875,1.378459,4.57472,27.902893
1.106363,20.088435,0.0,16.063195,12.144787,77.084491,13.75236,80.277491,20.698552,8.893136,12.780141,20.340763
0.115947,2.834331,57.105563,0.0,24.371696,33.672341,39.271077,24.150477,19.881005,11.026224,19.061373,42.709624
0.026667,9.931635,13.807496,0.870435,0.0,3.244616,1.458893,11.531211,4.397917,0.0,4.221635,5.286275
0.055029,15.854421,67.561795,12.751419,16.253008,0.0,12.20908,56.421472,40.086523,0.965315,13.696955,26.962725
0.0,2.723008,23.103259,20.514211,5.208027,14.445525,0.0,9.215125,10.886579,0.296709,6.372933,16.964347
3.072709,22.4252,125.465267,15.194227,14.882472,51.718261,11.2466,0.0,149.530843,12.159195,46.661811,115.413685
0.220488,25.899451,53.570075,28.911941,13.887979,46.570755,12.224051,110.310243,0.0,9.376253,49.357171,93.726355
0.0,0.344,0.357352,5.458784,0.144576,1.188659,0.370408,45.137592,0.425752,0.0,43.718096,3.491093
0.326075,10.851856,20.213675,2.860523,2.522771,6.736547,3.183176,35.404832,12.312032,6.833221,0.0,5.746773
3.987421,113.086117,128.534872,59.242424,15.665397,68.369491,16.15384,131.394355,183.596296,3.240008,44.136523,0.0
