6185.133759
0.067616,1,2
0.421264,1,3
0.936771,1,5
0.125397,1,6
0.200072,1,7
0.15104,1,9
0.472293,1,12
51.510808,2,3
0.120725,2,4
41.620733,2,5
24.205861,2,6
3.234019,2,7
14.320099,2,9
0.029056,2,10
2.333565,2,11
38.620613,2,12
26.570408,3,2
13.9966,3,4
125.686381,3,5
42.256613,3,6
25.806216,3,7
3176.865067,3,8
38.09704,3,9
0.651651,3,11
43.43392,3,12
7.584192,4,2
52.798101,4,3
45.926813,4,5
30.455163,4,6
17.885933,4,7
0.027179,4,8
15.388408,4,9
9.241813,4,10
0.377549,4,11
43.267283,4,12
56.360707,5,2
0.421277,5,3
0.08,5,4
0.202395,5,6
0.084157,5,7
0.208845,5,8
5.884693,5,9
0.053333,5,10
0.106667,5,11
64.143088,5,12
16.517872,6,2
111.109053,6,3
15.100549,6,4
70.114992,6,5
17.881429,6,7
0.050789,6,8
85.175093,6,9
0.057677,6,10
1.807709,6,11
32.208667,6,12
3.196037,7,2
22.178195,7,3
7.725821,7,4
20.538304,7,5
14.253389,7,6
0.205533,7,8
8.669128,7,9
0.033685,7,10
0.142899,7,11
13.357093,7,12
43.928531,8,2
14.623565,8,3
26.336837,8,4
140.986275,8,5
1.031563,8,6
0.195464,8,7
79.667944,8,9
7.905981,8,10
21.737408,8,11
57.443101,8,12
29.291877,9,2
59.359307,9,3
35.978576,9,4
141.491904,9,5
62.534152,9,6
12.51892,9,7
0.329272,9,8
3.624821,9,11
81.804301,9,12
0.788864,10,2
0.244875,10,3
3.738917,10,4
4.754267,10,5
0.037557,10,6
1.473501,10,7
39.236741,10,8
10.131011,10,9
52.578627,10,11
0.210323,10,12
8.506712,11,2
3.234075,11,3
4.089979,11,4
35.953203,11,5
0.458195,11,6
4.302248,11,7
20.464928,11,8
14.510541,11,9
5.120677,11,10
10.209083,11,12
106.224315,12,2
86.214555,12,3
5.75156,12,4
198.934467,12,5
52.857779,12,6
29.551411,12,7
0.170064,12,8
192.976219,12,9
0.2028,12,10
8.861128,12,11
succeed
0.0,0.067616,0.421264,0.0,0.936771,0.125397,0.200072,0.0,0.15104,0.0,0.0,0.472293
0.0,0.0,51.510808,0.120725,41.620733,24.205861,3.234019,0.0,14.320099,0.029056,2.333565,38.620613
0.0,26.570408,0.0,13.9966,125.686381,42.256613,25.806216,3176.865067,38.09704,0.0,0.651651,43.43392
0.0,7.584192,52.798101,0.0,45.926813,30.455163,17.885933,0.027179,15.388408,9.241813,0.377549,43.267283
0.0,56.360707,0.421277,0.08,0.0,0.202395,0.084157,0.208845,5.884693,0.053333,0.106667,64.143088
0.0,16.517872,111.109053,15.100549,70.114992,0.0,17.881429,0.050789,85.175093,0.057677,1.807709,32.208667
0.0,3.196037,22.178195,7.725821,20.538304,14.253389,0.0,0.205533,8.669128,0.033685,0.142899,13.357093
0.0,43.928531,14.623565,26.336837,140.986275,1.031563,0.195464,0.0,79.667944,7.905981,21.737408,57.443101
0.0,29.291877,59.359307,35.978576,141.491904,62.534152,12.51892,0.329272,0.0,0.0,3.624821,81.804301
0.0,0.788864,0.244875,3.738917,4.754267,0.037557,1.473501,39.236741,10.131011,0.0,52.578627,0.210323
0.0,8.506712,3.234075,4.089979,35.953203,0.458195,4.302248,20.464928,14.510541,5.120677,0.0,10.209083
0.0,106.224315,86.214555,5.75156,198.934467,52.857779,29.551411,0.170064,192.976219,0.2028,8.861128,0.0
