3517.882008
0.932939,1,2
0.992336,1,3
0.213368,1,4
0.350749,1,5
0.517395,1,6
0.083587,1,7
1.01056,1,8
1.008357,1,9
0.067883,1,10
0.026667,1,11
1.302835,1,12
1.394197,2,1
19.962819,2,3
6.183941,2,4
4.423267,2,5
36.283987,2,6
4.967637,2,7
16.698192,2,8
15.671603,2,9
1.632112,2,10
5.190232,2,11
85.431104,2,12
0.749877,3,1
35.741789,3,2
15.767251,3,4
15.386677,3,5
46.348291,3,6
22.26976,3,7
43.428789,3,8
30.928832,3,9
8.897051,3,10
10.604885,3,11
59.493368,3,12
0.637301,4,1
9.393643,4,2
76.643408,4,3
23.023731,4,5
40.557216,4,6
18.13428,4,7
10.764432,4,8
20.316579,4,9
12.212336,4,10
8.36252,4,11
54.662688,4,12
2.969416,5,1
4.847784,5,2
41.895931,5,3
2.995576,5,4
8.180347,5,6
3.558536,5,7
7.412763,5,8
14.423925,5,9
1.053307,5,10
2.977059,5,11
8.542032,5,12
1.638077,6,1
20.704208,6,2
166.883531,6,3
19.803832,6,4
9.067525,6,5
21.799421,6,7
33.082901,6,8
33.248853,6,9
4.377571,6,10
8.555893,6,11
46.213421,6,12
0.572379,7,1
5.019253,7,2
44.032704,7,3
14.725237,7,4
4.022803,7,5
13.090432,7,6
4.625939,7,8
12.437824,7,9
1.872291,7,10
3.546565,7,11
13.431715,7,12
0.552397,8,1
24.343056,8,2
171.333659,8,3
9.245851,8,4
14.861152,8,5
66.869336,8,6
11.016051,8,7
62.08248,8,9
16.7132,8,10
29.446805,8,11
71.530411,8,12
1.852712,9,1
55.393269,9,2
83.116448,9,3
37.695584,9,4
24.091421,9,5
61.176309,9,6
32.368075,9,7
57.905973,9,8
10.132248,9,10
30.317043,9,11
123.367371,9,12
0.719267,10,2
10.643112,10,3
9.748608,10,4
0.752893,10,5
1.066917,10,6
0.878576,10,7
29.062208,10,8
3.577728,10,9
48.863179,10,11
4.037477,10,12
0.302496,11,1
15.066539,11,2
57.141624,11,3
4.974421,11,4
7.783648,11,5
16.350667,11,6
4.617845,11,7
28.050099,11,8
18.155627,11,9
6.405547,11,10
18.094203,11,12
3.208373,12,1
163.784027,12,2
133.540435,12,3
112.186005,12,4
26.3126,12,5
58.972725,12,6
35.848611,12,7
77.479085,12,8
233.511008,12,9
7.896509,12,10
33.159576,12,11
succeed
0.0,0.932939,0.992336,0.213368,0.350749,0.517395,0.083587,1.01056,1.008357,0.067883,0.026667,1.302835
1.394197,0.0,19.962819,6.183941,4.423267,36.283987,4.967637,16.698192,15.671603,1.632112,5.190232,85.431104
0.749877,35.741789,0.0,15.767251,15.386677,46.348291,22.26976,43.428789,30.928832,8.897051,10.604885,59.493368
0.637301,9.393643,76.643408,0.0,23.023731,40.557216,18.13428,10.764432,20.316579,12.212336,8.36252,54.662688
2.969416,4.847784,41.895931,2.995576,0.0,8.180347,3.558536,7.412763,14.423925,1.053307,2.977059,8.542032
1.638077,20.704208,166.883531,19.803832,9.067525,0.0,21.799421,33.082901,33.248853,4.377571,8.555893,46.213421
0.572379,5.019253,44.032704,14.725237,4.022803,13.090432,0.0,4.625939,12.437824,1.872291,3.546565,13.431715
0.552397,24.343056,171.333659,9.245851,14.861152,66.869336,11.016051,0.0,62.08248,16.7132,29.446805,71.530411
1.852712,55.393269,83.116448,37.695584,24.091421,61.176309,32.368075,57.905973,0.0,10.132248,30.317043,123.367371
0.0,0.719267,10.643112,9.748608,0.752893,1.066917,0.878576,29.062208,3.577728,0.0,48.863179,4.037477
0.302496,15.066539,57.141624,4.974421,7.783648,16.350667,4.617845,28.050099,18.155627,6.405547,0.0,18.094203
3.208373,163.784027,133.540435,112.186005,26.3126,58.972725,35.848611,77.479085,233.511008,7.896509,33.159576,0.0
