2024.2033119999999
0.106667,1,2
0.470437,1,3
0.12844,1,5
0.058544,1,8
0.817632,1,9
0.587104,1,11
1.265125,1,12
0.649451,2,1
5.667624,2,3
3.41724,2,4
5.581891,2,5
16.884485,2,6
1.402864,2,7
22.962343,2,8
3.307219,2,9
0.180719,2,10
16.346784,2,11
54.291971,2,12
0.869387,3,1
20.878448,3,2
6.01412,3,4
9.671269,3,5
73.517381,3,6
6.297501,3,7
30.865816,3,8
6.766216,3,9
1.024475,3,10
25.577424,3,11
11.276104,3,12
0.157987,4,1
5.752872,4,2
35.878376,4,3
22.643728,4,5
9.457312,4,6
18.269816,4,7
6.375653,4,8
13.596355,4,9
15.157851,4,10
25.452627,4,11
24.125123,4,12
3.546683,5,1
0.728181,5,2
17.047275,5,3
1.055669,5,4
8.181515,5,6
0.957813,5,7
2.04864,5,8
2.530848,5,9
0.053333,5,10
4.073283,5,11
4.568731,5,12
0.090483,6,1
13.632331,6,2
48.160867,6,3
4.209528,6,4
6.863896,6,5
1.949483,6,7
40.40292,6,8
11.021765,6,9
0.446696,6,10
19.141915,6,11
13.897653,6,12
0.053333,7,1
6.856016,7,2
20.326648,7,3
9.076432,7,4
3.85836,7,5
10.064128,7,6
3.571189,7,8
3.668541,7,9
1.612867,7,10
6.018488,7,11
9.172107,7,12
0.393555,8,1
9.068445,8,2
102.307187,8,3
10.036661,8,4
3.840213,8,5
7.179304,8,6
1.897581,8,7
32.310677,8,9
14.485253,8,10
52.626648,8,11
79.026987,8,12
0.264763,9,1
13.420531,9,2
24.44472,9,3
16.002304,9,4
7.192075,9,5
21.343184,9,6
6.641955,9,7
57.063656,9,8
2.219104,9,10
21.262819,9,11
52.358451,9,12
0.101152,10,2
0.053333,10,3
5.510147,10,4
0.382539,10,6
16.715456,10,8
0.070645,10,9
36.574805,10,11
0.053333,10,12
0.754461,11,1
12.106336,11,2
19.069899,11,3
4.011685,11,4
2.619925,11,5
10.975235,11,6
3.665928,11,7
29.896856,11,8
8.762381,11,9
1.890741,11,10
12.748352,11,12
0.284536,12,1
117.446229,12,2
70.142173,12,3
49.145211,12,4
22.924075,12,5
29.136928,12,6
21.732797,12,7
69.942011,12,8
110.789187,12,9
0.813992,12,10
47.856893,12,11
succeed
0.0,0.106667,0.470437,0.0,0.12844,0.0,0.0,0.058544,0.817632,0.0,0.587104,1.265125
0.649451,0.0,5.667624,3.41724,5.581891,16.884485,1.402864,22.962343,3.307219,0.180719,16.346784,54.291971
0.869387,20.878448,0.0,6.01412,9.671269,73.517381,6.297501,30.865816,6.766216,1.024475,25.577424,11.276104
0.157987,5.752872,35.878376,0.0,22.643728,9.457312,18.269816,6.375653,13.596355,15.157851,25.452627,24.125123
3.546683,0.728181,17.047275,1.055669,0.0,8.181515,0.957813,2.04864,2.530848,0.053333,4.073283,4.568731
0.090483,13.632331,48.160867,4.209528,6.863896,0.0,1.949483,40.40292,11.021765,0.446696,19.141915,13.897653
0.053333,6.856016,20.326648,9.076432,3.85836,10.064128,0.0,3.571189,3.668541,1.612867,6.018488,9.172107
0.393555,9.068445,102.307187,10.036661,3.840213,7.179304,1.897581,0.0,32.310677,14.485253,52.626648,79.026987
0.264763,13.420531,24.44472,16.002304,7.192075,21.343184,6.641955,57.063656,0.0,2.219104,21.262819,52.358451
0.0,0.101152,0.053333,5.510147,0.0,0.382539,0.0,16.715456,0.070645,0.0,36.574805,0.053333
0.754461,12.106336,19.069899,4.011685,2.619925,10.975235,3.665928,29.896856,8.762381,1.890741,0.0,12.748352
0.284536,117.446229,70.142173,49.145211,22.924075,29.136928,21.732797,69.942011,110.789187,0.813992,47.856893,0.0
