1897.90021
0.026667,1,2
0.901136,1,3
0.105373,1,5
0.233413,1,8
0.068584,1,9
0.026667,1,10
0.315875,1,12
0.150939,2,1
9.205459,2,3
3.082435,2,4
0.957221,2,5
10.190797,2,6
0.412,2,7
10.292709,2,8
2.359365,2,9
0.332571,2,10
4.446221,2,11
37.728827,2,12
0.319659,3,1
5.905755,3,2
5.331899,3,4
4.032253,3,5
30.706445,3,6
17.540339,3,7
34.319819,3,8
7.640813,3,9
0.219971,3,10
9.846824,3,11
12.691563,3,12
0.08592,4,1
3.637973,4,2
42.941915,4,3
23.225901,4,5
31.764395,4,6
36.421603,4,7
14.549339,4,8
11.844781,4,9
12.327856,4,10
8.110235,4,11
44.665037,4,12
7.202037,5,1
0.533661,5,2
14.804997,5,3
1.004885,5,4
2.701611,5,6
1.184152,5,7
4.521144,5,8
2.240163,5,9
0.053533,5,10
0.776995,5,11
1.475328,5,12
3.864288,6,2
80.066685,6,3
4.94544,6,4
0.521979,6,5
1.170477,6,7
22.671237,6,8
15.453133,6,9
2.503189,6,10
14.912128,6,11
18.291925,6,12
1.842685,7,2
20.591907,7,3
7.781797,7,4
3.934987,7,5
11.565693,7,6
4.5316,7,8
1.806797,7,9
2.066059,7,10
1.142973,7,11
7.806304,7,12
6.074581,8,2
97.791845,8,3
9.988792,8,4
3.970883,8,5
9.157957,8,6
0.871288,8,7
26.152293,8,9
26.646688,8,10
21.501016,8,11
73.656216,8,12
0.026667,9,1
15.108459,9,2
24.894184,9,3
22.110349,9,4
3.707728,9,5
22.0722,9,6
3.972752,9,7
65.50664,9,8
2.346995,9,10
24.146664,9,11
39.290544,9,12
0.438389,10,2
0.026667,10,3
3.122464,10,4
0.210208,10,6
29.326824,10,8
41.889101,10,9
37.776637,10,11
7.518981,11,2
28.713064,11,3
3.596165,11,4
0.371269,11,5
4.652789,11,6
2.674491,11,7
9.192605,11,8
8.317448,11,9
3.267925,11,10
5.006381,11,12
74.286827,12,2
73.851789,12,3
61.855224,12,4
14.790699,12,5
32.583669,12,6
4.532187,12,7
116.530157,12,8
114.687419,12,9
0.834576,12,10
15.915171,12,11
succeed
0.0,0.026667,0.901136,0.0,0.105373,0.0,0.0,0.233413,0.068584,0.026667,0.0,0.315875
0.150939,0.0,9.205459,3.082435,0.957221,10.190797,0.412,10.292709,2.359365,0.332571,4.446221,37.728827
0.319659,5.905755,0.0,5.331899,4.032253,30.706445,17.540339,34.319819,7.640813,0.219971,9.846824,12.691563
0.08592,3.637973,42.941915,0.0,23.225901,31.764395,36.421603,14.549339,11.844781,12.327856,8.110235,44.665037
7.202037,0.533661,14.804997,1.004885,0.0,2.701611,1.184152,4.521144,2.240163,0.053533,0.776995,1.475328
0.0,3.864288,80.066685,4.94544,0.521979,0.0,1.170477,22.671237,15.453133,2.503189,14.912128,18.291925
0.0,1.842685,20.591907,7.781797,3.934987,11.565693,0.0,4.5316,1.806797,2.066059,1.142973,7.806304
0.0,6.074581,97.791845,9.988792,3.970883,9.157957,0.871288,0.0,26.152293,26.646688,21.501016,73.656216
0.026667,15.108459,24.894184,22.110349,3.707728,22.0722,3.972752,65.50664,0.0,2.346995,24.146664,39.290544
0.0,0.438389,0.026667,3.122464,0.0,0.210208,0.0,29.326824,41.889101,0.0,37.776637,0.0
0.0,7.518981,28.713064,3.596165,0.371269,4.652789,2.674491,9.192605,8.317448,3.267925,0.0,5.006381
0.0,74.286827,73.851789,61.855224,14.790699,32.583669,4.532187,116.530157,114.687419,0.834576,15.915171,0.0
