3616.613367
2.205451,1,2
4.896155,1,3
0.744512,1,4
0.108693,1,5
1.005925,1,6
0.806885,1,7
0.336163,1,8
2.412939,1,9
0.046712,1,10
1.61048,1,11
2.834488,1,12
0.482587,2,1
25.745683,2,3
4.10048,2,4
10.79352,2,5
39.828117,2,6
8.310571,2,7
16.555299,2,8
28.031403,2,9
0.946051,2,10
18.360293,2,11
53.113307,2,12
2.197949,3,1
50.423979,3,2
23.160797,3,4
19.318315,3,5
100.494675,3,6
25.556459,3,7
38.926037,3,8
20.806229,3,9
5.514464,3,10
35.626765,3,11
120.589269,3,12
0.206859,4,1
4.995659,4,2
31.17928,4,3
13.373712,4,5
15.804475,4,6
8.998136,4,7
14.418147,4,8
22.298936,4,9
6.873312,4,10
17.525048,4,11
27.424429,4,12
0.293349,5,1
6.792752,5,2
19.657008,5,3
3.928264,5,4
11.289445,5,6
12.988779,5,7
6.890787,5,8
8.064813,5,9
0.137408,5,10
9.600365,5,11
22.770355,5,12
1.699611,6,1
18.238043,6,2
88.82264,6,3
13.180589,6,4
13.909093,6,5
11.946955,6,7
13.909837,6,8
40.777144,6,9
4.786768,6,10
35.520432,6,11
42.61212,6,12
0.619949,7,1
7.2126,7,2
28.235453,7,3
8.794648,7,4
4.933035,7,5
16.935107,7,6
10.739205,7,8
12.145963,7,9
2.623456,7,10
12.403021,7,11
14.523157,7,12
0.526091,8,1
18.880595,8,2
73.124411,8,3
20.993499,8,4
6.229493,8,5
26.083949,8,6
5.828141,8,7
47.414141,8,9
36.534936,8,10
77.512544,8,11
89.6204,8,12
3.538888,9,1
48.675475,9,2
52.893813,9,3
29.743184,9,4
20.365437,9,5
66.572512,9,6
19.091979,9,7
81.808621,9,8
11.795221,9,10
35.646936,9,11
169.993501,9,12
0.432976,10,2
0.08,10,3
8.883981,10,4
0.89268,10,6
0.029184,10,7
13.655891,10,8
0.088693,10,9
22.848336,10,11
0.212779,10,12
2.935568,11,1
44.154403,11,2
95.943325,11,3
30.307395,11,4
28.625072,11,5
64.463637,11,6
43.30964,11,7
67.950048,11,8
25.732149,11,9
10.241557,11,10
55.593248,11,12
4.722408,12,1
98.670883,12,2
117.707091,12,3
67.736488,12,4
27.799755,12,5
66.910451,12,6
20.576883,12,7
114.453307,12,8
230.013859,12,9
7.180333,12,10
65.616784,12,11
succeed
0.0,2.205451,4.896155,0.744512,0.108693,1.005925,0.806885,0.336163,2.412939,0.046712,1.61048,2.834488
0.482587,0.0,25.745683,4.10048,10.79352,39.828117,8.310571,16.555299,28.031403,0.946051,18.360293,53.113307
2.197949,50.423979,0.0,23.160797,19.318315,100.494675,25.556459,38.926037,20.806229,5.514464,35.626765,120.589269
0.206859,4.995659,31.17928,0.0,13.373712,15.804475,8.998136,14.418147,22.298936,6.873312,17.525048,27.424429
0.293349,6.792752,19.657008,3.928264,0.0,11.289445,12.988779,6.890787,8.064813,0.137408,9.600365,22.770355
1.699611,18.238043,88.82264,13.180589,13.909093,0.0,11.946955,13.909837,40.777144,4.786768,35.520432,42.61212
0.619949,7.2126,28.235453,8.794648,4.933035,16.935107,0.0,10.739205,12.145963,2.623456,12.403021,14.523157
0.526091,18.880595,73.124411,20.993499,6.229493,26.083949,5.828141,0.0,47.414141,36.534936,77.512544,89.6204
3.538888,48.675475,52.893813,29.743184,20.365437,66.572512,19.091979,81.808621,0.0,11.795221,35.646936,169.993501
0.0,0.432976,0.08,8.883981,0.0,0.89268,0.029184,13.655891,0.088693,0.0,22.848336,0.212779
2.935568,44.154403,95.943325,30.307395,28.625072,64.463637,43.30964,67.950048,25.732149,10.241557,0.0,55.593248
4.722408,98.670883,117.707091,67.736488,27.799755,66.910451,20.576883,114.453307,230.013859,7.180333,65.616784,0.0
