1833.822805
0.032,1,2
0.152016,1,3
0.053333,1,8
0.035456,1,11
0.106667,1,12
0.036973,2,1
3.699453,2,3
3.807389,2,4
0.636947,2,5
13.852619,2,6
1.574408,2,7
9.936389,2,8
6.673848,2,9
0.344128,2,10
2.701451,2,11
17.5872,2,12
0.136768,3,1
23.670888,3,2
12.192133,3,4
5.291157,3,5
17.62384,3,6
2.928019,3,7
41.59688,3,8
4.893189,3,9
0.644632,3,10
3.257165,3,11
21.593264,3,12
0.093739,4,1
2.752771,4,2
37.897088,4,3
24.207464,4,5
22.377165,4,6
25.476627,4,7
5.017579,4,8
10.617552,4,9
13.484997,4,10
10.294803,4,11
31.463432,4,12
0.172859,5,1
23.176867,5,2
18.568195,5,3
0.691229,5,4
4.150584,5,6
2.492933,5,7
10.844312,5,8
1.267851,5,9
0.026667,5,10
2.022173,5,11
2.596,5,12
21.125581,6,2
43.660179,6,3
4.772904,6,4
0.586328,6,5
4.714672,6,7
11.138491,6,8
16.001533,6,9
0.135155,6,10
5.013741,6,11
27.820472,6,12
0.753891,7,2
21.105296,7,3
11.982219,7,4
2.49396,7,5
8.952893,7,6
4.173995,7,8
3.923659,7,9
0.109149,7,10
4.909587,7,11
7.098472,7,12
23.025477,8,2
68.001629,8,3
21.399896,8,4
6.576957,8,5
12.795605,8,6
2.726733,8,7
57.316453,8,9
10.513856,8,10
17.648115,8,11
88.993949,8,12
25.775947,9,2
35.519701,9,3
24.393901,9,4
6.316747,9,5
30.915005,9,6
4.844624,9,7
46.442944,9,8
0.155888,9,10
17.429893,9,11
47.864293,9,12
0.056528,10,1
0.026667,10,2
0.292027,10,3
0.671552,10,4
0.026667,10,5
0.197888,10,6
0.055803,10,7
29.534339,10,8
0.135893,10,9
23.060621,10,11
0.026667,10,12
7.750509,11,2
14.466123,11,3
0.698696,11,4
4.109365,11,5
2.535307,11,6
0.880637,11,7
13.596944,11,8
5.463248,11,9
2.252261,11,10
3.018605,11,12
0.060965,12,1
123.548224,12,2
45.709749,12,3
61.599413,12,4
7.784275,12,5
28.473429,12,6
5.899629,12,7
111.031872,12,8
122.126749,12,9
0.288541,12,10
24.562723,12,11
succeed
0.0,0.032,0.152016,0.0,0.0,0.0,0.0,0.053333,0.0,0.0,0.035456,0.106667
0.036973,0.0,3.699453,3.807389,0.636947,13.852619,1.574408,9.936389,6.673848,0.344128,2.701451,17.5872
0.136768,23.670888,0.0,12.192133,5.291157,17.62384,2.928019,41.59688,4.893189,0.644632,3.257165,21.593264
0.093739,2.752771,37.897088,0.0,24.207464,22.377165,25.476627,5.017579,10.617552,13.484997,10.294803,31.463432
0.172859,23.176867,18.568195,0.691229,0.0,4.150584,2.492933,10.844312,1.267851,0.026667,2.022173,2.596
0.0,21.125581,43.660179,4.772904,0.586328,0.0,4.714672,11.138491,16.001533,0.135155,5.013741,27.820472
0.0,0.753891,21.105296,11.982219,2.49396,8.952893,0.0,4.173995,3.923659,0.109149,4.909587,7.098472
0.0,23.025477,68.001629,21.399896,6.576957,12.795605,2.726733,0.0,57.316453,10.513856,17.648115,88.993949
0.0,25.775947,35.519701,24.393901,6.316747,30.915005,4.844624,46.442944,0.0,0.155888,17.429893,47.864293
0.056528,0.026667,0.292027,0.671552,0.026667,0.197888,0.055803,29.534339,0.135893,0.0,23.060621,0.026667
0.0,7.750509,14.466123,0.698696,4.109365,2.535307,0.880637,13.596944,5.463248,2.252261,0.0,3.018605
0.060965,123.548224,45.709749,61.599413,7.784275,28.473429,5.899629,111.031872,122.126749,0.288541,24.562723,0.0
