2856.553843
0.026667,1,2
0.241912,1,3
0.032317,1,4
0.106667,1,5
0.053333,1,6
0.13864,1,7
0.386797,1,8
0.185405,1,9
0.026667,1,10
0.08,1,11
1.115443,1,12
0.193184,2,1
16.769685,2,3
24.976261,2,4
24.712856,2,5
18.528555,2,6
2.207061,2,7
12.108616,2,8
11.145181,2,9
0.544101,2,10
2.875429,2,11
53.948213,2,12
0.536248,3,1
12.949405,3,2
13.720019,3,4
28.922357,3,5
41.695547,3,6
14.630077,3,7
56.367947,3,8
22.672461,3,9
1.985285,3,10
4.251429,3,11
28.746531,3,12
0.141685,4,1
13.442085,4,2
68.531533,4,3
31.777029,4,5
28.264019,4,6
30.962392,4,7
15.564541,4,8
15.854147,4,9
21.827157,4,10
12.782072,4,11
48.479667,4,12
0.170405,5,1
11.592965,5,2
14.489939,5,3
0.95716,5,4
2.528565,5,6
4.801968,5,7
4.618141,5,8
3.916133,5,9
0.142349,5,10
1.841789,5,11
9.452424,5,12
0.113613,6,1
17.196992,6,2
123.228096,6,3
5.488227,6,4
3.285397,6,5
7.977197,6,7
20.108344,6,8
35.491755,6,9
0.916773,6,10
9.857531,6,11
41.801635,6,12
0.518547,7,1
13.378019,7,2
28.035765,7,3
10.184157,7,4
3.762048,7,5
9.292592,7,6
5.698512,7,8
4.905261,7,9
0.634419,7,10
1.10404,7,11
11.183816,7,12
4.504904,8,1
31.811464,8,2
169.798304,8,3
12.704387,8,4
10.704483,8,5
39.633285,8,6
13.140928,8,7
78.221691,8,9
9.936024,8,10
35.45132,8,11
90.7182,8,12
0.305115,9,1
45.604451,9,2
55.252136,9,3
22.747333,9,4
5.958992,9,5
46.799429,9,6
14.764189,9,7
51.646464,9,8
1.57,9,10
34.939928,9,11
84.692213,9,12
0.106667,10,2
1.060395,10,3
11.875715,10,4
0.102085,10,5
3.732864,10,6
0.119307,10,7
34.008416,10,8
0.546872,10,9
39.015467,10,11
0.572648,10,12
0.355224,11,1
11.197219,11,2
31.85092,11,3
1.732544,11,4
1.194739,11,5
13.182805,11,6
2.834899,11,7
25.135032,11,8
23.117365,11,9
2.764955,11,10
24.457971,11,12
2.141211,12,1
121.288667,12,2
99.602229,12,3
53.910835,12,4
9.950603,12,5
61.063275,12,6
20.876237,12,7
113.866104,12,8
164.105243,12,9
2.017173,12,10
24.68172,12,11
succeed
0.0,0.026667,0.241912,0.032317,0.106667,0.053333,0.13864,0.386797,0.185405,0.026667,0.08,1.115443
0.193184,0.0,16.769685,24.976261,24.712856,18.528555,2.207061,12.108616,11.145181,0.544101,2.875429,53.948213
0.536248,12.949405,0.0,13.720019,28.922357,41.695547,14.630077,56.367947,22.672461,1.985285,4.251429,28.746531
0.141685,13.442085,68.531533,0.0,31.777029,28.264019,30.962392,15.564541,15.854147,21.827157,12.782072,48.479667
0.170405,11.592965,14.489939,0.95716,0.0,2.528565,4.801968,4.618141,3.916133,0.142349,1.841789,9.452424
0.113613,17.196992,123.228096,5.488227,3.285397,0.0,7.977197,20.108344,35.491755,0.916773,9.857531,41.801635
0.518547,13.378019,28.035765,10.184157,3.762048,9.292592,0.0,5.698512,4.905261,0.634419,1.10404,11.183816
4.504904,31.811464,169.798304,12.704387,10.704483,39.633285,13.140928,0.0,78.221691,9.936024,35.45132,90.7182
0.305115,45.604451,55.252136,22.747333,5.958992,46.799429,14.764189,51.646464,0.0,1.57,34.939928,84.692213
0.0,0.106667,1.060395,11.875715,0.102085,3.732864,0.119307,34.008416,0.546872,0.0,39.015467,0.572648
0.355224,11.197219,31.85092,1.732544,1.194739,13.182805,2.834899,25.135032,23.117365,2.764955,0.0,24.457971
2.141211,121.288667,99.602229,53.910835,9.950603,61.063275,20.876237,113.866104,164.105243,2.017173,24.68172,0.0
