2314.246836
0.307675,1,2
0.17212,1,3
0.026667,1,4
0.111763,1,5
0.977888,1,6
0.030485,1,7
0.152672,1,8
0.026667,1,9
0.053333,1,11
0.489197,1,12
0.384461,2,1
7.419989,2,3
4.212851,2,4
26.591349,2,5
13.049997,2,6
2.024469,2,7
39.3904,2,8
5.623205,2,9
0.04846,2,10
4.024112,2,11
23.440955,2,12
1.001901,3,1
29.550008,3,2
28.661325,3,4
5.333603,3,5
53.698936,3,6
8.26756,3,7
37.482485,3,8
6.858875,3,9
1.552341,3,10
4.337843,3,11
31.286563,3,12
0.091051,4,1
6.267509,4,2
42.638299,4,3
15.368523,4,5
24.68104,4,6
24.20552,4,7
4.995173,4,8
30.574992,4,9
8.853325,4,10
24.363029,4,11
36.476944,4,12
3.521667,5,1
13.366725,5,2
8.823405,5,3
2.541139,5,4
8.052965,5,6
0.928165,5,7
11.524184,5,8
3.315445,5,9
0.381979,5,11
11.403528,5,12
0.223923,6,1
22.911981,6,2
51.580045,6,3
5.271269,6,4
2.857896,6,5
3.055088,6,7
31.626629,6,8
25.153539,6,9
0.226429,6,10
8.435061,6,11
15.040467,6,12
3.527707,7,2
13.216205,7,3
16.290413,7,4
4.204851,7,5
10.757827,7,6
4.660853,7,8
2.512645,7,9
1.021691,7,10
2.772269,7,11
13.684224,7,12
0.243496,8,1
28.297101,8,2
86.592163,8,3
8.445779,8,4
14.12704,8,5
25.538272,8,6
6.566885,8,7
47.216869,8,9
10.835848,8,10
32.268875,8,11
94.619584,8,12
1.062904,9,1
37.411651,9,2
38.978229,9,3
41.265749,9,4
7.696821,9,5
22.989955,9,6
8.001515,9,7
72.676552,9,8
1.153189,9,10
16.128429,9,11
74.463227,9,12
0.838192,10,2
0.266773,10,3
10.096443,10,4
0.881515,10,5
0.311461,10,6
0.053333,10,7
39.133501,10,8
0.744931,10,9
31.073171,10,11
0.24532,10,12
0.087267,11,1
12.575973,11,2
15.077597,11,3
3.257955,11,4
4.595197,11,5
6.612541,11,6
2.441781,11,7
21.876253,11,8
6.433083,11,9
4.857691,11,10
6.184024,11,12
1.275296,12,1
111.850992,12,2
83.77244,12,3
53.944709,12,4
31.91216,12,5
43.115581,12,6
16.886976,12,7
120.945509,12,8
116.026429,12,9
1.210112,12,10
31.086723,12,11
succeed
0.0,0.307675,0.17212,0.026667,0.111763,0.977888,0.030485,0.152672,0.026667,0.0,0.053333,0.489197
0.384461,0.0,7.419989,4.212851,26.591349,13.049997,2.024469,39.3904,5.623205,0.04846,4.024112,23.440955
1.001901,29.550008,0.0,28.661325,5.333603,53.698936,8.26756,37.482485,6.858875,1.552341,4.337843,31.286563
0.091051,6.267509,42.638299,0.0,15.368523,24.68104,24.20552,4.995173,30.574992,8.853325,24.363029,36.476944
3.521667,13.366725,8.823405,2.541139,0.0,8.052965,0.928165,11.524184,3.315445,0.0,0.381979,11.403528
0.223923,22.911981,51.580045,5.271269,2.857896,0.0,3.055088,31.626629,25.153539,0.226429,8.435061,15.040467
0.0,3.527707,13.216205,16.290413,4.204851,10.757827,0.0,4.660853,2.512645,1.021691,2.772269,13.684224
0.243496,28.297101,86.592163,8.445779,14.12704,25.538272,6.566885,0.0,47.216869,10.835848,32.268875,94.619584
1.062904,37.411651,38.978229,41.265749,7.696821,22.989955,8.001515,72.676552,0.0,1.153189,16.128429,74.463227
0.0,0.838192,0.266773,10.096443,0.881515,0.311461,0.053333,39.133501,0.744931,0.0,31.073171,0.24532
0.087267,12.575973,15.077597,3.257955,4.595197,6.612541,2.441781,21.876253,6.433083,4.857691,0.0,6.184024
1.275296,111.850992,83.77244,53.944709,31.91216,43.115581,16.886976,120.945509,116.026429,1.210112,31.086723,0.0
