2684.5481
0.026667,1,2
1.586635,1,3
0.026667,1,5
0.026667,1,6
0.092328,1,7
0.08,1,8
1.746925,1,9
0.149365,1,12
0.095555,2,1
13.687083,2,3
4.360867,2,4
11.007469,2,5
20.15372,2,6
0.668608,2,7
12.929989,2,8
11.656984,2,9
0.013333,2,10
4.975781,2,11
44.165277,2,12
0.494648,3,1
8.948917,3,2
17.309005,3,4
9.064445,3,5
38.565491,3,6
8.345648,3,7
63.698819,3,8
15.710637,3,9
1.186952,3,10
11.722304,3,11
27.078093,3,12
0.165653,4,1
9.417296,4,2
49.446157,4,3
19.259584,4,5
39.105843,4,6
17.40024,4,7
15.700888,4,8
24.918723,4,9
11.592883,4,10
8.602704,4,11
42.482968,4,12
4.497147,5,2
34.543957,5,3
2.362789,5,4
4.952664,5,6
3.13624,5,7
6.872536,5,8
5.179637,5,9
2.291557,5,11
8.736456,5,12
0.053333,6,1
20.031648,6,2
70.164115,6,3
13.056755,6,4
3.378693,6,5
2.696931,6,7
20.548901,6,8
16.136181,6,9
0.619088,6,10
5.386661,6,11
15.829307,6,12
0.830104,7,2
20.072043,7,3
14.139131,7,4
4.506147,7,5
9.235667,7,6
7.016755,7,8
5.604411,7,9
0.411376,7,10
1.663795,7,11
10.944032,7,12
0.541429,8,1
12.743504,8,2
87.187843,8,3
36.364493,8,4
8.814579,8,5
18.689059,8,6
5.369979,8,7
71.516541,8,9
10.037115,8,10
27.043227,8,11
138.833171,8,12
2.741688,9,1
23.330995,9,2
54.727675,9,3
35.165931,9,4
16.385213,9,5
36.956424,9,6
8.745117,9,7
111.081648,9,8
4.197264,9,10
24.305107,9,11
137.866533,9,12
7.872885,10,2
0.716755,10,3
0.409429,10,4
0.188621,10,5
1.358216,10,6
0.253547,10,7
43.698155,10,8
24.145264,10,9
49.358752,10,11
0.206763,10,12
0.026667,11,1
12.999152,11,2
23.432173,11,3
4.059976,11,4
4.073923,11,5
6.077189,11,6
1.25956,11,7
23.602283,11,8
8.645355,11,9
2.879267,11,10
8.805211,11,12
0.742651,12,1
115.121325,12,2
79.342915,12,3
55.829595,12,4
21.272453,12,5
51.293573,12,6
19.001747,12,7
142.000037,12,8
185.671952,12,9
3.349979,12,10
31.64232,12,11
succeed
0.0,0.026667,1.586635,0.0,0.026667,0.026667,0.092328,0.08,1.746925,0.0,0.0,0.149365
0.095555,0.0,13.687083,4.360867,11.007469,20.15372,0.668608,12.929989,11.656984,0.013333,4.975781,44.165277
0.494648,8.948917,0.0,17.309005,9.064445,38.565491,8.345648,63.698819,15.710637,1.186952,11.722304,27.078093
0.165653,9.417296,49.446157,0.0,19.259584,39.105843,17.40024,15.700888,24.918723,11.592883,8.602704,42.482968
0.0,4.497147,34.543957,2.362789,0.0,4.952664,3.13624,6.872536,5.179637,0.0,2.291557,8.736456
0.053333,20.031648,70.164115,13.056755,3.378693,0.0,2.696931,20.548901,16.136181,0.619088,5.386661,15.829307
0.0,0.830104,20.072043,14.139131,4.506147,9.235667,0.0,7.016755,5.604411,0.411376,1.663795,10.944032
0.541429,12.743504,87.187843,36.364493,8.814579,18.689059,5.369979,0.0,71.516541,10.037115,27.043227,138.833171
2.741688,23.330995,54.727675,35.165931,16.385213,36.956424,8.745117,111.081648,0.0,4.197264,24.305107,137.866533
0.0,7.872885,0.716755,0.409429,0.188621,1.358216,0.253547,43.698155,24.145264,0.0,49.358752,0.206763
0.026667,12.999152,23.432173,4.059976,4.073923,6.077189,1.25956,23.602283,8.645355,2.879267,0.0,8.805211
0.742651,115.121325,79.342915,55.829595,21.272453,51.293573,19.001747,142.000037,185.671952,3.349979,31.64232,0.0
