4205.380952
0.053333,1,2
0.374995,1,3
0.055584,1,4
0.053333,1,5
0.111493,1,6
0.331787,1,7
0.0832,1,8
0.421877,1,9
0.026667,1,10
1.068688,1,11
3.52124,1,12
0.446973,2,1
26.810915,2,3
8.042829,2,4
27.926541,2,5
30.030528,2,6
6.074187,2,7
13.590101,2,8
19.189981,2,9
0.635949,2,10
27.904704,2,11
45.047261,2,12
1.049323,3,1
57.849509,3,2
22.965891,3,4
13.305349,3,5
59.242717,3,6
14.793712,3,7
37.652229,3,8
27.068253,3,9
1.607304,3,10
41.591869,3,11
73.959699,3,12
0.162923,4,1
17.129139,4,2
27.913075,4,3
14.096331,4,5
21.831064,4,6
17.417251,4,7
31.181763,4,8
15.861965,4,9
0.499144,4,10
33.610323,4,11
34.212261,4,12
0.207064,5,1
10.869397,5,2
12.047403,5,3
6.307411,5,4
11.405,5,6
3.08108,5,7
6.479893,5,8
8.465856,5,9
0.334011,5,10
17.478915,5,11
26.767429,5,12
0.947195,6,1
25.031989,6,2
75.419176,6,3
8.012267,6,4
3.763701,6,5
12.072787,6,7
13.336803,6,8
29.326133,6,9
2.856493,6,10
44.074939,6,11
34.134979,6,12
0.249088,7,1
6.353667,7,2
23.964509,7,3
9.334437,7,4
3.034896,7,5
21.079912,7,6
7.803827,7,8
6.726597,7,9
0.527299,7,10
14.985029,7,11
19.759253,7,12
0.414173,8,1
17.717995,8,2
80.325285,8,3
44.095944,8,4
10.020256,8,5
41.649413,8,6
9.943149,8,7
42.189157,8,9
17.439272,8,10
53.636016,8,11
84.222941,8,12
2.366853,9,1
58.032544,9,2
51.233043,9,3
22.779117,9,4
11.823528,9,5
56.501651,9,6
23.040077,9,7
79.889216,9,8
1.990853,9,10
26.458896,9,11
164.526405,9,12
0.13184,10,2
1.083008,10,3
25.449912,10,4
0.171339,10,5
1.064264,10,6
0.061888,10,7
17.792008,10,8
0.124085,10,9
31.864936,10,11
0.1194,10,12
9.77576,11,1
129.237405,11,2
231.395885,11,3
80.041096,11,4
74.718011,11,5
159.971037,11,6
88.401968,11,7
33.730253,11,8
52.782869,11,9
15.251843,11,10
203.520061,11,12
3.192549,12,1
113.373829,12,2
126.866253,12,3
61.586872,12,4
30.269205,12,5
102.433059,12,6
21.893291,12,7
114.86488,12,8
256.920872,12,9
1.948584,12,10
72.005211,12,11
succeed
0.0,0.053333,0.374995,0.055584,0.053333,0.111493,0.331787,0.0832,0.421877,0.026667,1.068688,3.52124
0.446973,0.0,26.810915,8.042829,27.926541,30.030528,6.074187,13.590101,19.189981,0.635949,27.904704,45.047261
1.049323,57.849509,0.0,22.965891,13.305349,59.242717,14.793712,37.652229,27.068253,1.607304,41.591869,73.959699
0.162923,17.129139,27.913075,0.0,14.096331,21.831064,17.417251,31.181763,15.861965,0.499144,33.610323,34.212261
0.207064,10.869397,12.047403,6.307411,0.0,11.405,3.08108,6.479893,8.465856,0.334011,17.478915,26.767429
0.947195,25.031989,75.419176,8.012267,3.763701,0.0,12.072787,13.336803,29.326133,2.856493,44.074939,34.134979
0.249088,6.353667,23.964509,9.334437,3.034896,21.079912,0.0,7.803827,6.726597,0.527299,14.985029,19.759253
0.414173,17.717995,80.325285,44.095944,10.020256,41.649413,9.943149,0.0,42.189157,17.439272,53.636016,84.222941
2.366853,58.032544,51.233043,22.779117,11.823528,56.501651,23.040077,79.889216,0.0,1.990853,26.458896,164.526405
0.0,0.13184,1.083008,25.449912,0.171339,1.064264,0.061888,17.792008,0.124085,0.0,31.864936,0.1194
9.77576,129.237405,231.395885,80.041096,74.718011,159.971037,88.401968,33.730253,52.782869,15.251843,0.0,203.520061
3.192549,113.373829,126.866253,61.586872,30.269205,102.433059,21.893291,114.86488,256.920872,1.948584,72.005211,0.0
