3479.056468
0.799693,1,2
0.026667,1,3
0.220131,1,5
0.053333,1,6
0.026667,1,7
0.245827,1,8
0.105115,1,10
4.029581,1,12
0.224853,2,1
6.067237,2,3
0.201363,2,4
49.375739,2,5
24.472931,2,6
0.067645,2,7
27.996957,2,8
0.340272,2,9
4.409272,2,10
0.640389,2,11
133.296915,2,12
1.947755,3,1
34.179917,3,2
0.894917,3,4
22.980064,3,5
68.670451,3,6
39.520629,3,7
82.569883,3,8
24.162363,3,9
16.660421,3,10
0.538835,3,11
101.096437,3,12
0.082005,4,1
8.013243,4,2
70.184413,4,3
28.573627,4,5
31.368403,4,6
22.905912,4,7
32.204779,4,8
15.520691,4,9
12.943467,4,10
12.509059,4,11
42.114707,4,12
0.034176,5,1
7.085109,5,2
96.521787,5,3
3.956216,5,4
6.316709,5,6
5.633085,5,7
20.135165,5,8
0.733461,5,9
0.276557,5,10
0.055275,5,11
24.892461,5,12
0.421227,6,1
21.747421,6,2
92.397085,6,3
15.494936,6,4
9.118189,6,5
12.571675,6,7
43.813451,6,8
49.732104,6,9
3.474587,6,10
0.319344,6,11
60.873117,6,12
6.328768,7,1
6.341813,7,2
22.178005,7,3
8.648531,7,4
3.870677,7,5
28.074899,7,6
7.467872,7,8
5.571272,7,9
2.363813,7,10
0.219555,7,11
14.849712,7,12
1.492195,8,1
24.421747,8,2
127.764597,8,3
34.73908,8,4
28.61968,8,5
65.558339,8,6
13.030165,8,7
114.698635,8,9
17.928893,8,10
32.231656,8,11
142.005675,8,12
0.351885,9,1
42.162312,9,2
6.318667,9,3
1.447648,9,4
19.149899,9,5
1.116776,9,6
0.676381,9,7
131.587008,9,8
18.619896,9,10
0.962885,9,11
413.33616,9,12
0.026667,10,1
11.712267,10,2
2.940365,10,3
4.088488,10,4
3.00792,10,5
8.254395,10,6
1.870835,10,7
46.313019,10,8
44.276117,10,9
48.174163,10,11
2.839205,10,12
0.137923,11,1
22.771805,11,2
31.146656,11,3
5.882912,11,4
9.342981,11,5
12.684355,11,6
8.203232,11,7
47.991592,11,8
8.965784,11,9
13.600347,11,10
19.696776,11,12
1.139205,12,1
144.906739,12,2
15.020797,12,3
3.739677,12,4
32.51432,12,5
2.592293,12,6
3.171256,12,7
158.574523,12,8
10.33532,12,9
9.868744,12,10
1.284992,12,11
succeed
0.0,0.799693,0.026667,0.0,0.220131,0.053333,0.026667,0.245827,0.0,0.105115,0.0,4.029581
0.224853,0.0,6.067237,0.201363,49.375739,24.472931,0.067645,27.996957,0.340272,4.409272,0.640389,133.296915
1.947755,34.179917,0.0,0.894917,22.980064,68.670451,39.520629,82.569883,24.162363,16.660421,0.538835,101.096437
0.082005,8.013243,70.184413,0.0,28.573627,31.368403,22.905912,32.204779,15.520691,12.943467,12.509059,42.114707
0.034176,7.085109,96.521787,3.956216,0.0,6.316709,5.633085,20.135165,0.733461,0.276557,0.055275,24.892461
0.421227,21.747421,92.397085,15.494936,9.118189,0.0,12.571675,43.813451,49.732104,3.474587,0.319344,60.873117
6.328768,6.341813,22.178005,8.648531,3.870677,28.074899,0.0,7.467872,5.571272,2.363813,0.219555,14.849712
1.492195,24.421747,127.764597,34.73908,28.61968,65.558339,13.030165,0.0,114.698635,17.928893,32.231656,142.005675
0.351885,42.162312,6.318667,1.447648,19.149899,1.116776,0.676381,131.587008,0.0,18.619896,0.962885,413.33616
0.026667,11.712267,2.940365,4.088488,3.00792,8.254395,1.870835,46.313019,44.276117,0.0,48.174163,2.839205
0.137923,22.771805,31.146656,5.882912,9.342981,12.684355,8.203232,47.991592,8.965784,13.600347,0.0,19.696776
1.139205,144.906739,15.020797,3.739677,32.51432,2.592293,3.171256,158.574523,10.33532,9.868744,1.284992,0.0
