2525.963522
0.046848,1,2
1.071669,1,3
0.026667,1,4
2.756843,1,5
0.316043,1,6
0.115949,1,7
0.136423,1,8
0.117168,1,9
0.083089,1,10
0.44532,1,11
2.077224,1,12
0.112453,2,1
9.381944,2,3
4.561595,2,4
1.44488,2,5
18.945013,2,6
3.021069,2,7
19.042449,2,8
6.263789,2,9
0.775236,2,10
9.151568,2,11
38.775411,2,12
0.810957,3,1
40.033019,3,2
10.353645,3,4
11.147528,3,5
64.895653,3,6
14.087296,3,7
100.355117,3,8
12.686283,3,9
6.808251,3,10
18.256981,3,11
22.211552,3,12
0.148248,4,1
1.794589,4,2
36.583053,4,3
14.051411,4,5
10.206773,4,6
32.547643,4,7
18.937149,4,8
4.436805,4,9
11.869469,4,10
16.928909,4,11
28.240904,4,12
0.287744,5,1
3.722384,5,2
19.815648,5,3
0.805307,5,4
2.188621,5,6
12.915232,5,7
19.423291,5,8
2.094051,5,9
0.082869,5,10
5.048427,5,11
7.313112,5,12
0.524859,6,1
3.782475,6,2
98.048371,6,3
7.316987,6,4
1.548165,6,5
11.848888,6,7
9.329413,6,8
5.260496,6,9
6.015083,6,10
17.941027,6,11
49.502083,6,12
0.215392,7,1
3.095216,7,2
28.205947,7,3
10.2308,7,4
2.544096,7,5
19.510987,7,6
4.809525,7,8
3.640056,7,9
1.42444,7,10
7.071757,7,11
7.492651,7,12
0.227819,8,1
5.018547,8,2
132.737395,8,3
11.628387,8,4
2.078115,8,5
14.933947,8,6
10.110048,8,7
38.497056,8,9
13.466413,8,10
41.048232,8,11
40.581144,8,12
1.042784,9,1
18.537613,9,2
39.374669,9,3
16.084851,9,4
6.001597,9,5
16.257712,9,6
7.564352,9,7
73.64984,9,8
2.524541,9,10
25.128749,9,11
77.667267,9,12
0.053333,10,2
0.026667,10,3
4.471088,10,4
0.334235,10,6
9.152589,10,8
0.041128,10,9
16.614717,10,11
0.053333,10,12
1.440467,11,1
45.025275,11,2
59.323077,11,3
15.014248,11,4
20.790752,11,5
70.395587,11,6
47.768056,11,7
53.987709,11,8
22.835229,11,9
3.472093,11,10
60.841453,11,12
0.778451,12,1
56.68704,12,2
87.690005,12,3
63.631157,12,4
14.756248,12,5
25.427771,12,6
31.655205,12,7
74.045843,12,8
134.68772,12,9
1.673971,12,10
40.012712,12,11
succeed
0.0,0.046848,1.071669,0.026667,2.756843,0.316043,0.115949,0.136423,0.117168,0.083089,0.44532,2.077224
0.112453,0.0,9.381944,4.561595,1.44488,18.945013,3.021069,19.042449,6.263789,0.775236,9.151568,38.775411
0.810957,40.033019,0.0,10.353645,11.147528,64.895653,14.087296,100.355117,12.686283,6.808251,18.256981,22.211552
0.148248,1.794589,36.583053,0.0,14.051411,10.206773,32.547643,18.937149,4.436805,11.869469,16.928909,28.240904
0.287744,3.722384,19.815648,0.805307,0.0,2.188621,12.915232,19.423291,2.094051,0.082869,5.048427,7.313112
0.524859,3.782475,98.048371,7.316987,1.548165,0.0,11.848888,9.329413,5.260496,6.015083,17.941027,49.502083
0.215392,3.095216,28.205947,10.2308,2.544096,19.510987,0.0,4.809525,3.640056,1.42444,7.071757,7.492651
0.227819,5.018547,132.737395,11.628387,2.078115,14.933947,10.110048,0.0,38.497056,13.466413,41.048232,40.581144
1.042784,18.537613,39.374669,16.084851,6.001597,16.257712,7.564352,73.64984,0.0,2.524541,25.128749,77.667267
0.0,0.053333,0.026667,4.471088,0.0,0.334235,0.0,9.152589,0.041128,0.0,16.614717,0.053333
1.440467,45.025275,59.323077,15.014248,20.790752,70.395587,47.768056,53.987709,22.835229,3.472093,0.0,60.841453
0.778451,56.68704,87.690005,63.631157,14.756248,25.427771,31.655205,74.045843,134.68772,1.673971,40.012712,0.0
