1898.507084
0.463509,1,3
0.032805,1,5
0.026667,1,6
0.037405,1,7
0.026667,1,8
0.200512,1,9
0.357019,1,12
0.071949,2,1
4.163408,2,3
2.949699,2,4
47.066115,2,5
12.662749,2,6
0.699965,2,7
29.27592,2,8
6.179088,2,9
0.171945,2,10
2.677085,2,11
26.996312,2,12
0.105291,3,1
9.997635,3,2
5.112691,3,4
6.496693,3,5
95.282904,3,6
4.574427,3,7
26.255752,3,8
10.473384,3,9
0.546957,3,10
2.701376,3,11
29.485835,3,12
0.07488,4,1
3.452605,4,2
34.454187,4,3
21.250595,4,5
25.390035,4,6
15.152675,4,7
5.80452,4,8
10.913549,4,9
4.502139,4,10
12.009328,4,11
44.467491,4,12
2.791141,5,1
1.660677,5,2
7.196208,5,3
0.858861,5,4
4.549403,5,6
1.451155,5,7
1.547667,5,8
1.811835,5,9
0.629091,5,11
1.742029,5,12
7.135499,6,2
41.596232,6,3
4.914413,6,4
0.652256,6,5
3.441965,6,7
7.113045,6,8
14.698248,6,9
0.136704,6,10
2.924259,6,11
23.286803,6,12
1.508056,7,2
18.560211,7,3
4.365093,7,4
2.383696,7,5
10.081765,7,6
3.09652,7,8
1.078256,7,9
1.799597,7,10
2.145224,7,11
14.999664,7,12
19.014083,8,2
51.372315,8,3
11.591325,8,4
3.577637,8,5
9.118947,8,6
3.049507,8,7
19.136136,8,9
24.070531,8,10
22.3056,8,11
51.165891,8,12
0.990627,9,1
25.637725,9,2
25.558824,9,3
28.912205,9,4
3.062352,9,5
16.858853,9,6
3.826352,9,7
52.898907,9,8
1.77184,9,10
9.391779,9,11
51.708493,9,12
0.556744,10,4
0.133664,10,6
28.094275,10,8
0.026667,10,9
42.317704,10,11
0.420685,10,12
8.297112,11,2
10.982675,11,3
1.466347,11,4
1.654688,11,5
1.64144,11,6
1.192208,11,7
8.698397,11,8
36.268003,11,9
2.532736,11,10
2.682843,11,12
0.617579,12,1
165.569048,12,2
55.019456,12,3
53.324117,12,4
13.363792,12,5
32.97496,12,6
7.46432,12,7
97.605709,12,8
173.238856,12,9
0.658472,12,10
23.965317,12,11
succeed
0.0,0.0,0.463509,0.0,0.032805,0.026667,0.037405,0.026667,0.200512,0.0,0.0,0.357019
0.071949,0.0,4.163408,2.949699,47.066115,12.662749,0.699965,29.27592,6.179088,0.171945,2.677085,26.996312
0.105291,9.997635,0.0,5.112691,6.496693,95.282904,4.574427,26.255752,10.473384,0.546957,2.701376,29.485835
0.07488,3.452605,34.454187,0.0,21.250595,25.390035,15.152675,5.80452,10.913549,4.502139,12.009328,44.467491
2.791141,1.660677,7.196208,0.858861,0.0,4.549403,1.451155,1.547667,1.811835,0.0,0.629091,1.742029
0.0,7.135499,41.596232,4.914413,0.652256,0.0,3.441965,7.113045,14.698248,0.136704,2.924259,23.286803
0.0,1.508056,18.560211,4.365093,2.383696,10.081765,0.0,3.09652,1.078256,1.799597,2.145224,14.999664
0.0,19.014083,51.372315,11.591325,3.577637,9.118947,3.049507,0.0,19.136136,24.070531,22.3056,51.165891
0.990627,25.637725,25.558824,28.912205,3.062352,16.858853,3.826352,52.898907,0.0,1.77184,9.391779,51.708493
0.0,0.0,0.0,0.556744,0.0,0.133664,0.0,28.094275,0.026667,0.0,42.317704,0.420685
0.0,8.297112,10.982675,1.466347,1.654688,1.64144,1.192208,8.698397,36.268003,2.532736,0.0,2.682843
0.617579,165.569048,55.019456,53.324117,13.363792,32.97496,7.46432,97.605709,173.238856,0.658472,23.965317,0.0
