2867.360511
0.167227,1,2
0.107699,1,3
0.148893,1,4
0.139656,1,5
0.122176,1,6
0.066012,1,8
0.112139,1,9
0.039345,1,10
1.299157,1,12
0.338557,2,1
16.335749,2,3
19.717973,2,4
5.752797,2,5
29.285976,2,6
6.556485,2,7
10.197669,2,8
15.890619,2,9
4.777339,2,10
13.103957,2,11
64.379744,2,12
0.212048,3,1
16.591536,3,2
18.864843,3,4
21.177339,3,5
48.450725,3,6
13.467045,3,7
35.745853,3,8
23.606912,3,9
3.127576,3,10
6.912003,3,11
25.388395,3,12
0.1376,4,1
4.936379,4,2
70.268851,4,3
31.735848,4,5
49.466051,4,6
26.838739,4,7
20.818715,4,8
13.063293,4,9
13.636605,4,10
17.800448,4,11
55.162773,4,12
1.558696,5,1
23.127579,5,2
19.146216,5,3
1.751283,5,4
8.045771,5,6
1.486645,5,7
4.936021,5,8
4.393547,5,9
0.393381,5,10
1.591243,5,11
7.260464,5,12
4.304496,6,1
21.374603,6,2
64.686144,6,3
12.389621,6,4
36.075909,6,5
8.573848,6,7
24.690245,6,8
28.090219,6,9
2.491685,6,10
15.107,6,11
25.401987,6,12
0.397667,7,1
5.883312,7,2
17.763163,7,3
14.905651,7,4
1.743525,7,5
15.002715,7,6
7.439083,7,8
3.733224,7,9
2.390261,7,10
3.774973,7,11
8.72036,7,12
0.5672,8,1
22.369995,8,2
93.726229,8,3
40.476872,8,4
12.451664,8,5
17.847464,8,6
8.543261,8,7
56.6964,8,9
28.586155,8,10
20.448765,8,11
48.106125,8,12
0.726992,9,1
38.789251,9,2
36.382659,9,3
34.323555,9,4
9.278229,9,5
27.406928,9,6
15.839861,9,7
52.385229,9,8
5.576939,9,10
16.857536,9,11
102.705,9,12
3.015867,10,2
0.106667,10,3
11.674491,10,4
0.465387,10,5
0.375688,10,6
0.26764,10,7
42.437752,10,8
0.308139,10,9
40.479973,10,11
0.801115,10,12
0.20376,11,1
14.22936,11,2
58.194867,11,3
6.744672,11,4
4.353987,11,5
11.586043,11,6
6.061496,11,7
14.04196,11,8
27.815584,11,9
2.760163,11,10
22.200189,11,12
0.906848,12,1
153.118373,12,2
85.887597,12,3
95.397592,12,4
43.064109,12,5
86.024931,12,6
35.15232,12,7
45.668597,12,8
195.227125,12,9
6.679643,12,10
57.436984,12,11
succeed
0.0,0.167227,0.107699,0.148893,0.139656,0.122176,0.0,0.066012,0.112139,0.039345,0.0,1.299157
0.338557,0.0,16.335749,19.717973,5.752797,29.285976,6.556485,10.197669,15.890619,4.777339,13.103957,64.379744
0.212048,16.591536,0.0,18.864843,21.177339,48.450725,13.467045,35.745853,23.606912,3.127576,6.912003,25.388395
0.1376,4.936379,70.268851,0.0,31.735848,49.466051,26.838739,20.818715,13.063293,13.636605,17.800448,55.162773
1.558696,23.127579,19.146216,1.751283,0.0,8.045771,1.486645,4.936021,4.393547,0.393381,1.591243,7.260464
4.304496,21.374603,64.686144,12.389621,36.075909,0.0,8.573848,24.690245,28.090219,2.491685,15.107,25.401987
0.397667,5.883312,17.763163,14.905651,1.743525,15.002715,0.0,7.439083,3.733224,2.390261,3.774973,8.72036
0.5672,22.369995,93.726229,40.476872,12.451664,17.847464,8.543261,0.0,56.6964,28.586155,20.448765,48.106125
0.726992,38.789251,36.382659,34.323555,9.278229,27.406928,15.839861,52.385229,0.0,5.576939,16.857536,102.705
0.0,3.015867,0.106667,11.674491,0.465387,0.375688,0.26764,42.437752,0.308139,0.0,40.479973,0.801115
0.20376,14.22936,58.194867,6.744672,4.353987,11.586043,6.061496,14.04196,27.815584,2.760163,0.0,22.200189
0.906848,153.118373,85.887597,95.397592,43.064109,86.024931,35.15232,45.668597,195.227125,6.679643,57.436984,0.0
