3095.849542
0.08,1,2
0.853421,1,3
1.025088,1,5
0.118112,1,6
0.292459,1,7
0.053333,1,9
2.443181,1,12
24.736413,2,3
0.045653,2,4
36.628131,2,5
33.207536,2,6
4.552827,2,7
0.05616,2,8
12.964563,2,9
0.053333,2,10
0.348387,2,11
69.904456,2,12
46.296453,3,2
21.142947,3,4
155.62872,3,5
28.432597,3,6
12.900221,3,7
0.493056,3,8
19.05416,3,9
0.343459,3,11
29.576611,3,12
6.657325,4,2
84.623669,4,3
35.055373,4,5
17.138347,4,6
18.501101,4,7
21.241336,4,9
11.259235,4,10
0.049856,4,11
30.599848,4,12
20.004587,5,2
5.455213,5,3
0.026667,5,4
7.051939,5,9
0.026667,5,10
0.026667,5,11
101.255451,5,12
20.429403,6,2
146.54932,6,3
10.602467,6,4
46.965013,6,5
7.516067,6,7
0.106101,6,8
38.271315,6,9
0.327037,6,10
0.274208,6,11
39.412176,6,12
3.436995,7,2
39.428808,7,3
19.778093,7,4
18.377696,7,5
12.114179,7,6
5.717493,7,9
0.27344,7,11
11.413317,7,12
14.051595,8,2
20.868709,8,3
9.978701,8,4
231.171613,8,5
0.109376,8,6
52.110293,8,9
13.842509,8,10
29.419365,8,11
96.718915,8,12
29.117443,9,2
92.165016,9,3
32.190232,9,4
135.716765,9,5
34.881064,9,6
18.73496,9,7
0.082128,9,8
2.058445,9,11
75.328595,9,12
0.191349,10,2
0.522155,10,3
14.998792,10,4
3.638957,10,5
0.099549,10,7
50.962352,10,8
0.679232,10,9
52.678997,10,11
0.395533,10,12
9.030627,11,2
4.199835,11,3
1.760523,11,4
46.798731,11,5
4.149373,11,7
21.33324,11,8
9.035115,11,9
5.74616,11,10
8.626571,11,12
112.937256,12,2
115.257397,12,3
12.783096,12,4
244.931331,12,5
35.226491,12,6
25.612224,12,7
0.026667,12,8
135.212456,12,9
9.272123,12,11
succeed
0.0,0.08,0.853421,0.0,1.025088,0.118112,0.292459,0.0,0.053333,0.0,0.0,2.443181
0.0,0.0,24.736413,0.045653,36.628131,33.207536,4.552827,0.05616,12.964563,0.053333,0.348387,69.904456
0.0,46.296453,0.0,21.142947,155.62872,28.432597,12.900221,0.493056,19.05416,0.0,0.343459,29.576611
0.0,6.657325,84.623669,0.0,35.055373,17.138347,18.501101,0.0,21.241336,11.259235,0.049856,30.599848
0.0,20.004587,5.455213,0.026667,0.0,0.0,0.0,0.0,7.051939,0.026667,0.026667,101.255451
0.0,20.429403,146.54932,10.602467,46.965013,0.0,7.516067,0.106101,38.271315,0.327037,0.274208,39.412176
0.0,3.436995,39.428808,19.778093,18.377696,12.114179,0.0,0.0,5.717493,0.0,0.27344,11.413317
0.0,14.051595,20.868709,9.978701,231.171613,0.109376,0.0,0.0,52.110293,13.842509,29.419365,96.718915
0.0,29.117443,92.165016,32.190232,135.716765,34.881064,18.73496,0.082128,0.0,0.0,2.058445,75.328595
0.0,0.191349,0.522155,14.998792,3.638957,0.0,0.099549,50.962352,0.679232,0.0,52.678997,0.395533
0.0,9.030627,4.199835,1.760523,46.798731,0.0,4.149373,21.33324,9.035115,5.74616,0.0,8.626571
0.0,112.937256,115.257397,12.783096,244.931331,35.226491,25.612224,0.026667,135.212456,0.0,9.272123,0.0
