2293.609675
0.215477,1,3
0.053333,1,4
0.131189,1,5
0.053333,1,6
0.406619,1,8
0.094773,1,9
0.066667,1,11
0.269117,1,12
0.141496,2,1
3.915283,2,3
3.638936,2,4
11.524067,2,5
20.944349,2,6
2.381931,2,7
15.347936,2,8
4.216923,2,9
0.126883,2,10
12.719483,2,11
24.590979,2,12
0.042245,3,1
18.242565,3,2
5.436941,3,4
8.460731,3,5
31.886656,3,6
10.278819,3,7
32.254699,3,8
13.205544,3,9
1.120965,3,10
9.478627,3,11
28.508837,3,12
0.071627,4,1
7.37728,4,2
41.468496,4,3
23.975456,4,5
24.915245,4,6
21.205691,4,7
13.450613,4,8
20.276744,4,9
12.085576,4,10
29.777293,4,11
47.033099,4,12
1.435403,5,1
16.098429,5,2
6.968133,5,3
1.343816,5,4
0.758299,5,6
1.245488,5,7
13.552411,5,8
2.542624,5,9
0.031488,5,10
6.501709,5,11
1.719819,5,12
0.026667,6,1
5.965829,6,2
55.181797,6,3
5.287701,6,4
1.175733,6,5
2.587371,6,7
24.181672,6,8
10.904984,6,9
0.240184,6,10
16.703973,6,11
20.706149,6,12
2.755448,7,2
13.113824,7,3
18.66524,7,4
5.93608,7,5
17.236933,7,6
3.960715,7,8
3.244971,7,9
2.264235,7,10
3.303435,7,11
6.398539,7,12
1.353584,8,1
28.686624,8,2
65.411355,8,3
19.408883,8,4
8.465397,8,5
15.014064,8,6
2.402493,8,7
39.385381,8,9
26.120563,8,10
36.13316,8,11
86.659976,8,12
1.550165,9,1
17.305552,9,2
27.292573,9,3
28.033136,9,4
8.819736,9,5
12.793808,9,6
8.985288,9,7
75.109157,9,8
1.912488,9,10
33.32836,9,11
58.431264,9,12
0.690656,10,2
4.648085,10,4
0.332419,10,6
35.414331,10,8
0.276909,10,9
40.247509,10,11
0.164787,11,1
8.183056,11,2
16.232973,11,3
7.353397,11,4
3.494064,11,5
16.270357,11,6
2.641107,11,7
18.705317,11,8
8.713429,11,9
11.112816,11,10
68.095949,11,12
8.698528,12,1
146.215288,12,2
174.750784,12,3
60.551549,12,4
40.404064,12,5
24.023723,12,6
9.006352,12,7
43.018955,12,8
136.297112,12,9
1.383037,12,10
30.648493,12,11
succeed
0.0,0.0,0.215477,0.053333,0.131189,0.053333,0.0,0.406619,0.094773,0.0,0.066667,0.269117
0.141496,0.0,3.915283,3.638936,11.524067,20.944349,2.381931,15.347936,4.216923,0.126883,12.719483,24.590979
0.042245,18.242565,0.0,5.436941,8.460731,31.886656,10.278819,32.254699,13.205544,1.120965,9.478627,28.508837
0.071627,7.37728,41.468496,0.0,23.975456,24.915245,21.205691,13.450613,20.276744,12.085576,29.777293,47.033099
1.435403,16.098429,6.968133,1.343816,0.0,0.758299,1.245488,13.552411,2.542624,0.031488,6.501709,1.719819
0.026667,5.965829,55.181797,5.287701,1.175733,0.0,2.587371,24.181672,10.904984,0.240184,16.703973,20.706149
0.0,2.755448,13.113824,18.66524,5.93608,17.236933,0.0,3.960715,3.244971,2.264235,3.303435,6.398539
1.353584,28.686624,65.411355,19.408883,8.465397,15.014064,2.402493,0.0,39.385381,26.120563,36.13316,86.659976
1.550165,17.305552,27.292573,28.033136,8.819736,12.793808,8.985288,75.109157,0.0,1.912488,33.32836,58.431264
0.0,0.690656,0.0,4.648085,0.0,0.332419,0.0,35.414331,0.276909,0.0,40.247509,0.0
0.164787,8.183056,16.232973,7.353397,3.494064,16.270357,2.641107,18.705317,8.713429,11.112816,0.0,68.095949
8.698528,146.215288,174.750784,60.551549,40.404064,24.023723,9.006352,43.018955,136.297112,1.383037,30.648493,0.0
