2015.081312
0.099752,1,2
0.600336,1,3
0.162165,1,5
0.066856,1,6
0.360739,1,7
0.043045,1,8
0.036181,1,9
0.026667,1,11
0.592701,1,12
0.071757,2,1
7.146507,2,3
2.448299,2,4
4.258365,2,5
13.005059,2,6
0.693712,2,7
12.998381,2,8
7.911528,2,9
0.38704,2,10
3.731283,2,11
57.763205,2,12
0.23268,3,1
9.851419,3,2
4.819293,3,4
7.222064,3,5
23.089869,3,6
11.196336,3,7
42.433075,3,8
7.763581,3,9
0.389677,3,10
4.414648,3,11
22.419781,3,12
0.149717,4,1
16.006595,4,2
69.056056,4,3
11.668757,4,5
24.863589,4,6
10.572072,4,7
7.493907,4,8
22.724323,4,9
6.905317,4,10
3.163803,4,11
38.349005,4,12
3.628656,5,1
5.509789,5,2
18.229856,5,3
0.591651,5,4
2.253163,5,6
1.034635,5,7
3.859488,5,8
4.291144,5,9
0.103027,5,10
0.564096,5,11
6.316179,5,12
0.090547,6,1
18.647123,6,2
87.490235,6,3
5.177451,6,4
0.537445,6,5
2.912565,6,7
17.899248,6,8
17.980512,6,9
0.619315,6,10
6.243672,6,11
10.332643,6,12
0.590352,7,1
1.916787,7,2
13.768869,7,3
7.257205,7,4
3.360165,7,5
15.117709,7,6
4.82876,7,8
6.582411,7,9
1.942304,7,10
2.464843,7,11
19.681635,7,12
0.887203,8,1
13.380829,8,2
146.447003,8,3
22.319904,8,4
5.009339,8,5
24.522085,8,6
9.793371,8,7
36.526971,8,9
18.351168,8,10
31.274496,8,11
30.020597,8,12
0.177915,9,1
24.025333,9,2
12.647333,9,3
23.878643,9,4
3.65176,9,5
27.040728,9,6
4.221936,9,7
67.18232,9,8
1.074624,9,10
35.172899,9,11
86.642552,9,12
0.159456,10,2
0.053333,10,3
3.268523,10,4
0.053333,10,5
0.329419,10,6
0.026667,10,7
33.167739,10,8
8.826613,10,9
25.365043,10,11
0.026667,10,12
0.026667,11,1
7.923173,11,2
25.804595,11,3
1.529912,11,4
1.130611,11,5
4.125035,11,6
1.560715,11,7
13.634448,11,8
11.873688,11,9
1.570915,11,10
7.000501,11,12
0.258117,12,1
149.043891,12,2
23.767149,12,3
45.570115,12,4
23.801653,12,5
31.351613,12,6
11.116365,12,7
61.650827,12,8
125.078448,12,9
1.637037,12,10
21.087413,12,11
succeed
0.0,0.099752,0.600336,0.0,0.162165,0.066856,0.360739,0.043045,0.036181,0.0,0.026667,0.592701
0.071757,0.0,7.146507,2.448299,4.258365,13.005059,0.693712,12.998381,7.911528,0.38704,3.731283,57.763205
0.23268,9.851419,0.0,4.819293,7.222064,23.089869,11.196336,42.433075,7.763581,0.389677,4.414648,22.419781
0.149717,16.006595,69.056056,0.0,11.668757,24.863589,10.572072,7.493907,22.724323,6.905317,3.163803,38.349005
3.628656,5.509789,18.229856,0.591651,0.0,2.253163,1.034635,3.859488,4.291144,0.103027,0.564096,6.316179
0.090547,18.647123,87.490235,5.177451,0.537445,0.0,2.912565,17.899248,17.980512,0.619315,6.243672,10.332643
0.590352,1.916787,13.768869,7.257205,3.360165,15.117709,0.0,4.82876,6.582411,1.942304,2.464843,19.681635
0.887203,13.380829,146.447003,22.319904,5.009339,24.522085,9.793371,0.0,36.526971,18.351168,31.274496,30.020597
0.177915,24.025333,12.647333,23.878643,3.65176,27.040728,4.221936,67.18232,0.0,1.074624,35.172899,86.642552
0.0,0.159456,0.053333,3.268523,0.053333,0.329419,0.026667,33.167739,8.826613,0.0,25.365043,0.026667
0.026667,7.923173,25.804595,1.529912,1.130611,4.125035,1.560715,13.634448,11.873688,1.570915,0.0,7.000501
0.258117,149.043891,23.767149,45.570115,23.801653,31.351613,11.116365,61.650827,125.078448,1.637037,21.087413,0.0
