3240.987324
0.295589,1,2
0.189648,1,3
0.08,1,4
0.207192,1,5
0.213269,1,6
0.339848,1,7
0.152131,1,8
0.259563,1,9
0.18032,1,11
1.458907,1,12
0.505269,2,1
15.523832,2,3
3.990515,2,4
35.985579,2,5
16.591104,2,6
6.590707,2,7
35.849339,2,8
12.331272,2,9
0.450108,2,10
6.407157,2,11
64.23756,2,12
0.34636,3,1
20.072341,3,2
33.851059,3,4
10.252245,3,5
55.554757,3,6
17.012043,3,7
88.408189,3,8
22.471133,3,9
5.310888,3,10
7.975968,3,11
29.877307,3,12
0.958485,4,1
21.975931,4,2
55.181251,4,3
21.016405,4,5
32.133245,4,6
26.732421,4,7
24.359981,4,8
13.679645,4,9
33.161072,4,10
22.622616,4,11
51.131341,4,12
1.250293,5,1
13.331547,5,2
18.00208,5,3
6.357304,5,4
9.889501,5,6
5.054771,5,7
12.098909,5,8
2.970616,5,9
0.31568,5,10
3.947133,5,11
19.344923,5,12
0.358528,6,1
24.638589,6,2
81.142336,6,3
16.242712,6,4
15.187899,6,5
7.361456,6,7
32.874539,6,8
26.306653,6,9
8.991352,6,10
11.175603,6,11
34.7598,6,12
0.026667,7,1
4.595152,7,2
28.769555,7,3
10.654475,7,4
6.359221,7,5
18.816288,7,6
9.967741,7,8
4.826608,7,9
2.869203,7,10
5.621227,7,11
11.750675,7,12
0.724432,8,1
40.852104,8,2
112.769227,8,3
14.582763,8,4
30.586624,8,5
27.503843,8,6
12.874344,8,7
31.201029,8,9
17.943955,8,10
32.876683,8,11
66.364387,8,12
2.821925,9,1
59.551395,9,2
32.823877,9,3
48.190107,9,4
19.721984,9,5
53.781123,9,6
16.090827,9,7
82.143968,9,8
9.020613,9,10
19.736328,9,11
167.195392,9,12
0.169309,10,2
0.08,10,3
66.916245,10,4
1.221392,10,5
4.404893,10,6
0.057435,10,7
40.999307,10,8
0.337096,10,9
25.714789,10,11
0.25788,10,12
0.658115,11,1
9.417139,11,2
29.186253,11,3
6.436592,11,4
4.251995,11,5
10.525989,11,6
7.842373,11,7
33.658952,11,8
14.636456,11,9
6.60892,11,10
18.06632,11,12
6.111776,12,1
123.769427,12,2
131.324595,12,3
74.754179,12,4
43.774579,12,5
89.518536,12,6
19.867021,12,7
97.120416,12,8
178.546803,12,9
5.373717,12,10
38.239267,12,11
succeed
0.0,0.295589,0.189648,0.08,0.207192,0.213269,0.339848,0.152131,0.259563,0.0,0.18032,1.458907
0.505269,0.0,15.523832,3.990515,35.985579,16.591104,6.590707,35.849339,12.331272,0.450108,6.407157,64.23756
0.34636,20.072341,0.0,33.851059,10.252245,55.554757,17.012043,88.408189,22.471133,5.310888,7.975968,29.877307
0.958485,21.975931,55.181251,0.0,21.016405,32.133245,26.732421,24.359981,13.679645,33.161072,22.622616,51.131341
1.250293,13.331547,18.00208,6.357304,0.0,9.889501,5.054771,12.098909,2.970616,0.31568,3.947133,19.344923
0.358528,24.638589,81.142336,16.242712,15.187899,0.0,7.361456,32.874539,26.306653,8.991352,11.175603,34.7598
0.026667,4.595152,28.769555,10.654475,6.359221,18.816288,0.0,9.967741,4.826608,2.869203,5.621227,11.750675
0.724432,40.852104,112.769227,14.582763,30.586624,27.503843,12.874344,0.0,31.201029,17.943955,32.876683,66.364387
2.821925,59.551395,32.823877,48.190107,19.721984,53.781123,16.090827,82.143968,0.0,9.020613,19.736328,167.195392
0.0,0.169309,0.08,66.916245,1.221392,4.404893,0.057435,40.999307,0.337096,0.0,25.714789,0.25788
0.658115,9.417139,29.186253,6.436592,4.251995,10.525989,7.842373,33.658952,14.636456,6.60892,0.0,18.06632
6.111776,123.769427,131.324595,74.754179,43.774579,89.518536,19.867021,97.120416,178.546803,5.373717,38.239267,0.0
