2206.423463
0.026667,1,2
0.462627,1,3
0.111176,1,5
0.344373,1,6
0.046589,1,7
0.3844,1,8
0.026667,1,9
0.141419,1,11
0.486539,1,12
0.069483,2,1
10.857541,2,3
7.092304,2,4
11.086408,2,5
9.28404,2,6
0.152955,2,7
14.593312,2,8
6.030248,2,9
0.130712,2,10
4.433371,2,11
27.114643,2,12
0.159827,3,1
22.797792,3,2
16.594539,3,4
5.866896,3,5
17.795776,3,6
9.119851,3,7
35.582739,3,8
9.279539,3,9
0.429824,3,10
13.933952,3,11
68.994341,3,12
0.184496,4,1
1.987451,4,2
48.10504,4,3
26.307909,4,5
25.903688,4,6
21.762059,4,7
21.838213,4,8
22.003096,4,9
15.38,4,10
17.038091,4,11
43.835013,4,12
1.835243,5,1
32.250824,5,2
14.676056,5,3
1.984296,5,4
3.640395,5,6
4.400464,5,7
52.486061,5,8
1.654491,5,9
0.121093,5,10
2.031379,5,11
1.589432,5,12
0.193819,6,1
8.529872,6,2
29.195227,6,3
4.035117,6,4
1.982341,6,5
2.578779,6,7
23.860429,6,8
14.310293,6,9
0.412504,6,10
6.957147,6,11
14.662469,6,12
0.203163,7,1
1.422552,7,2
17.513168,7,3
8.579261,7,4
12.760923,7,5
14.867107,7,6
15.803931,7,8
5.022301,7,9
1.039317,7,10
1.047835,7,11
17.964048,7,12
1.082659,8,1
21.713848,8,2
64.692896,8,3
7.339637,8,4
7.216163,8,5
35.802427,8,6
8.106117,8,7
77.905611,8,9
9.340459,8,10
44.550747,8,11
88.049843,8,12
0.110299,9,1
18.014632,9,2
39.351616,9,3
27.103541,9,4
8.618312,9,5
38.354773,9,6
9.550293,9,7
73.087677,9,8
0.880677,9,10
34.345688,9,11
42.195923,9,12
0.08,10,2
0.174883,10,3
12.038936,10,4
0.027435,10,5
0.198968,10,6
0.053333,10,7
33.1554,10,8
0.23328,10,9
34.342216,10,11
0.026667,10,12
0.168397,11,1
7.577123,11,2
14.340163,11,3
3.204147,11,4
3.275061,11,5
5.868811,11,6
1.955704,11,7
30.698483,11,8
9.98668,11,9
4.647368,11,10
5.678261,11,12
0.859181,12,1
108.446531,12,2
68.346115,12,3
52.5606,12,4
21.64304,12,5
30.051896,12,6
17.697971,12,7
104.537675,12,8
86.939253,12,9
2.895016,12,10
29.914088,12,11
succeed
0.0,0.026667,0.462627,0.0,0.111176,0.344373,0.046589,0.3844,0.026667,0.0,0.141419,0.486539
0.069483,0.0,10.857541,7.092304,11.086408,9.28404,0.152955,14.593312,6.030248,0.130712,4.433371,27.114643
0.159827,22.797792,0.0,16.594539,5.866896,17.795776,9.119851,35.582739,9.279539,0.429824,13.933952,68.994341
0.184496,1.987451,48.10504,0.0,26.307909,25.903688,21.762059,21.838213,22.003096,15.38,17.038091,43.835013
1.835243,32.250824,14.676056,1.984296,0.0,3.640395,4.400464,52.486061,1.654491,0.121093,2.031379,1.589432
0.193819,8.529872,29.195227,4.035117,1.982341,0.0,2.578779,23.860429,14.310293,0.412504,6.957147,14.662469
0.203163,1.422552,17.513168,8.579261,12.760923,14.867107,0.0,15.803931,5.022301,1.039317,1.047835,17.964048
1.082659,21.713848,64.692896,7.339637,7.216163,35.802427,8.106117,0.0,77.905611,9.340459,44.550747,88.049843
0.110299,18.014632,39.351616,27.103541,8.618312,38.354773,9.550293,73.087677,0.0,0.880677,34.345688,42.195923
0.0,0.08,0.174883,12.038936,0.027435,0.198968,0.053333,33.1554,0.23328,0.0,34.342216,0.026667
0.168397,7.577123,14.340163,3.204147,3.275061,5.868811,1.955704,30.698483,9.98668,4.647368,0.0,5.678261
0.859181,108.446531,68.346115,52.5606,21.64304,30.051896,17.697971,104.537675,86.939253,2.895016,29.914088,0.0
