2621.846635
1.349341,1,2
0.860795,1,3
0.483547,1,5
0.158768,1,6
0.026667,1,7
1.091635,1,9
0.053333,1,11
1.569123,1,12
33.215613,2,3
23.158563,2,5
31.843563,2,6
40.325131,2,9
0.043179,2,10
44.593283,2,12
27.399773,3,2
10.961464,3,5
31.904539,3,6
0.053333,3,7
0.053333,3,8
145.851531,3,9
2.14544,3,11
32.353392,3,12
5.576925,4,2
31.649608,4,3
29.762371,4,5
28.079608,4,6
17.364667,4,7
42.958349,4,9
9.891565,4,10
2.015176,4,11
43.993765,4,12
28.562779,5,2
1.279568,5,3
0.02672,5,6
4.621845,5,9
0.026667,5,10
82.718904,5,12
23.165627,6,2
76.713341,6,3
13.511373,6,5
18.770699,6,7
0.026667,6,8
176.608851,6,9
0.053333,6,10
0.0412,6,11
35.819211,6,12
6.256893,7,2
12.641067,7,3
8.261643,7,4
9.295216,7,5
13.377264,7,6
18.376581,7,9
0.053333,7,10
0.026667,7,11
7.631453,7,12
24.435619,8,2
3.651573,8,3
12.010776,8,4
104.878053,8,5
0.915523,8,6
0.181808,8,7
70.659859,8,9
8.375248,8,10
20.021715,8,11
68.590899,8,12
30.643211,9,2
1.294003,9,3
15.735851,9,5
0.026667,9,6
0.259875,9,7
0.106667,9,8
0.233115,9,10
0.62496,9,11
93.148829,9,12
0.771683,10,2
3.858936,10,4
2.804901,10,5
0.026667,10,6
0.414323,10,7
33.495499,10,8
17.656115,10,9
49.655547,10,11
0.652088,10,12
11.456973,11,2
3.253157,11,3
4.599741,11,4
25.028304,11,5
0.227981,11,6
3.837936,11,7
14.562344,11,8
56.642605,11,9
9.916171,11,10
30.112205,11,12
127.965344,12,2
0.644987,12,3
86.327552,12,5
0.191589,12,6
0.354627,12,7
0.026667,12,8
501.952667,12,9
0.172584,12,10
0.788909,12,11
succeed
0.0,1.349341,0.860795,0.0,0.483547,0.158768,0.026667,0.0,1.091635,0.0,0.053333,1.569123
0.0,0.0,33.215613,0.0,23.158563,31.843563,0.0,0.0,40.325131,0.043179,0.0,44.593283
0.0,27.399773,0.0,0.0,10.961464,31.904539,0.053333,0.053333,145.851531,0.0,2.14544,32.353392
0.0,5.576925,31.649608,0.0,29.762371,28.079608,17.364667,0.0,42.958349,9.891565,2.015176,43.993765
0.0,28.562779,1.279568,0.0,0.0,0.02672,0.0,0.0,4.621845,0.026667,0.0,82.718904
0.0,23.165627,76.713341,0.0,13.511373,0.0,18.770699,0.026667,176.608851,0.053333,0.0412,35.819211
0.0,6.256893,12.641067,8.261643,9.295216,13.377264,0.0,0.0,18.376581,0.053333,0.026667,7.631453
0.0,24.435619,3.651573,12.010776,104.878053,0.915523,0.181808,0.0,70.659859,8.375248,20.021715,68.590899
0.0,30.643211,1.294003,0.0,15.735851,0.026667,0.259875,0.106667,0.0,0.233115,0.62496,93.148829
0.0,0.771683,0.0,3.858936,2.804901,0.026667,0.414323,33.495499,17.656115,0.0,49.655547,0.652088
0.0,11.456973,3.253157,4.599741,25.028304,0.227981,3.837936,14.562344,56.642605,9.916171,0.0,30.112205
0.0,127.965344,0.644987,0.0,86.327552,0.191589,0.354627,0.026667,501.952667,0.172584,0.788909,0.0
