2978.051627
0.466949,1,2
0.452579,1,3
0.113592,1,4
0.61748,1,5
1.622147,1,6
0.133789,1,7
0.063619,1,8
1.330051,1,9
0.458499,1,11
0.947083,1,12
0.101787,2,1
11.885824,2,3
2.736965,2,4
26.140179,2,5
14.156152,2,6
3.289221,2,7
8.672479,2,8
4.016301,2,9
0.346145,2,10
7.365637,2,11
32.066147,2,12
0.637301,3,1
16.07788,3,2
14.300707,3,4
23.421832,3,5
46.081429,3,6
16.714136,3,7
125.457749,3,8
12.192672,3,9
3.736917,3,10
17.417293,3,11
25.773685,3,12
0.216728,4,1
2.809219,4,2
30.574821,4,3
14.111285,4,5
10.261704,4,6
27.344008,4,7
21.652477,4,8
5.823629,4,9
26.562603,4,10
21.198248,4,11
32.294288,4,12
0.311477,5,1
5.204453,5,2
12.619779,5,3
1.871504,5,4
5.443469,5,6
13.667045,5,7
2.713883,5,8
2.798197,5,9
0.161728,5,10
5.216576,5,11
11.465707,5,12
0.249747,6,1
8.873243,6,2
48.210301,6,3
9.911064,6,4
2.808976,6,5
11.46236,6,7
15.411629,6,8
6.118757,6,9
0.705773,6,10
13.264955,6,11
12.861883,6,12
0.026667,7,1
5.225885,7,2
19.968816,7,3
23.105611,7,4
4.940619,7,5
15.489352,7,6
7.215488,7,8
6.737237,7,9
2.499032,7,10
7.779923,7,11
14.419011,7,12
0.110131,8,1
8.390592,8,2
955.346507,8,3
14.340979,8,4
3.764144,8,5
16.981011,8,6
6.464339,8,7
32.368064,8,9
25.633429,8,10
47.587179,8,11
47.190811,8,12
0.505685,9,1
25.833373,9,2
20.075661,9,3
9.992317,9,4
16.095171,9,5
24.40968,9,6
13.635949,9,7
43.951392,9,8
2.366299,9,10
17.197773,9,11
74.727712,9,12
0.584672,10,2
0.134403,10,3
5.661283,10,4
0.305923,10,6
0.026667,10,7
4.255808,10,8
0.093776,10,9
22.899339,10,11
0.515347,10,12
1.113173,11,1
17.247533,11,2
31.857965,11,3
7.256101,11,4
8.40544,11,5
19.401939,11,6
10.788259,11,7
20.194712,11,8
9.361165,11,9
2.400483,11,10
20.868245,11,12
0.313616,12,1
79.204528,12,2
54.277104,12,3
52.082029,12,4
23.226368,12,5
49.328637,12,6
15.685925,12,7
57.173512,12,8
116.285259,12,9
1.51956,12,10
28.211275,12,11
succeed
0.0,0.466949,0.452579,0.113592,0.61748,1.622147,0.133789,0.063619,1.330051,0.0,0.458499,0.947083
0.101787,0.0,11.885824,2.736965,26.140179,14.156152,3.289221,8.672479,4.016301,0.346145,7.365637,32.066147
0.637301,16.07788,0.0,14.300707,23.421832,46.081429,16.714136,125.457749,12.192672,3.736917,17.417293,25.773685
0.216728,2.809219,30.574821,0.0,14.111285,10.261704,27.344008,21.652477,5.823629,26.562603,21.198248,32.294288
0.311477,5.204453,12.619779,1.871504,0.0,5.443469,13.667045,2.713883,2.798197,0.161728,5.216576,11.465707
0.249747,8.873243,48.210301,9.911064,2.808976,0.0,11.46236,15.411629,6.118757,0.705773,13.264955,12.861883
0.026667,5.225885,19.968816,23.105611,4.940619,15.489352,0.0,7.215488,6.737237,2.499032,7.779923,14.419011
0.110131,8.390592,955.346507,14.340979,3.764144,16.981011,6.464339,0.0,32.368064,25.633429,47.587179,47.190811
0.505685,25.833373,20.075661,9.992317,16.095171,24.40968,13.635949,43.951392,0.0,2.366299,17.197773,74.727712
0.0,0.584672,0.134403,5.661283,0.0,0.305923,0.026667,4.255808,0.093776,0.0,22.899339,0.515347
1.113173,17.247533,31.857965,7.256101,8.40544,19.401939,10.788259,20.194712,9.361165,2.400483,0.0,20.868245
0.313616,79.204528,54.277104,52.082029,23.226368,49.328637,15.685925,57.173512,116.285259,1.51956,28.211275,0.0
