2890.485588
1.320277,1,2
0.487051,1,3
0.106667,1,4
0.200368,1,5
0.289272,1,6
1.272397,1,7
0.088488,1,8
1.076016,1,9
0.053333,1,10
0.107392,1,11
1.661048,1,12
0.333493,2,1
8.889163,2,3
6.446627,2,4
9.708173,2,5
22.239171,2,6
5.365523,2,7
14.796993,2,8
9.832331,2,9
1.007292,2,10
6.703483,2,11
65.415035,2,12
0.478133,3,1
30.223875,3,2
20.281696,3,4
8.329339,3,5
23.628848,3,6
10.555795,3,7
45.401488,3,8
15.364661,3,9
2.339099,3,10
4.168267,3,11
52.072643,3,12
0.452059,4,1
8.407371,4,2
65.843467,4,3
28.514304,4,5
35.640307,4,6
21.015221,4,7
13.949533,4,8
18.271587,4,9
41.873301,4,10
21.504997,4,11
57.229408,4,12
2.701384,5,1
7.241405,5,2
20.629032,5,3
1.657912,5,4
8.492491,5,6
7.992147,5,7
14.069203,5,8
3.327096,5,9
0.164,5,10
1.768904,5,11
6.949957,5,12
0.641885,6,1
25.657099,6,2
83.321688,6,3
27.386488,6,4
14.45244,6,5
20.150637,6,7
31.853517,6,8
26.380616,6,9
2.012696,6,10
9.948235,6,11
72.971683,6,12
2.77276,7,1
2.929533,7,2
20.903264,7,3
8.417296,7,4
9.994741,7,5
15.220469,7,6
10.858677,7,8
7.290909,7,9
2.402579,7,10
9.626739,7,11
19.995211,7,12
0.292893,8,1
50.877912,8,2
108.101301,8,3
13.674709,8,4
16.326224,8,5
43.861048,8,6
8.626395,8,7
41.853744,8,9
47.63132,8,10
28.199765,8,11
47.596568,8,12
2.823923,9,1
35.203267,9,2
22.395131,9,3
36.934141,9,4
26.571429,9,5
39.813787,9,6
19.712685,9,7
69.047877,9,8
6.940168,9,10
54.050331,9,11
100.414467,9,12
1.248411,10,2
0.155576,10,3
5.783984,10,4
0.165664,10,5
1.762432,10,6
0.346627,10,7
35.753403,10,8
0.339717,10,9
26.358896,10,11
0.437493,10,12
0.045965,11,1
11.242877,11,2
32.177301,11,3
5.390227,11,4
3.005901,11,5
14.232816,11,6
7.775725,11,7
27.255112,11,8
22.128427,11,9
3.78884,11,10
33.588387,11,12
0.564461,12,1
81.338288,12,2
92.547347,12,3
75.258627,12,4
42.557677,12,5
63.698019,12,6
25.477461,12,7
71.588467,12,8
164.886368,12,9
4.600613,12,10
30.907709,12,11
succeed
0.0,1.320277,0.487051,0.106667,0.200368,0.289272,1.272397,0.088488,1.076016,0.053333,0.107392,1.661048
0.333493,0.0,8.889163,6.446627,9.708173,22.239171,5.365523,14.796993,9.832331,1.007292,6.703483,65.415035
0.478133,30.223875,0.0,20.281696,8.329339,23.628848,10.555795,45.401488,15.364661,2.339099,4.168267,52.072643
0.452059,8.407371,65.843467,0.0,28.514304,35.640307,21.015221,13.949533,18.271587,41.873301,21.504997,57.229408
2.701384,7.241405,20.629032,1.657912,0.0,8.492491,7.992147,14.069203,3.327096,0.164,1.768904,6.949957
0.641885,25.657099,83.321688,27.386488,14.45244,0.0,20.150637,31.853517,26.380616,2.012696,9.948235,72.971683
2.77276,2.929533,20.903264,8.417296,9.994741,15.220469,0.0,10.858677,7.290909,2.402579,9.626739,19.995211
0.292893,50.877912,108.101301,13.674709,16.326224,43.861048,8.626395,0.0,41.853744,47.63132,28.199765,47.596568
2.823923,35.203267,22.395131,36.934141,26.571429,39.813787,19.712685,69.047877,0.0,6.940168,54.050331,100.414467
0.0,1.248411,0.155576,5.783984,0.165664,1.762432,0.346627,35.753403,0.339717,0.0,26.358896,0.437493
0.045965,11.242877,32.177301,5.390227,3.005901,14.232816,7.775725,27.255112,22.128427,3.78884,0.0,33.588387
0.564461,81.338288,92.547347,75.258627,42.557677,63.698019,25.477461,71.588467,164.886368,4.600613,30.907709,0.0
