1860.788393
0.026667,1,2
0.085093,1,3
0.026667,1,4
0.067176,1,5
0.053333,1,6
0.420541,1,8
0.08,1,9
0.026667,1,11
0.23956,1,12
0.106501,2,1
10.172557,2,3
5.123373,2,4
23.654203,2,5
14.631571,2,6
0.698152,2,7
12.487877,2,8
6.262605,2,9
2.002432,2,10
2.707867,2,11
23.224387,2,12
1.503627,3,1
17.105432,3,2
4.394973,3,4
23.237189,3,5
28.260325,3,6
7.990584,3,7
26.175389,3,8
14.064845,3,9
0.454707,3,10
4.175173,3,11
32.50548,3,12
0.20192,4,1
13.639061,4,2
39.687432,4,3
19.816997,4,5
24.618616,4,6
37.255472,4,7
6.789888,4,8
14.293808,4,9
8.332533,4,10
13.335592,4,11
41.259573,4,12
0.149813,5,1
1.691008,5,2
29.578629,5,3
1.335003,5,4
1.375213,5,6
1.001013,5,7
3.136819,5,8
2.363139,5,9
1.752597,5,10
0.47056,5,11
6.274741,5,12
0.091971,6,1
16.838016,6,2
28.741184,6,3
6.909992,6,4
1.440216,6,5
3.357395,6,7
8.513941,6,8
16.239664,6,9
0.453437,6,10
1.469613,6,11
9.193093,6,12
1.469328,7,2
8.573621,7,3
5.509421,7,4
3.373285,7,5
36.877611,7,6
4.087101,7,8
0.664024,7,9
2.208899,7,10
3.194221,7,11
8.112536,7,12
0.260275,8,1
17.486899,8,2
79.726632,8,3
13.367616,8,4
4.120107,8,5
10.777931,8,6
2.578603,8,7
25.589928,8,9
33.68456,8,10
21.712336,8,11
66.731949,8,12
1.812773,9,1
25.109792,9,2
22.377923,9,3
26.132499,9,4
4.725443,9,5
17.962333,9,6
6.657557,9,7
53.871651,9,8
0.76364,9,10
5.622973,9,11
39.581917,9,12
0.026667,10,2
0.054304,10,3
0.563315,10,4
1.432533,10,6
0.026667,10,7
31.73076,10,8
0.084789,10,9
38.97568,10,11
0.053333,10,12
6.558773,11,2
11.300312,11,3
1.851693,11,4
1.666907,11,5
2.915877,11,6
2.517565,11,7
7.325456,11,8
12.503459,11,9
3.887952,11,10
2.534472,11,12
0.189312,12,1
106.522251,12,2
93.461088,12,3
50.518005,12,4
12.168683,12,5
28.770523,12,6
6.674456,12,7
100.225853,12,8
140.363419,12,9
0.665979,12,10
16.920024,12,11
succeed
0.0,0.026667,0.085093,0.026667,0.067176,0.053333,0.0,0.420541,0.08,0.0,0.026667,0.23956
0.106501,0.0,10.172557,5.123373,23.654203,14.631571,0.698152,12.487877,6.262605,2.002432,2.707867,23.224387
1.503627,17.105432,0.0,4.394973,23.237189,28.260325,7.990584,26.175389,14.064845,0.454707,4.175173,32.50548
0.20192,13.639061,39.687432,0.0,19.816997,24.618616,37.255472,6.789888,14.293808,8.332533,13.335592,41.259573
0.149813,1.691008,29.578629,1.335003,0.0,1.375213,1.001013,3.136819,2.363139,1.752597,0.47056,6.274741
0.091971,16.838016,28.741184,6.909992,1.440216,0.0,3.357395,8.513941,16.239664,0.453437,1.469613,9.193093
0.0,1.469328,8.573621,5.509421,3.373285,36.877611,0.0,4.087101,0.664024,2.208899,3.194221,8.112536
0.260275,17.486899,79.726632,13.367616,4.120107,10.777931,2.578603,0.0,25.589928,33.68456,21.712336,66.731949
1.812773,25.109792,22.377923,26.132499,4.725443,17.962333,6.657557,53.871651,0.0,0.76364,5.622973,39.581917
0.0,0.026667,0.054304,0.563315,0.0,1.432533,0.026667,31.73076,0.084789,0.0,38.97568,0.053333
0.0,6.558773,11.300312,1.851693,1.666907,2.915877,2.517565,7.325456,12.503459,3.887952,0.0,2.534472
0.189312,106.522251,93.461088,50.518005,12.168683,28.770523,6.674456,100.225853,140.363419,0.665979,16.920024,0.0
