1425.565862
0.08,1,3
0.026667,1,4
1.166333,1,7
0.123437,1,8
0.061045,1,9
0.10944,1,12
0.036533,2,1
3.054048,2,3
4.070259,2,4
23.717043,2,5
10.849181,2,6
1.171832,2,7
9.408397,2,8
1.544405,2,9
0.013333,2,10
6.077648,2,11
32.6604,2,12
0.06224,3,1
8.863632,3,2
9.66208,3,4
6.902651,3,5
11.263691,3,6
5.532693,3,7
26.718259,3,8
6.558203,3,9
0.128421,3,10
4.411203,3,11
13.544864,3,12
0.25376,4,1
4.277723,4,2
40.722251,4,3
25.762395,4,5
23.862696,4,6
11.727688,4,7
5.609123,4,8
14.62576,4,9
3.212867,4,10
5.790645,4,11
33.758435,4,12
0.394261,5,1
2.325339,5,2
3.896021,5,3
0.727691,5,4
1.442291,5,6
0.743491,5,7
2.443768,5,8
3.567925,5,9
0.026667,5,10
0.876597,5,11
1.5028,5,12
8.846632,6,2
39.285984,6,3
5.175355,6,4
0.720368,6,5
2.794771,6,7
15.993176,6,8
10.259387,6,9
0.595003,6,10
12.639539,6,11
7.632573,6,12
2.116243,7,2
5.623725,7,3
4.145995,7,4
2.232717,7,5
8.591227,7,6
3.340456,7,8
0.783125,7,9
1.969541,7,10
3.082181,7,11
14.339229,7,12
0.026667,8,1
6.010253,8,2
54.607077,8,3
9.082451,8,4
3.224539,8,5
13.410779,8,6
3.415309,8,7
19.364867,8,9
24.590861,8,10
24.104291,8,11
16.650291,8,12
0.212635,9,1
13.222507,9,2
18.079688,9,3
22.297917,9,4
8.721429,9,5
8.76296,9,6
5.510573,9,7
64.394357,9,8
2.18604,9,10
15.653829,9,11
28.433813,9,12
0.026667,10,2
0.026667,10,3
0.848416,10,4
0.026667,10,5
0.217312,10,6
0.053333,10,7
34.033229,10,8
38.559808,10,11
0.066592,10,12
6.220773,11,2
11.638565,11,3
1.205056,11,4
3.142013,11,5
4.991285,11,6
1.717603,11,7
10.607456,11,8
7.419013,11,9
4.767464,11,10
4.092789,11,12
0.373832,12,1
80.919901,12,2
40.341245,12,3
42.193792,12,4
25.146019,12,5
40.575339,12,6
9.371949,12,7
41.654939,12,8
85.854739,12,9
0.863107,12,10
41.1118,12,11
succeed
0.0,0.0,0.08,0.026667,0.0,0.0,1.166333,0.123437,0.061045,0.0,0.0,0.10944
0.036533,0.0,3.054048,4.070259,23.717043,10.849181,1.171832,9.408397,1.544405,0.013333,6.077648,32.6604
0.06224,8.863632,0.0,9.66208,6.902651,11.263691,5.532693,26.718259,6.558203,0.128421,4.411203,13.544864
0.25376,4.277723,40.722251,0.0,25.762395,23.862696,11.727688,5.609123,14.62576,3.212867,5.790645,33.758435
0.394261,2.325339,3.896021,0.727691,0.0,1.442291,0.743491,2.443768,3.567925,0.026667,0.876597,1.5028
0.0,8.846632,39.285984,5.175355,0.720368,0.0,2.794771,15.993176,10.259387,0.595003,12.639539,7.632573
0.0,2.116243,5.623725,4.145995,2.232717,8.591227,0.0,3.340456,0.783125,1.969541,3.082181,14.339229
0.026667,6.010253,54.607077,9.082451,3.224539,13.410779,3.415309,0.0,19.364867,24.590861,24.104291,16.650291
0.212635,13.222507,18.079688,22.297917,8.721429,8.76296,5.510573,64.394357,0.0,2.18604,15.653829,28.433813
0.0,0.026667,0.026667,0.848416,0.026667,0.217312,0.053333,34.033229,0.0,0.0,38.559808,0.066592
0.0,6.220773,11.638565,1.205056,3.142013,4.991285,1.717603,10.607456,7.419013,4.767464,0.0,4.092789
0.373832,80.919901,40.341245,42.193792,25.146019,40.575339,9.371949,41.654939,85.854739,0.863107,41.1118,0.0
