4470.889041
2.325088,1,2
0.382165,1,3
1.380131,1,5
1.308384,1,6
0.279368,1,7
0.793291,1,9
0.026667,1,10
1.102531,1,12
30.6736,2,3
0.026667,2,4
64.352024,2,5
48.283752,2,6
6.455248,2,7
25.769488,2,9
0.026667,2,10
0.680411,2,11
70.378853,2,12
38.821837,3,2
42.746021,3,4
171.584608,3,5
74.664405,3,6
13.766053,3,7
0.377635,3,8
64.011189,3,9
0.026667,3,10
1.197437,3,11
64.424949,3,12
8.482368,4,2
70.623805,4,3
74.910851,4,5
36.100816,4,6
28.570392,4,7
0.026667,4,8
29.991552,4,9
19.175856,4,10
14.566643,4,11
53.340387,4,12
52.535872,5,2
1.329128,5,3
0.053333,5,4
0.053333,5,6
0.026667,5,8
9.057907,5,9
0.08,5,11
140.955944,5,12
23.223709,6,2
164.850672,6,3
23.170733,6,4
87.111336,6,5
22.4132,6,7
81.93836,6,9
0.398368,6,10
2.101421,6,11
75.050709,6,12
10.196115,7,2
44.676589,7,3
11.821552,7,4
41.7858,7,5
18.955864,7,6
0.18144,7,8
15.131789,7,9
0.324232,7,11
20.692883,7,12
38.800917,8,2
9.264752,8,3
19.49148,8,4
285.319227,8,5
0.208928,8,6
0.695387,8,7
98.496571,8,9
17.583464,8,10
41.872211,8,11
129.265349,8,12
73.361981,9,2
108.670149,9,3
59.391968,9,4
191.725557,9,5
88.187272,9,6
30.036709,9,7
0.112,9,8
0.08,9,10
8.000272,9,11
163.980211,9,12
1.166941,10,2
0.065477,10,3
4.131893,10,4
12.481568,10,5
0.026667,10,6
0.558699,10,7
63.003837,10,8
5.518443,10,9
63.363256,10,11
2.949603,10,12
11.596744,11,2
1.442107,11,3
16.874485,11,4
43.908963,11,5
6.769624,11,7
43.946765,11,8
14.288251,11,9
10.355819,11,10
16.211288,11,12
118.177957,12,2
129.330216,12,3
18.018413,12,4
312.600747,12,5
59.29464,12,6
44.367573,12,7
0.217429,12,8
192.312765,12,9
3.593037,12,11
succeed
0.0,2.325088,0.382165,0.0,1.380131,1.308384,0.279368,0.0,0.793291,0.026667,0.0,1.102531
0.0,0.0,30.6736,0.026667,64.352024,48.283752,6.455248,0.0,25.769488,0.026667,0.680411,70.378853
0.0,38.821837,0.0,42.746021,171.584608,74.664405,13.766053,0.377635,64.011189,0.026667,1.197437,64.424949
0.0,8.482368,70.623805,0.0,74.910851,36.100816,28.570392,0.026667,29.991552,19.175856,14.566643,53.340387
0.0,52.535872,1.329128,0.053333,0.0,0.053333,0.0,0.026667,9.057907,0.0,0.08,140.955944
0.0,23.223709,164.850672,23.170733,87.111336,0.0,22.4132,0.0,81.93836,0.398368,2.101421,75.050709
0.0,10.196115,44.676589,11.821552,41.7858,18.955864,0.0,0.18144,15.131789,0.0,0.324232,20.692883
0.0,38.800917,9.264752,19.49148,285.319227,0.208928,0.695387,0.0,98.496571,17.583464,41.872211,129.265349
0.0,73.361981,108.670149,59.391968,191.725557,88.187272,30.036709,0.112,0.0,0.08,8.000272,163.980211
0.0,1.166941,0.065477,4.131893,12.481568,0.026667,0.558699,63.003837,5.518443,0.0,63.363256,2.949603
0.0,11.596744,1.442107,16.874485,43.908963,0.0,6.769624,43.946765,14.288251,10.355819,0.0,16.211288
0.0,118.177957,129.330216,18.018413,312.600747,59.29464,44.367573,0.217429,192.312765,0.0,3.593037,0.0
