3192.4206
0.335213,1,2
1.3596,1,3
0.053333,1,4
0.166667,1,5
0.194411,1,6
0.165968,1,7
0.249728,1,8
0.368851,1,9
0.040181,1,10
0.785477,1,12
1.127952,2,1
17.134275,2,3
11.329224,2,4
16.730888,2,5
27.114333,2,6
2.608811,2,7
15.23094,2,8
6.903053,2,9
1.213172,2,10
5.963691,2,11
60.284755,2,12
0.214739,3,1
20.643947,3,2
30.651093,3,4
10.818837,3,5
40.764093,3,6
17.169475,3,7
49.744288,3,8
14.247328,3,9
0.989037,3,10
16.164424,3,11
39.748704,3,12
0.222453,4,1
6.856373,4,2
54.511525,4,3
14.151595,4,5
23.68956,4,6
28.599243,4,7
13.178856,4,8
29.067024,4,9
8.307589,4,10
16.451816,4,11
37.550232,4,12
1.001912,5,1
7.839843,5,2
20.05856,5,3
2.484549,5,4
7.866517,5,6
3.569536,5,7
5.922096,5,8
3.519728,5,9
0.197693,5,10
1.717432,5,11
12.950856,5,12
0.40588,6,1
29.034555,6,2
91.932421,6,3
17.236675,6,4
9.577813,6,5
6.343901,6,7
46.035469,6,8
23.372661,6,9
0.817701,6,10
14.007805,6,11
33.805995,6,12
0.352955,7,1
6.37168,7,2
27.035101,7,3
9.780392,7,4
5.558979,7,5
13.121168,7,6
7.114584,7,8
7.184811,7,9
0.412613,7,10
4.738741,7,11
9.038347,7,12
2.719763,8,1
25.680549,8,2
151.890488,8,3
34.932213,8,4
12.130504,8,5
68.951475,8,6
14.823779,8,7
64.645715,8,9
30.398115,8,10
39.837504,8,11
132.069912,8,12
0.885405,9,1
49.808531,9,2
68.396659,9,3
35.166784,9,4
17.206712,9,5
50.913851,9,6
20.967771,9,7
82.120259,9,8
2.164208,9,10
34.104872,9,11
96.684624,9,12
8.228611,10,2
0.709323,10,3
13.567859,10,4
1.915621,10,5
0.730475,10,6
0.990573,10,7
44.640179,10,8
0.748288,10,9
26.118317,10,11
1.035093,10,12
0.410211,11,1
17.15716,11,2
36.277096,11,3
5.581989,11,4
3.773221,11,5
15.210224,11,6
8.664672,11,7
81.537709,11,8
13.06408,11,9
6.064915,11,10
24.948093,11,12
5.637368,12,1
118.326224,12,2
98.98928,12,3
58.381648,12,4
36.991643,12,5
69.733688,12,6
79.281805,12,7
135.74836,12,8
131.851024,12,9
2.882432,12,10
33.212003,12,11
succeed
0.0,0.335213,1.3596,0.053333,0.166667,0.194411,0.165968,0.249728,0.368851,0.040181,0.0,0.785477
1.127952,0.0,17.134275,11.329224,16.730888,27.114333,2.608811,15.23094,6.903053,1.213172,5.963691,60.284755
0.214739,20.643947,0.0,30.651093,10.818837,40.764093,17.169475,49.744288,14.247328,0.989037,16.164424,39.748704
0.222453,6.856373,54.511525,0.0,14.151595,23.68956,28.599243,13.178856,29.067024,8.307589,16.451816,37.550232
1.001912,7.839843,20.05856,2.484549,0.0,7.866517,3.569536,5.922096,3.519728,0.197693,1.717432,12.950856
0.40588,29.034555,91.932421,17.236675,9.577813,0.0,6.343901,46.035469,23.372661,0.817701,14.007805,33.805995
0.352955,6.37168,27.035101,9.780392,5.558979,13.121168,0.0,7.114584,7.184811,0.412613,4.738741,9.038347
2.719763,25.680549,151.890488,34.932213,12.130504,68.951475,14.823779,0.0,64.645715,30.398115,39.837504,132.069912
0.885405,49.808531,68.396659,35.166784,17.206712,50.913851,20.967771,82.120259,0.0,2.164208,34.104872,96.684624
0.0,8.228611,0.709323,13.567859,1.915621,0.730475,0.990573,44.640179,0.748288,0.0,26.118317,1.035093
0.410211,17.15716,36.277096,5.581989,3.773221,15.210224,8.664672,81.537709,13.06408,6.064915,0.0,24.948093
5.637368,118.326224,98.98928,58.381648,36.991643,69.733688,79.281805,135.74836,131.851024,2.882432,33.212003,0.0
