2207.519154
0.259739,1,2
1.896203,1,3
0.053333,1,4
0.051285,1,5
0.08,1,6
0.509333,1,7
0.122075,1,8
0.026667,1,9
0.511533,1,11
0.401445,1,12
0.122765,2,1
7.783917,2,3
7.905613,2,4
17.600557,2,5
16.128877,2,6
3.377371,2,7
14.597429,2,8
6.936309,2,9
0.146155,2,10
17.708989,2,11
25.531413,2,12
2.432443,3,1
101.362301,3,2
5.703093,3,4
8.053656,3,5
63.808133,3,6
24.680075,3,7
112.510248,3,8
18.405896,3,9
3.953181,3,10
18.884181,3,11
12.314589,3,12
0.180416,4,1
2.220979,4,2
17.426539,4,3
11.793875,4,5
8.539437,4,6
20.479115,4,7
3.435701,4,8
7.349888,4,9
10.491371,4,10
23.052531,4,11
21.597005,4,12
2.518157,5,1
5.133416,5,2
11.578408,5,3
0.659384,5,4
1.525747,5,6
5.9644,5,7
5.958963,5,8
3.275072,5,9
3.506835,5,11
2.593725,5,12
0.112619,6,1
6.12284,6,2
47.951008,6,3
5.456645,6,4
9.196499,6,5
2.610675,6,7
16.936597,6,8
3.630696,6,9
0.390435,6,10
30.367493,6,11
7.946131,6,12
0.082256,7,1
4.857416,7,2
25.036605,7,3
12.168661,7,4
3.13592,7,5
11.603291,7,6
3.871616,7,8
2.338541,7,9
1.752573,7,10
6.043653,7,11
6.030768,7,12
0.044795,8,1
9.988453,8,2
54.642387,8,3
9.397312,8,4
3.066715,8,5
4.332205,8,6
2.711928,8,7
26.492456,8,9
17.359797,8,10
49.388867,8,11
45.762973,8,12
1.076531,9,1
13.638405,9,2
19.976315,9,3
12.141304,9,4
5.443269,9,5
18.417923,9,6
6.07376,9,7
44.676443,9,8
2.969248,9,10
20.590461,9,11
40.43852,9,12
0.026667,10,3
0.647933,10,4
0.284333,10,6
0.026667,10,7
4.91968,10,8
0.918781,10,9
16.484475,10,11
0.08,10,12
0.433989,11,1
42.463285,11,2
86.867675,11,3
18.389437,11,4
26.609261,11,5
83.50312,11,6
42.314379,11,7
22.355136,11,8
27.110091,11,9
9.426619,11,10
61.124744,11,12
0.433453,12,1
58.551112,12,2
49.3054,12,3
76.510163,12,4
18.549203,12,5
39.580589,12,6
11.395659,12,7
64.629245,12,8
125.960544,12,9
2.810309,12,10
36.394432,12,11
succeed
0.0,0.259739,1.896203,0.053333,0.051285,0.08,0.509333,0.122075,0.026667,0.0,0.511533,0.401445
0.122765,0.0,7.783917,7.905613,17.600557,16.128877,3.377371,14.597429,6.936309,0.146155,17.708989,25.531413
2.432443,101.362301,0.0,5.703093,8.053656,63.808133,24.680075,112.510248,18.405896,3.953181,18.884181,12.314589
0.180416,2.220979,17.426539,0.0,11.793875,8.539437,20.479115,3.435701,7.349888,10.491371,23.052531,21.597005
2.518157,5.133416,11.578408,0.659384,0.0,1.525747,5.9644,5.958963,3.275072,0.0,3.506835,2.593725
0.112619,6.12284,47.951008,5.456645,9.196499,0.0,2.610675,16.936597,3.630696,0.390435,30.367493,7.946131
0.082256,4.857416,25.036605,12.168661,3.13592,11.603291,0.0,3.871616,2.338541,1.752573,6.043653,6.030768
0.044795,9.988453,54.642387,9.397312,3.066715,4.332205,2.711928,0.0,26.492456,17.359797,49.388867,45.762973
1.076531,13.638405,19.976315,12.141304,5.443269,18.417923,6.07376,44.676443,0.0,2.969248,20.590461,40.43852
0.0,0.0,0.026667,0.647933,0.0,0.284333,0.026667,4.91968,0.918781,0.0,16.484475,0.08
0.433989,42.463285,86.867675,18.389437,26.609261,83.50312,42.314379,22.355136,27.110091,9.426619,0.0,61.124744
0.433453,58.551112,49.3054,76.510163,18.549203,39.580589,11.395659,64.629245,125.960544,2.810309,36.394432,0.0
