3400.914142
0.587435,1,2
3.200387,1,3
0.888104,1,4
0.487051,1,5
0.824376,1,6
0.345565,1,7
0.137616,1,8
0.215208,1,9
0.066267,1,10
1.841917,1,11
4.40428,1,12
2.405355,2,1
29.321987,2,3
3.930285,2,4
42.787029,2,5
28.143677,2,6
11.239085,2,7
20.778651,2,8
11.259019,2,9
1.653312,2,10
30.966259,2,11
72.417787,2,12
1.377829,3,1
30.679557,3,2
21.305109,3,4
11.650181,3,5
34.571571,3,6
12.588373,3,7
27.23504,3,8
14.912248,3,9
1.752677,3,10
47.443616,3,11
29.36352,3,12
0.655813,4,1
13.385947,4,2
50.424352,4,3
14.553187,4,5
26.058629,4,6
25.526352,4,7
46.139088,4,8
6.232192,4,9
36.294747,4,10
43.081624,4,11
20.353744,4,12
2.672331,5,1
6.660288,5,2
18.025635,5,3
6.38636,5,4
4.558885,5,6
9.290784,5,7
5.6642,5,8
4.063077,5,9
0.263512,5,10
18.831117,5,11
7.67248,5,12
0.414832,6,1
15.560381,6,2
112.863269,6,3
8.200003,6,4
6.447216,6,5
13.224928,6,7
5.198259,6,8
19.967267,6,9
1.209624,6,10
44.704984,6,11
37.031603,6,12
0.488075,7,1
10.530989,7,2
35.474467,7,3
9.572651,7,4
4.849931,7,5
19.498752,7,6
4.812603,7,8
5.810867,7,9
1.222056,7,10
20.764309,7,11
14.739923,7,12
0.163773,8,1
26.675957,8,2
39.079792,8,3
2.503643,8,4
20.131672,8,5
6.483509,8,6
4.031443,8,7
11.558275,8,9
4.506845,8,10
20.871645,8,11
56.742419,8,12
0.750541,9,1
46.37028,9,2
41.518011,9,3
17.213915,9,4
10.494563,9,5
36.038776,9,6
31.905843,9,7
31.323419,9,8
1.089165,9,10
35.633309,9,11
106.057133,9,12
0.08,10,2
67.803541,10,3
29.7488,10,4
0.055859,10,5
25.287005,10,6
6.042811,10,7
5.004227,10,8
30.960552,10,9
38.470843,10,11
3.750795,10,12
4.063259,11,1
57.64112,11,2
95.39524,11,3
36.966181,11,4
33.760541,11,5
96.150016,11,6
57.468885,11,7
12.775101,11,8
31.507091,11,9
11.584333,11,10
107.586923,11,12
2.47824,12,1
112.712717,12,2
106.800603,12,3
76.254979,12,4
36.529723,12,5
73.297869,12,6
33.866696,12,7
104.645245,12,8
198.631643,12,9
12.333115,12,10
79.954555,12,11
succeed
0.0,0.587435,3.200387,0.888104,0.487051,0.824376,0.345565,0.137616,0.215208,0.066267,1.841917,4.40428
2.405355,0.0,29.321987,3.930285,42.787029,28.143677,11.239085,20.778651,11.259019,1.653312,30.966259,72.417787
1.377829,30.679557,0.0,21.305109,11.650181,34.571571,12.588373,27.23504,14.912248,1.752677,47.443616,29.36352
0.655813,13.385947,50.424352,0.0,14.553187,26.058629,25.526352,46.139088,6.232192,36.294747,43.081624,20.353744
2.672331,6.660288,18.025635,6.38636,0.0,4.558885,9.290784,5.6642,4.063077,0.263512,18.831117,7.67248
0.414832,15.560381,112.863269,8.200003,6.447216,0.0,13.224928,5.198259,19.967267,1.209624,44.704984,37.031603
0.488075,10.530989,35.474467,9.572651,4.849931,19.498752,0.0,4.812603,5.810867,1.222056,20.764309,14.739923
0.163773,26.675957,39.079792,2.503643,20.131672,6.483509,4.031443,0.0,11.558275,4.506845,20.871645,56.742419
0.750541,46.37028,41.518011,17.213915,10.494563,36.038776,31.905843,31.323419,0.0,1.089165,35.633309,106.057133
0.0,0.08,67.803541,29.7488,0.055859,25.287005,6.042811,5.004227,30.960552,0.0,38.470843,3.750795
4.063259,57.64112,95.39524,36.966181,33.760541,96.150016,57.468885,12.775101,31.507091,11.584333,0.0,107.586923
2.47824,112.712717,106.800603,76.254979,36.529723,73.297869,33.866696,104.645245,198.631643,12.333115,79.954555,0.0
