2444.007989
0.026667,1,2
0.145085,1,3
0.036731,1,5
0.08428,1,7
0.053333,1,8
0.053333,1,9
1.216803,1,12
0.289835,2,1
14.540389,2,3
3.797405,2,4
1.11468,2,5
13.730613,2,6
0.658853,2,7
12.681721,2,8
13.935485,2,9
0.247895,2,10
3.642117,2,11
30.221323,2,12
0.096803,3,1
14.127125,3,2
14.580317,3,4
24.019525,3,5
37.19392,3,6
8.828605,3,7
73.586877,3,8
117.763291,3,9
0.906579,3,10
5.88388,3,11
36.869664,3,12
0.876029,4,1
3.007472,4,2
35.603573,4,3
24.144403,4,5
24.929909,4,6
12.392368,4,7
11.382456,4,8
37.084645,4,9
8.912901,4,10
12.813899,4,11
46.363632,4,12
1.076461,5,1
6.816693,5,2
14.522472,5,3
1.53556,5,4
11.475923,5,6
2.78228,5,7
6.252021,5,8
3.301387,5,9
5.109075,5,11
14.933205,5,12
0.026667,6,1
29.435779,6,2
57.749288,6,3
5.374616,6,4
2.314672,6,5
39.910739,6,7
14.866691,6,8
60.345435,6,9
0.687376,6,10
10.119024,6,11
19.461808,6,12
2.876032,7,2
10.486488,7,3
2.944515,7,4
3.140341,7,5
11.455477,7,6
6.603645,7,8
19.923232,7,9
0.026667,7,10
2.530597,7,11
10.667805,7,12
0.845723,8,1
30.566544,8,2
55.335349,8,3
19.752179,8,4
11.016755,8,5
15.449347,8,6
6.346053,8,7
132.336632,8,9
10.991515,8,10
30.323997,8,11
90.741528,8,12
0.277563,9,1
22.719176,9,2
51.360653,9,3
27.448333,9,4
9.734085,9,5
45.965944,9,6
7.465824,9,7
83.262776,9,8
2.35332,9,10
19.833987,9,11
89.044411,9,12
9.299824,10,2
0.555704,10,3
0.618453,10,4
5.171424,10,5
0.844957,10,6
0.086683,10,7
50.676739,10,8
1.130907,10,9
35.836619,10,11
0.302509,10,12
0.143824,11,1
7.2692,11,2
9.977224,11,3
2.111883,11,4
2.702149,11,5
9.860141,11,6
2.019112,11,7
17.392069,11,8
19.423395,11,9
3.028221,11,10
8.456581,11,12
0.124773,12,1
68.779651,12,2
50.903667,12,3
37.237357,12,4
20.548936,12,5
42.191328,12,6
12.367605,12,7
100.950176,12,8
107.696619,12,9
1.239141,12,10
25.293032,12,11
succeed
0.0,0.026667,0.145085,0.0,0.036731,0.0,0.08428,0.053333,0.053333,0.0,0.0,1.216803
0.289835,0.0,14.540389,3.797405,1.11468,13.730613,0.658853,12.681721,13.935485,0.247895,3.642117,30.221323
0.096803,14.127125,0.0,14.580317,24.019525,37.19392,8.828605,73.586877,117.763291,0.906579,5.88388,36.869664
0.876029,3.007472,35.603573,0.0,24.144403,24.929909,12.392368,11.382456,37.084645,8.912901,12.813899,46.363632
1.076461,6.816693,14.522472,1.53556,0.0,11.475923,2.78228,6.252021,3.301387,0.0,5.109075,14.933205
0.026667,29.435779,57.749288,5.374616,2.314672,0.0,39.910739,14.866691,60.345435,0.687376,10.119024,19.461808
0.0,2.876032,10.486488,2.944515,3.140341,11.455477,0.0,6.603645,19.923232,0.026667,2.530597,10.667805
0.845723,30.566544,55.335349,19.752179,11.016755,15.449347,6.346053,0.0,132.336632,10.991515,30.323997,90.741528
0.277563,22.719176,51.360653,27.448333,9.734085,45.965944,7.465824,83.262776,0.0,2.35332,19.833987,89.044411
0.0,9.299824,0.555704,0.618453,5.171424,0.844957,0.086683,50.676739,1.130907,0.0,35.836619,0.302509
0.143824,7.2692,9.977224,2.111883,2.702149,9.860141,2.019112,17.392069,19.423395,3.028221,0.0,8.456581
0.124773,68.779651,50.903667,37.237357,20.548936,42.191328,12.367605,100.950176,107.696619,1.239141,25.293032,0.0
