2524.185862
0.457915,1,2
0.312467,1,3
0.026667,1,4
0.208725,1,5
1.331221,1,6
0.053333,1,7
0.053333,1,8
1.188397,1,9
0.512824,1,11
1.577211,1,12
0.337661,2,1
20.39968,2,3
5.940499,2,4
4.128709,2,5
21.367925,2,6
3.016435,2,7
7.873508,2,8
11.8268,2,9
0.339119,2,10
9.920741,2,11
32.453227,2,12
0.980907,3,1
117.63756,3,2
10.357261,3,4
21.475984,3,5
59.992832,3,6
29.49656,3,7
26.719883,3,8
45.632117,3,9
5.262696,3,10
22.337573,3,11
35.225163,3,12
1.469445,4,1
3.691837,4,2
18.800715,4,3
22.056539,4,5
11.153312,4,6
28.557728,4,7
6.965557,4,8
4.622333,4,9
11.378965,4,10
22.214712,4,11
24.322923,4,12
1.722568,5,1
4.655285,5,2
16.256888,5,3
3.105027,5,4
4.254467,5,6
10.867333,5,7
2.398891,5,8
4.401872,5,9
0.550864,5,10
6.423045,5,11
10.324957,5,12
0.218843,6,1
9.340437,6,2
46.459747,6,3
6.402552,6,4
5.269413,6,5
6.581168,6,7
14.640701,6,8
17.432043,6,9
0.717555,6,10
18.01568,6,11
22.528579,6,12
0.08,7,1
9.379291,7,2
35.797216,7,3
13.204947,7,4
4.138688,7,5
22.484371,7,6
3.676245,7,8
5.710901,7,9
2.065909,7,10
8.278909,7,11
17.56716,7,12
0.18444,8,1
16.353397,8,2
56.139389,8,3
13.213971,8,4
3.811219,8,5
23.699619,8,6
8.586451,8,7
30.074477,8,9
18.895744,8,10
42.872581,8,11
47.989032,8,12
5.727763,9,1
32.055757,9,2
39.040981,9,3
10.426165,9,4
14.262211,9,5
36.364043,9,6
12.0298,9,7
49.596661,9,8
2.558411,9,10
13.100085,9,11
95.538403,9,12
0.228139,10,3
3.506395,10,4
0.26104,10,6
5.592632,10,8
0.069037,10,9
27.221448,10,11
0.095555,10,12
0.657581,11,1
23.354872,11,2
75.998899,11,3
17.980323,11,4
16.018035,11,5
66.966792,11,6
28.311171,11,7
6.991171,11,8
30.115339,11,9
4.915723,11,10
57.783736,11,12
14.957168,12,1
84.318069,12,2
53.730117,12,3
59.717832,12,4
26.418165,12,5
47.925933,12,6
13.110555,12,7
57.225389,12,8
202.61812,12,9
2.57536,12,10
34.370115,12,11
succeed
0.0,0.457915,0.312467,0.026667,0.208725,1.331221,0.053333,0.053333,1.188397,0.0,0.512824,1.577211
0.337661,0.0,20.39968,5.940499,4.128709,21.367925,3.016435,7.873508,11.8268,0.339119,9.920741,32.453227
0.980907,117.63756,0.0,10.357261,21.475984,59.992832,29.49656,26.719883,45.632117,5.262696,22.337573,35.225163
1.469445,3.691837,18.800715,0.0,22.056539,11.153312,28.557728,6.965557,4.622333,11.378965,22.214712,24.322923
1.722568,4.655285,16.256888,3.105027,0.0,4.254467,10.867333,2.398891,4.401872,0.550864,6.423045,10.324957
0.218843,9.340437,46.459747,6.402552,5.269413,0.0,6.581168,14.640701,17.432043,0.717555,18.01568,22.528579
0.08,9.379291,35.797216,13.204947,4.138688,22.484371,0.0,3.676245,5.710901,2.065909,8.278909,17.56716
0.18444,16.353397,56.139389,13.213971,3.811219,23.699619,8.586451,0.0,30.074477,18.895744,42.872581,47.989032
5.727763,32.055757,39.040981,10.426165,14.262211,36.364043,12.0298,49.596661,0.0,2.558411,13.100085,95.538403
0.0,0.0,0.228139,3.506395,0.0,0.26104,0.0,5.592632,0.069037,0.0,27.221448,0.095555
0.657581,23.354872,75.998899,17.980323,16.018035,66.966792,28.311171,6.991171,30.115339,4.915723,0.0,57.783736
14.957168,84.318069,53.730117,59.717832,26.418165,47.925933,13.110555,57.225389,202.61812,2.57536,34.370115,0.0
