8221.207774
0.661664,1,2
0.184117,1,3
0.053333,1,4
0.095965,1,5
0.061176,1,7
0.160395,1,8
0.053333,1,9
0.026667,1,10
0.702424,1,12
0.537027,2,1
12.424056,2,3
3.673989,2,4
2.684091,2,5
13.738248,2,6
2.647744,2,7
13.062417,2,8
9.508584,2,9
0.297943,2,10
6.110629,2,11
62.280427,2,12
0.489832,3,1
32.782571,3,2
20.254688,3,4
14.827083,3,5
55.849037,3,6
17.197112,3,7
43.420424,3,8
7.460219,3,9
0.135557,3,10
7.151051,3,11
33.717877,3,12
0.057163,4,1
6.359768,4,2
115.950003,4,3
6.431877,4,5
28.766349,4,6
11.503296,4,7
8.032712,4,8
23.141355,4,9
13.341213,4,10
12.130272,4,11
31.654776,4,12
2.374757,5,1
15.286051,5,2
20.334243,5,3
1.297768,5,4
1.040299,5,6
1.45264,5,7
7.953717,5,8
2.664069,5,9
0.205205,5,10
1.120165,5,11
9.229616,5,12
0.230549,6,1
12.595803,6,2
93.184632,6,3
12.743952,6,4
1.498989,6,5
6.713405,6,7
22.814136,6,8
26.950104,6,9
0.747509,6,10
12.319971,6,11
29.618517,6,12
0.310099,7,1
4.548555,7,2
31.194069,7,3
7.553416,7,4
5.382389,7,5
12.120501,7,6
3.990803,7,8
4.070715,7,9
1.933712,7,10
3.078765,7,11
13.748024,7,12
1.206624,8,1
25.089771,8,2
5951.279733,8,3
14.553797,8,4
6.192555,8,5
28.498147,8,6
6.874336,8,7
36.191195,8,9
6.984243,8,10
29.7608,8,11
48.422136,8,12
0.646648,9,1
29.440432,9,2
54.867347,9,3
22.431693,9,4
11.07656,9,5
37.946835,9,6
15.000709,9,7
57.189643,9,8
0.845845,9,10
20.165749,9,11
77.737864,9,12
0.026667,10,1
0.252077,10,2
0.200427,10,3
2.386088,10,4
0.128808,10,5
0.498405,10,6
0.082632,10,7
22.903723,10,8
0.572877,10,9
22.411176,10,11
0.500336,10,12
0.160064,11,1
8.714963,11,2
25.014616,11,3
4.446632,11,4
2.122224,11,5
20.734549,11,6
2.420355,11,7
16.358627,11,8
10.189723,11,9
2.505309,11,10
12.619939,11,12
0.81208,12,1
96.839765,12,2
79.994189,12,3
90.042763,12,4
17.658064,12,5
69.394557,12,6
25.573051,12,7
45.236243,12,8
136.922587,12,9
4.449352,12,10
26.706635,12,11
succeed
0.0,0.661664,0.184117,0.053333,0.095965,0.0,0.061176,0.160395,0.053333,0.026667,0.0,0.702424
0.537027,0.0,12.424056,3.673989,2.684091,13.738248,2.647744,13.062417,9.508584,0.297943,6.110629,62.280427
0.489832,32.782571,0.0,20.254688,14.827083,55.849037,17.197112,43.420424,7.460219,0.135557,7.151051,33.717877
0.057163,6.359768,115.950003,0.0,6.431877,28.766349,11.503296,8.032712,23.141355,13.341213,12.130272,31.654776
2.374757,15.286051,20.334243,1.297768,0.0,1.040299,1.45264,7.953717,2.664069,0.205205,1.120165,9.229616
0.230549,12.595803,93.184632,12.743952,1.498989,0.0,6.713405,22.814136,26.950104,0.747509,12.319971,29.618517
0.310099,4.548555,31.194069,7.553416,5.382389,12.120501,0.0,3.990803,4.070715,1.933712,3.078765,13.748024
1.206624,25.089771,5951.279733,14.553797,6.192555,28.498147,6.874336,0.0,36.191195,6.984243,29.7608,48.422136
0.646648,29.440432,54.867347,22.431693,11.07656,37.946835,15.000709,57.189643,0.0,0.845845,20.165749,77.737864
0.026667,0.252077,0.200427,2.386088,0.128808,0.498405,0.082632,22.903723,0.572877,0.0,22.411176,0.500336
0.160064,8.714963,25.014616,4.446632,2.122224,20.734549,2.420355,16.358627,10.189723,2.505309,0.0,12.619939
0.81208,96.839765,79.994189,90.042763,17.658064,69.394557,25.573051,45.236243,136.922587,4.449352,26.706635,0.0
