8411.938038
0.16692,1,2
1.23636,1,3
1.982581,1,5
0.993651,1,6
0.224797,1,7
0.026667,1,8
1.206096,1,9
0.068587,1,11
2.074245,1,12
26.053819,2,3
0.08,2,4
47.204773,2,5
23.675064,2,6
5.126712,2,7
0.053333,2,8
18.921405,2,9
0.08,2,10
1.272992,2,11
75.976267,2,12
29.462973,3,2
36.253853,3,4
5228.4288,3,5
38.632603,3,6
14.042141,3,7
0.053333,3,8
51.470765,3,9
0.811008,3,11
38.829987,3,12
7.182987,4,2
83.638925,4,3
47.151397,4,5
31.468248,4,6
8.298869,4,7
15.886067,4,9
4.407661,4,10
0.427509,4,11
36.0098,4,12
29.839445,5,2
0.9268,5,3
0.053333,5,4
0.029827,5,6
0.026667,5,7
5.530952,5,9
0.026667,5,10
0.284317,5,11
101.526968,5,12
16.180397,6,2
130.492013,6,3
11.298965,6,4
111.388725,6,5
15.345168,6,7
0.026667,6,8
54.743392,6,9
0.026667,6,10
1.06348,6,11
27.197915,6,12
4.045195,7,2
29.923539,7,3
14.150189,7,4
15.708893,7,5
9.082629,7,6
0.101371,7,8
7.40296,7,9
0.241397,7,11
10.925403,7,12
23.09092,8,2
19.679933,8,3
13.364085,8,4
200.601464,8,5
0.573995,8,6
0.08,8,7
78.792579,8,9
12.790507,8,10
25.898173,8,11
87.862408,8,12
33.581237,9,2
112.976205,9,3
38.475669,9,4
151.023333,9,5
44.385352,9,6
17.558072,9,7
0.389485,9,8
0.026667,9,10
3.158411,9,11
79.066749,9,12
2.113845,10,2
0.063672,10,3
0.478443,10,4
13.367272,10,5
0.053333,10,6
0.257664,10,7
41.540405,10,8
4.215872,10,9
49.760451,10,11
1.356203,10,12
9.844973,11,2
3.590213,11,3
14.040155,11,4
46.099451,11,5
4.354043,11,7
28.505304,11,8
16.301184,11,9
3.917645,11,10
9.48388,11,12
99.175307,12,2
130.33804,12,3
8.061552,12,4
254.841901,12,5
33.330565,12,6
24.155797,12,7
0.197264,12,8
174.890107,12,9
0.216245,12,10
17.540872,12,11
succeed
0.0,0.16692,1.23636,0.0,1.982581,0.993651,0.224797,0.026667,1.206096,0.0,0.068587,2.074245
0.0,0.0,26.053819,0.08,47.204773,23.675064,5.126712,0.053333,18.921405,0.08,1.272992,75.976267
0.0,29.462973,0.0,36.253853,5228.4288,38.632603,14.042141,0.053333,51.470765,0.0,0.811008,38.829987
0.0,7.182987,83.638925,0.0,47.151397,31.468248,8.298869,0.0,15.886067,4.407661,0.427509,36.0098
0.0,29.839445,0.9268,0.053333,0.0,0.029827,0.026667,0.0,5.530952,0.026667,0.284317,101.526968
0.0,16.180397,130.492013,11.298965,111.388725,0.0,15.345168,0.026667,54.743392,0.026667,1.06348,27.197915
0.0,4.045195,29.923539,14.150189,15.708893,9.082629,0.0,0.101371,7.40296,0.0,0.241397,10.925403
0.0,23.09092,19.679933,13.364085,200.601464,0.573995,0.08,0.0,78.792579,12.790507,25.898173,87.862408
0.0,33.581237,112.976205,38.475669,151.023333,44.385352,17.558072,0.389485,0.0,0.026667,3.158411,79.066749
0.0,2.113845,0.063672,0.478443,13.367272,0.053333,0.257664,41.540405,4.215872,0.0,49.760451,1.356203
0.0,9.844973,3.590213,14.040155,46.099451,0.0,4.354043,28.505304,16.301184,3.917645,0.0,9.48388
0.0,99.175307,130.33804,8.061552,254.841901,33.330565,24.155797,0.197264,174.890107,0.216245,17.540872,0.0
