1781.91993
0.506344,1,3
0.056709,1,5
0.026667,1,7
0.212811,1,8
0.053333,1,9
0.335123,1,11
0.258421,1,12
0.147941,2,1
4.985896,2,3
16.229216,2,4
0.292877,2,5
18.629267,2,6
0.341205,2,7
14.568387,2,8
3.55148,2,9
0.013333,2,10
3.211955,2,11
17.595544,2,12
0.096485,3,1
2.996141,3,2
10.78424,3,4
14.26008,3,5
13.064203,3,6
4.511523,3,7
40.26284,3,8
4.859275,3,9
0.775408,3,10
8.089277,3,11
15.398808,3,12
1.183843,4,2
42.268675,4,3
10.350333,4,5
19.161787,4,6
7.680875,4,7
10.091283,4,8
32.696115,4,9
3.855477,4,10
4.337995,4,11
30.331592,4,12
0.187509,5,1
6.224936,5,2
10.825171,5,3
0.908379,5,4
2.088797,5,6
0.565491,5,7
13.065893,5,8
3.858837,5,9
0.668349,5,11
1.580227,5,12
0.1,6,1
10.968864,6,2
45.62116,6,3
10.096973,6,4
4.535517,6,5
4.312272,6,7
40.609083,6,8
15.460117,6,9
0.115267,6,10
6.301509,6,11
8.628299,6,12
0.921157,7,2
26.974491,7,3
11.248096,7,4
4.695152,7,5
15.082216,7,6
6.016067,7,8
4.097395,7,9
1.959323,7,10
3.703144,7,11
7.043312,7,12
0.186333,8,1
12.190653,8,2
71.589437,8,3
14.100067,8,4
6.644899,8,5
16.718277,8,6
7.63492,8,7
31.773208,8,9
4.881843,8,10
26.541968,8,11
78.102139,8,12
0.026667,9,1
19.795173,9,2
31.694907,9,3
27.757653,9,4
10.627309,9,5
17.336405,9,6
7.403781,9,7
80.345379,9,8
1.745261,9,10
16.788472,9,11
31.122707,9,12
0.719347,10,2
0.318197,10,3
1.657557,10,4
0.035221,10,5
0.274083,10,6
25.641344,10,8
8.768805,10,9
20.230429,10,11
0.026667,10,12
7.062184,11,2
14.684824,11,3
1.708512,11,4
0.601072,11,5
5.711784,11,6
1.678877,11,7
18.250291,11,8
5.906568,11,9
5.329192,11,10
3.099192,11,12
0.053333,12,1
104.14828,12,2
47.075896,12,3
50.943997,12,4
11.812541,12,5
19.036901,12,6
9.767416,12,7
111.250851,12,8
139.711701,12,9
0.495275,12,10
24.376368,12,11
succeed
0.0,0.0,0.506344,0.0,0.056709,0.0,0.026667,0.212811,0.053333,0.0,0.335123,0.258421
0.147941,0.0,4.985896,16.229216,0.292877,18.629267,0.341205,14.568387,3.55148,0.013333,3.211955,17.595544
0.096485,2.996141,0.0,10.78424,14.26008,13.064203,4.511523,40.26284,4.859275,0.775408,8.089277,15.398808
0.0,1.183843,42.268675,0.0,10.350333,19.161787,7.680875,10.091283,32.696115,3.855477,4.337995,30.331592
0.187509,6.224936,10.825171,0.908379,0.0,2.088797,0.565491,13.065893,3.858837,0.0,0.668349,1.580227
0.1,10.968864,45.62116,10.096973,4.535517,0.0,4.312272,40.609083,15.460117,0.115267,6.301509,8.628299
0.0,0.921157,26.974491,11.248096,4.695152,15.082216,0.0,6.016067,4.097395,1.959323,3.703144,7.043312
0.186333,12.190653,71.589437,14.100067,6.644899,16.718277,7.63492,0.0,31.773208,4.881843,26.541968,78.102139
0.026667,19.795173,31.694907,27.757653,10.627309,17.336405,7.403781,80.345379,0.0,1.745261,16.788472,31.122707
0.0,0.719347,0.318197,1.657557,0.035221,0.274083,0.0,25.641344,8.768805,0.0,20.230429,0.026667
0.0,7.062184,14.684824,1.708512,0.601072,5.711784,1.678877,18.250291,5.906568,5.329192,0.0,3.099192
0.053333,104.14828,47.075896,50.943997,11.812541,19.036901,9.767416,111.250851,139.711701,0.495275,24.376368,0.0
