5448.06918
0.026667,1,2
1.018565,1,3
0.923541,1,4
0.08,1,5
0.026667,1,6
0.055136,1,7
0.251635,1,8
0.549608,1,9
0.240003,1,11
0.504197,1,12
0.032304,2,1
14.795611,2,3
3.967355,2,4
0.509325,2,5
13.643909,2,6
1.449712,2,7
8.344728,2,8
2.85108,2,9
0.251957,2,10
7.749461,2,11
38.445683,2,12
0.404941,3,1
13.358213,3,2
17.966099,3,4
16.351331,3,5
51.749765,3,6
7.933517,3,7
2763.808533,3,8
21.170523,3,9
2.976195,3,10
9.624779,3,11
51.690069,3,12
0.033291,4,1
3.850104,4,2
63.84132,4,3
19.283701,4,5
23.755117,4,6
18.889368,4,7
13.370907,4,8
15.942309,4,9
10.083576,4,10
9.337549,4,11
45.235381,4,12
0.026667,5,1
0.960093,5,2
20.869075,5,3
2.354763,5,4
2.365152,5,6
2.54452,5,7
12.914533,5,8
8.192851,5,9
2.759544,5,11
3.364389,5,12
0.026667,6,1
11.410517,6,2
81.097347,6,3
7.852712,6,4
2.152579,6,5
7.152248,6,7
39.816784,6,8
45.478381,6,9
1.233773,6,10
6.981939,6,11
16.627165,6,12
1.68696,7,2
25.754923,7,3
5.586493,7,4
3.387264,7,5
8.550368,7,6
7.487819,7,8
3.275432,7,9
0.507157,7,10
1.582163,7,11
17.745712,7,12
0.807299,8,1
11.210965,8,2
137.176269,8,3
23.036371,8,4
15.513435,8,5
40.899165,8,6
7.775373,8,7
98.134624,8,9
9.046789,8,10
49.101549,8,11
115.587467,8,12
0.277331,9,1
17.895184,9,2
58.708328,9,3
32.923709,9,4
18.113339,9,5
35.5158,9,6
15.245677,9,7
140.505589,9,8
7.933533,9,10
31.655176,9,11
82.230811,9,12
0.083141,10,2
1.565011,10,3
8.300717,10,4
0.267821,10,5
0.549232,10,6
0.119893,10,7
63.420136,10,8
1.165992,10,9
47.187704,10,11
0.106667,10,12
0.115312,11,1
7.942904,11,2
21.314315,11,3
3.644376,11,4
3.973283,11,5
8.699123,11,6
2.144523,11,7
34.084768,11,8
17.358139,11,9
4.143032,11,10
35.035944,11,12
0.053333,12,1
66.262483,12,2
87.595931,12,3
58.575357,12,4
13.217155,12,5
59.152461,12,6
12.400955,12,7
123.886269,12,8
139.097813,12,9
3.61472,12,10
45.577165,12,11
succeed
0.0,0.026667,1.018565,0.923541,0.08,0.026667,0.055136,0.251635,0.549608,0.0,0.240003,0.504197
0.032304,0.0,14.795611,3.967355,0.509325,13.643909,1.449712,8.344728,2.85108,0.251957,7.749461,38.445683
0.404941,13.358213,0.0,17.966099,16.351331,51.749765,7.933517,2763.808533,21.170523,2.976195,9.624779,51.690069
0.033291,3.850104,63.84132,0.0,19.283701,23.755117,18.889368,13.370907,15.942309,10.083576,9.337549,45.235381
0.026667,0.960093,20.869075,2.354763,0.0,2.365152,2.54452,12.914533,8.192851,0.0,2.759544,3.364389
0.026667,11.410517,81.097347,7.852712,2.152579,0.0,7.152248,39.816784,45.478381,1.233773,6.981939,16.627165
0.0,1.68696,25.754923,5.586493,3.387264,8.550368,0.0,7.487819,3.275432,0.507157,1.582163,17.745712
0.807299,11.210965,137.176269,23.036371,15.513435,40.899165,7.775373,0.0,98.134624,9.046789,49.101549,115.587467
0.277331,17.895184,58.708328,32.923709,18.113339,35.5158,15.245677,140.505589,0.0,7.933533,31.655176,82.230811
0.0,0.083141,1.565011,8.300717,0.267821,0.549232,0.119893,63.420136,1.165992,0.0,47.187704,0.106667
0.115312,7.942904,21.314315,3.644376,3.973283,8.699123,2.144523,34.084768,17.358139,4.143032,0.0,35.035944
0.053333,66.262483,87.595931,58.575357,13.217155,59.152461,12.400955,123.886269,139.097813,3.61472,45.577165,0.0
