4284.346015
1.418877,1,2
1.575443,1,3
0.112669,1,4
0.289331,1,5
1.158549,1,6
0.404056,1,7
0.360499,1,8
0.665472,1,9
0.100197,1,10
0.799848,1,11
2.937139,1,12
1.037997,2,1
45.066331,2,3
9.290216,2,4
29.583003,2,5
21.958005,2,6
9.958229,2,7
14.246749,2,8
22.639709,2,9
2.156811,2,10
23.336627,2,11
58.996173,2,12
1.087451,3,1
42.059155,3,2
19.930891,3,4
26.495221,3,5
71.697787,3,6
28.507813,3,7
30.799285,3,8
19.704411,3,9
7.817891,3,10
39.694221,3,11
41.684307,3,12
0.363416,4,1
16.800059,4,2
50.619469,4,3
18.569224,4,5
23.316752,4,6
21.383659,4,7
19.27528,4,8
15.415699,4,9
28.825523,4,10
28.489864,4,11
39.08936,4,12
0.526101,5,1
8.14352,5,2
29.311635,5,3
3.595955,5,4
23.689731,5,6
11.281475,5,7
5.523517,5,8
7.140003,5,9
0.376475,5,10
14.84076,5,11
21.202459,5,12
0.490824,6,1
15.047117,6,2
92.496851,6,3
16.115584,6,4
28.945717,6,5
17.464181,6,7
16.353339,6,8
25.294251,6,9
4.141859,6,10
36.587672,6,11
46.19568,6,12
0.849757,7,1
8.794888,7,2
37.414144,7,3
10.224493,7,4
4.418592,7,5
21.215091,7,6
5.177349,7,8
9.060603,7,9
3.268093,7,10
16.030563,7,11
18.725397,7,12
0.442333,8,1
25.603493,8,2
113.455256,8,3
13.434688,8,4
11.788496,8,5
29.40684,8,6
18.733136,8,7
40.476536,8,9
32.972403,8,10
72.550189,8,11
59.341139,8,12
2.736435,9,1
57.91456,9,2
61.307488,9,3
23.579824,9,4
28.01176,9,5
58.991152,9,6
26.097952,9,7
63.285363,9,8
9.390267,9,10
35.029784,9,11
164.625811,9,12
0.699131,10,1
0.517021,10,2
0.110555,10,3
14.212691,10,4
0.198627,10,5
4.483243,10,6
0.973416,10,7
10.712168,10,8
0.154853,10,9
24.218211,10,11
0.209688,10,12
3.782864,11,1
99.292093,11,2
173.878571,11,3
70.313251,11,4
65.00796,11,5
181.396869,11,6
108.060053,11,7
49.078507,11,8
45.205307,11,9
19.5946,11,10
175.550352,11,12
11.518195,12,1
123.499923,12,2
77.91272,12,3
84.538389,12,4
44.382189,12,5
106.830384,12,6
38.462685,12,7
147.069493,12,8
184.049243,12,9
6.710317,12,10
62.885197,12,11
succeed
0.0,1.418877,1.575443,0.112669,0.289331,1.158549,0.404056,0.360499,0.665472,0.100197,0.799848,2.937139
1.037997,0.0,45.066331,9.290216,29.583003,21.958005,9.958229,14.246749,22.639709,2.156811,23.336627,58.996173
1.087451,42.059155,0.0,19.930891,26.495221,71.697787,28.507813,30.799285,19.704411,7.817891,39.694221,41.684307
0.363416,16.800059,50.619469,0.0,18.569224,23.316752,21.383659,19.27528,15.415699,28.825523,28.489864,39.08936
0.526101,8.14352,29.311635,3.595955,0.0,23.689731,11.281475,5.523517,7.140003,0.376475,14.84076,21.202459
0.490824,15.047117,92.496851,16.115584,28.945717,0.0,17.464181,16.353339,25.294251,4.141859,36.587672,46.19568
0.849757,8.794888,37.414144,10.224493,4.418592,21.215091,0.0,5.177349,9.060603,3.268093,16.030563,18.725397
0.442333,25.603493,113.455256,13.434688,11.788496,29.40684,18.733136,0.0,40.476536,32.972403,72.550189,59.341139
2.736435,57.91456,61.307488,23.579824,28.01176,58.991152,26.097952,63.285363,0.0,9.390267,35.029784,164.625811
0.699131,0.517021,0.110555,14.212691,0.198627,4.483243,0.973416,10.712168,0.154853,0.0,24.218211,0.209688
3.782864,99.292093,173.878571,70.313251,65.00796,181.396869,108.060053,49.078507,45.205307,19.5946,0.0,175.550352
11.518195,123.499923,77.91272,84.538389,44.382189,106.830384,38.462685,147.069493,184.049243,6.710317,62.885197,0.0
