2477.486363
0.08,1,2
0.053333,1,3
0.460331,1,4
0.031197,1,5
0.167808,1,6
0.148597,1,7
1.457923,1,8
0.026667,1,11
0.4082,1,12
0.053333,2,1
5.119965,2,3
3.275307,2,4
28.384288,2,5
12.391136,2,6
1.088712,2,7
21.950849,2,8
5.118971,2,9
0.064988,2,10
3.13788,2,11
18.747107,2,12
0.080291,3,1
29.860709,3,2
23.126152,3,4
7.091131,3,5
44.006469,3,6
12.673485,3,7
57.543371,3,8
8.541696,3,9
0.154109,3,10
2.788496,3,11
25.399851,3,12
0.199392,4,1
8.714683,4,2
39.786827,4,3
21.463011,4,5
55.302096,4,6
18.519779,4,7
17.014379,4,8
14.662384,4,9
6.018048,4,10
16.649285,4,11
39.992808,4,12
0.14288,5,1
27.555776,5,2
7.408133,5,3
0.800771,5,4
2.007573,5,6
0.793205,5,7
10.002384,5,8
2.524064,5,9
1.701035,5,11
3.231184,5,12
17.920144,6,2
53.35752,6,3
8.0344,6,4
3.032312,6,5
6.390341,6,7
37.495304,6,8
19.052339,6,9
0.964077,6,10
5.052992,6,11
15.289099,6,12
0.131317,7,1
3.060979,7,2
11.369213,7,3
3.509765,7,4
5.289624,7,5
11.772176,7,6
5.009963,7,8
3.16328,7,9
2.046637,7,10
4.187451,7,11
9.3988,7,12
0.251405,8,1
417.676213,8,2
83.603677,8,3
30.149795,8,4
5.752408,8,5
28.250179,8,6
3.898691,8,7
46.069315,8,9
17.19684,8,10
33.377856,8,11
39.306747,8,12
0.696792,9,1
39.097024,9,2
34.101472,9,3
23.430067,9,4
6.47924,9,5
22.727536,9,6
7.633744,9,7
65.501245,9,8
1.124931,9,10
24.348763,9,11
58.773376,9,12
0.273819,10,2
0.026667,10,3
1.082069,10,4
0.052459,10,5
6.780709,10,6
33.013219,10,8
0.577459,10,9
23.734456,10,11
0.290269,10,12
11.329579,11,2
18.979024,11,3
4.765136,11,4
3.752096,11,5
12.738821,11,6
1.757163,11,7
17.829368,11,8
11.774131,11,9
10.661288,11,10
9.746509,11,12
0.026885,12,1
59.529517,12,2
56.299733,12,3
58.541315,12,4
9.343696,12,5
33.960485,12,6
22.435571,12,7
85.807875,12,8
113.785952,12,9
3.3036,12,10
42.390395,12,11
succeed
0.0,0.08,0.053333,0.460331,0.031197,0.167808,0.148597,1.457923,0.0,0.0,0.026667,0.4082
0.053333,0.0,5.119965,3.275307,28.384288,12.391136,1.088712,21.950849,5.118971,0.064988,3.13788,18.747107
0.080291,29.860709,0.0,23.126152,7.091131,44.006469,12.673485,57.543371,8.541696,0.154109,2.788496,25.399851
0.199392,8.714683,39.786827,0.0,21.463011,55.302096,18.519779,17.014379,14.662384,6.018048,16.649285,39.992808
0.14288,27.555776,7.408133,0.800771,0.0,2.007573,0.793205,10.002384,2.524064,0.0,1.701035,3.231184
0.0,17.920144,53.35752,8.0344,3.032312,0.0,6.390341,37.495304,19.052339,0.964077,5.052992,15.289099
0.131317,3.060979,11.369213,3.509765,5.289624,11.772176,0.0,5.009963,3.16328,2.046637,4.187451,9.3988
0.251405,417.676213,83.603677,30.149795,5.752408,28.250179,3.898691,0.0,46.069315,17.19684,33.377856,39.306747
0.696792,39.097024,34.101472,23.430067,6.47924,22.727536,7.633744,65.501245,0.0,1.124931,24.348763,58.773376
0.0,0.273819,0.026667,1.082069,0.052459,6.780709,0.0,33.013219,0.577459,0.0,23.734456,0.290269
0.0,11.329579,18.979024,4.765136,3.752096,12.738821,1.757163,17.829368,11.774131,10.661288,0.0,9.746509
0.026885,59.529517,56.299733,58.541315,9.343696,33.960485,22.435571,85.807875,113.785952,3.3036,42.390395,0.0
