2845.373227
0.084101,1,2
0.217373,1,3
0.026667,1,4
0.191115,1,5
0.311179,1,6
0.276395,1,7
0.272059,1,8
0.242731,1,9
0.026667,1,10
0.113088,1,11
0.631331,1,12
0.172168,2,1
11.357784,2,3
10.060437,2,4
39.163643,2,5
12.749645,2,6
1.162061,2,7
17.574521,2,8
6.195776,2,9
0.608975,2,10
12.212504,2,11
46.539731,2,12
0.764208,3,1
18.45448,3,2
15.680725,3,4
6.315883,3,5
127.562373,3,6
11.028656,3,7
30.392168,3,8
18.156064,3,9
2.134285,3,10
7.335573,3,11
26.893315,3,12
0.14096,4,1
11.87484,4,2
77.72364,4,3
24.557488,4,5
27.697152,4,6
36.822171,4,7
16.457731,4,8
14.104816,4,9
15.941147,4,10
24.263536,4,11
53.308693,4,12
3.058165,5,1
4.665909,5,2
14.573472,5,3
1.572856,5,4
2.566243,5,6
1.911781,5,7
5.147728,5,8
7.753603,5,9
1.4874,5,10
0.943757,5,11
19.144056,5,12
0.911573,6,1
8.580453,6,2
42.191016,6,3
9.364544,6,4
4.459101,6,5
4.65812,6,7
11.383152,6,8
7.275227,6,9
1.150635,6,10
12.830656,6,11
27.139163,6,12
0.318352,7,1
6.655061,7,2
19.965045,7,3
7.650843,7,4
4.137507,7,5
16.472992,7,6
5.496051,7,8
2.992509,7,9
3.425005,7,10
7.228227,7,11
12.681139,7,12
0.096165,8,1
14.682424,8,2
96.158096,8,3
27.669307,8,4
7.812571,8,5
26.261544,8,6
6.920053,8,7
35.672792,8,9
27.572816,8,10
18.586941,8,11
102.109925,8,12
1.471552,9,1
35.417352,9,2
24.655512,9,3
28.358499,9,4
13.216533,9,5
20.537299,9,6
7.037435,9,7
80.883621,9,8
2.761672,9,10
17.912043,9,11
101.013909,9,12
0.053333,10,2
0.054312,10,3
19.116899,10,4
0.105227,10,5
1.089672,10,6
0.114283,10,7
37.626448,10,8
0.08,10,9
45.161675,10,11
0.447251,10,12
0.114093,11,1
9.882032,11,2
22.347453,11,3
6.520891,11,4
6.187773,11,5
9.654747,11,6
4.25092,11,7
16.448837,11,8
11.529363,11,9
8.329509,11,10
18.943685,11,12
0.516611,12,1
124.014171,12,2
163.776608,12,3
79.625128,12,4
29.47004,12,5
55.312256,12,6
14.74436,12,7
135.230595,12,8
258.936195,12,9
5.195283,12,10
56.09432,12,11
succeed
0.0,0.084101,0.217373,0.026667,0.191115,0.311179,0.276395,0.272059,0.242731,0.026667,0.113088,0.631331
0.172168,0.0,11.357784,10.060437,39.163643,12.749645,1.162061,17.574521,6.195776,0.608975,12.212504,46.539731
0.764208,18.45448,0.0,15.680725,6.315883,127.562373,11.028656,30.392168,18.156064,2.134285,7.335573,26.893315
0.14096,11.87484,77.72364,0.0,24.557488,27.697152,36.822171,16.457731,14.104816,15.941147,24.263536,53.308693
3.058165,4.665909,14.573472,1.572856,0.0,2.566243,1.911781,5.147728,7.753603,1.4874,0.943757,19.144056
0.911573,8.580453,42.191016,9.364544,4.459101,0.0,4.65812,11.383152,7.275227,1.150635,12.830656,27.139163
0.318352,6.655061,19.965045,7.650843,4.137507,16.472992,0.0,5.496051,2.992509,3.425005,7.228227,12.681139
0.096165,14.682424,96.158096,27.669307,7.812571,26.261544,6.920053,0.0,35.672792,27.572816,18.586941,102.109925
1.471552,35.417352,24.655512,28.358499,13.216533,20.537299,7.037435,80.883621,0.0,2.761672,17.912043,101.013909
0.0,0.053333,0.054312,19.116899,0.105227,1.089672,0.114283,37.626448,0.08,0.0,45.161675,0.447251
0.114093,9.882032,22.347453,6.520891,6.187773,9.654747,4.25092,16.448837,11.529363,8.329509,0.0,18.943685
0.516611,124.014171,163.776608,79.625128,29.47004,55.312256,14.74436,135.230595,258.936195,5.195283,56.09432,0.0
