1855.831993
0.053333,1,2
0.257653,1,3
0.105029,1,5
0.026667,1,6
0.04604,1,8
0.090667,1,9
0.215176,1,11
2.800187,1,12
0.214107,2,1
4.300077,2,3
4.623872,2,4
1.241173,2,5
22.832987,2,6
1.895808,2,7
13.435271,2,8
5.829853,2,9
0.926937,2,10
4.526053,2,11
41.650365,2,12
0.030293,3,1
8.847973,3,2
5.419411,3,4
7.465704,3,5
23.23552,3,6
5.077493,3,7
28.486861,3,8
6.949792,3,9
0.862229,3,10
7.897752,3,11
15.858899,3,12
0.097365,4,1
4.058733,4,2
70.751997,4,3
18.6064,4,5
24.379917,4,6
8.052728,4,7
16.445824,4,8
9.705435,4,9
6.728181,4,10
22.640528,4,11
42.192883,4,12
3.615008,5,1
1.546317,5,2
12.842173,5,3
0.946005,5,4
1.032011,5,6
0.900669,5,7
4.4136,5,8
2.284949,5,9
0.188819,5,10
1.270693,5,11
11.842427,5,12
5.035208,6,2
44.525773,6,3
11.904757,6,4
0.191032,6,5
3.13704,6,7
9.489987,6,8
5.495267,6,9
0.391629,6,10
11.821891,6,11
6.339269,6,12
0.026667,7,1
2.157128,7,2
12.457413,7,3
9.016283,7,4
2.005403,7,5
7.164584,7,6
4.060475,7,8
2.908752,7,9
1.813339,7,10
2.931341,7,11
7.889768,7,12
8.831891,8,2
189.257099,8,3
5.911707,8,4
3.207419,8,5
5.402203,8,6
2.187115,8,7
32.174349,8,9
21.877685,8,10
23.239923,8,11
39.508064,8,12
0.201251,9,1
18.786837,9,2
28.235541,9,3
27.496648,9,4
7.656848,9,5
13.559712,9,6
6.557259,9,7
60.89864,9,8
1.035989,9,10
15.820824,9,11
51.03708,9,12
0.026667,10,2
1.209507,10,4
0.026667,10,5
0.158968,10,6
33.929101,10,8
0.053333,10,9
48.9376,10,11
0.106667,10,12
0.026667,11,1
6.302981,11,2
21.755637,11,3
1.963965,11,4
1.688101,11,5
2.618933,11,6
4.132829,11,7
13.275811,11,8
5.994573,11,9
8.37844,11,10
3.491984,11,12
0.133333,12,1
66.910213,12,2
71.867459,12,3
44.351757,12,4
21.055389,12,5
25.129075,12,6
4.369805,12,7
94.310488,12,8
152.282928,12,9
1.080984,12,10
26.869197,12,11
succeed
0.0,0.053333,0.257653,0.0,0.105029,0.026667,0.0,0.04604,0.090667,0.0,0.215176,2.800187
0.214107,0.0,4.300077,4.623872,1.241173,22.832987,1.895808,13.435271,5.829853,0.926937,4.526053,41.650365
0.030293,8.847973,0.0,5.419411,7.465704,23.23552,5.077493,28.486861,6.949792,0.862229,7.897752,15.858899
0.097365,4.058733,70.751997,0.0,18.6064,24.379917,8.052728,16.445824,9.705435,6.728181,22.640528,42.192883
3.615008,1.546317,12.842173,0.946005,0.0,1.032011,0.900669,4.4136,2.284949,0.188819,1.270693,11.842427
0.0,5.035208,44.525773,11.904757,0.191032,0.0,3.13704,9.489987,5.495267,0.391629,11.821891,6.339269
0.026667,2.157128,12.457413,9.016283,2.005403,7.164584,0.0,4.060475,2.908752,1.813339,2.931341,7.889768
0.0,8.831891,189.257099,5.911707,3.207419,5.402203,2.187115,0.0,32.174349,21.877685,23.239923,39.508064
0.201251,18.786837,28.235541,27.496648,7.656848,13.559712,6.557259,60.89864,0.0,1.035989,15.820824,51.03708
0.0,0.026667,0.0,1.209507,0.026667,0.158968,0.0,33.929101,0.053333,0.0,48.9376,0.106667
0.026667,6.302981,21.755637,1.963965,1.688101,2.618933,4.132829,13.275811,5.994573,8.37844,0.0,3.491984
0.133333,66.910213,71.867459,44.351757,21.055389,25.129075,4.369805,94.310488,152.282928,1.080984,26.869197,0.0
