1837.270284
0.111152,1,3
0.026667,1,4
0.053333,1,5
0.357509,1,6
0.026667,1,7
0.154432,1,8
0.407157,1,9
0.026667,1,11
0.311016,1,12
0.026667,2,1
5.613869,2,3
3.30284,2,4
46.807352,2,5
13.716208,2,6
1.716957,2,7
16.761864,2,8
2.881171,2,9
0.550667,2,10
5.483128,2,11
33.985651,2,12
0.736448,3,1
5.778875,3,2
3.164325,3,4
8.682416,3,5
28.20212,3,6
3.641963,3,7
32.144733,3,8
8.696107,3,9
0.17568,3,10
15.11232,3,11
13.965984,3,12
0.303125,4,1
1.706568,4,2
41.875475,4,3
17.005411,4,5
31.482203,4,6
21.757784,4,7
15.879661,4,8
10.247051,4,9
15.246981,4,10
12.135515,4,11
36.61416,4,12
0.145813,5,1
13.195032,5,2
10.742208,5,3
0.712944,5,4
0.863749,5,6
6.933792,5,7
2.244789,5,8
9.400499,5,9
0.0872,5,10
1.665501,5,11
5.44208,5,12
0.125371,6,1
5.404011,6,2
75.658587,6,3
7.154157,6,4
22.53804,6,5
2.110077,6,7
12.536629,6,8
20.70968,6,9
2.975872,6,10
13.816925,6,11
5.482195,6,12
0.026667,7,1
0.923635,7,2
25.404091,7,3
7.254259,7,4
3.470224,7,5
11.647717,7,6
7.382661,7,8
3.728872,7,9
2.11736,7,10
3.577787,7,11
5.347971,7,12
0.614827,8,1
8.688029,8,2
73.656653,8,3
5.838323,8,4
5.707589,8,5
14.577323,8,6
2.038987,8,7
36.258853,8,9
24.430752,8,10
20.760301,8,11
13.63492,8,12
0.295851,9,1
10.530253,9,2
23.02492,9,3
29.789589,9,4
13.986941,9,5
14.445256,9,6
3.790517,9,7
71.533496,9,8
1.235531,9,10
14.213155,9,11
30.84256,9,12
0.053333,10,2
1.460072,10,4
0.204285,10,6
29.240891,10,8
0.348075,10,9
29.495203,10,11
0.026667,10,12
6.046616,11,2
41.624845,11,3
2.176355,11,4
0.717429,11,5
5.674995,11,6
1.919067,11,7
15.180315,11,8
9.733216,11,9
4.774893,11,10
3.316328,11,12
0.150357,12,1
63.556397,12,2
85.721304,12,3
59.524437,12,4
26.414195,12,5
27.617909,12,6
12.431496,12,7
63.37116,12,8
139.750979,12,9
1.325488,12,10
37.817077,12,11
succeed
0.0,0.0,0.111152,0.026667,0.053333,0.357509,0.026667,0.154432,0.407157,0.0,0.026667,0.311016
0.026667,0.0,5.613869,3.30284,46.807352,13.716208,1.716957,16.761864,2.881171,0.550667,5.483128,33.985651
0.736448,5.778875,0.0,3.164325,8.682416,28.20212,3.641963,32.144733,8.696107,0.17568,15.11232,13.965984
0.303125,1.706568,41.875475,0.0,17.005411,31.482203,21.757784,15.879661,10.247051,15.246981,12.135515,36.61416
0.145813,13.195032,10.742208,0.712944,0.0,0.863749,6.933792,2.244789,9.400499,0.0872,1.665501,5.44208
0.125371,5.404011,75.658587,7.154157,22.53804,0.0,2.110077,12.536629,20.70968,2.975872,13.816925,5.482195
0.026667,0.923635,25.404091,7.254259,3.470224,11.647717,0.0,7.382661,3.728872,2.11736,3.577787,5.347971
0.614827,8.688029,73.656653,5.838323,5.707589,14.577323,2.038987,0.0,36.258853,24.430752,20.760301,13.63492
0.295851,10.530253,23.02492,29.789589,13.986941,14.445256,3.790517,71.533496,0.0,1.235531,14.213155,30.84256
0.0,0.053333,0.0,1.460072,0.0,0.204285,0.0,29.240891,0.348075,0.0,29.495203,0.026667
0.0,6.046616,41.624845,2.176355,0.717429,5.674995,1.919067,15.180315,9.733216,4.774893,0.0,3.316328
0.150357,63.556397,85.721304,59.524437,26.414195,27.617909,12.431496,63.37116,139.750979,1.325488,37.817077,0.0
