2334.836231
0.422579,1,2
0.451357,1,3
0.053333,1,4
0.197989,1,5
0.686592,1,6
0.026667,1,7
0.131216,1,8
1.049491,1,9
0.013784,1,10
0.542771,1,11
4.447643,1,12
0.172995,2,1
10.137861,2,3
3.544024,2,4
32.757117,2,5
23.549248,2,6
3.214371,2,7
15.218473,2,8
5.168333,2,9
0.429705,2,10
14.881413,2,11
29.6064,2,12
1.727053,3,1
26.625168,3,2
21.715485,3,4
9.642107,3,5
81.872501,3,6
18.912195,3,7
121.581085,3,8
11.33132,3,9
2.659603,3,10
23.207611,3,11
24.462088,3,12
0.501568,4,1
5.763773,4,2
26.194699,4,3
20.542571,4,5
15.331912,4,6
14.0526,4,7
9.427877,4,8
5.148389,4,9
13.812456,4,10
30.688779,4,11
18.978597,4,12
1.995603,5,1
9.254373,5,2
12.027125,5,3
2.186632,5,4
5.697539,5,6
2.074709,5,7
6.634211,5,8
2.807592,5,9
0.183933,5,10
11.568003,5,11
8.141656,5,12
0.408381,6,1
12.563352,6,2
50.086677,6,3
6.726416,6,4
2.126797,6,5
4.556883,6,7
8.670059,6,8
8.932904,6,9
1.50736,6,10
30.919101,6,11
24.395517,6,12
0.209544,7,1
3.548437,7,2
21.85416,7,3
12.27988,7,4
4.217712,7,5
17.493675,7,6
6.169859,7,8
4.476629,7,9
2.309067,7,10
11.77256,7,11
18.572069,7,12
1.256768,8,1
20.286192,8,2
54.557693,8,3
40.269264,8,4
3.717877,8,5
15.244677,8,6
7.931587,8,7
30.755339,8,9
12.301248,8,10
52.705101,8,11
68.018915,8,12
1.139635,9,1
44.210965,9,2
48.875405,9,3
12.472605,9,4
5.464936,9,5
26.260344,9,6
9.776536,9,7
54.266115,9,8
2.113088,9,10
22.726141,9,11
59.31456,9,12
0.071755,10,2
0.288893,10,3
26.301624,10,4
0.026667,10,5
0.317259,10,6
0.026667,10,7
18.592352,10,8
0.116944,10,9
27.723568,10,11
0.042331,10,12
2.328648,11,1
24.619389,11,2
35.869469,11,3
16.592232,11,4
9.163675,11,5
29.627656,11,6
24.095509,11,7
16.677323,11,8
14.348347,11,9
2.784435,11,10
32.612384,11,12
0.812595,12,1
62.996203,12,2
53.152643,12,3
49.016765,12,4
17.762651,12,5
55.896269,12,6
14.899213,12,7
69.775675,12,8
117.985885,12,9
4.826779,12,10
44.568221,12,11
succeed
0.0,0.422579,0.451357,0.053333,0.197989,0.686592,0.026667,0.131216,1.049491,0.013784,0.542771,4.447643
0.172995,0.0,10.137861,3.544024,32.757117,23.549248,3.214371,15.218473,5.168333,0.429705,14.881413,29.6064
1.727053,26.625168,0.0,21.715485,9.642107,81.872501,18.912195,121.581085,11.33132,2.659603,23.207611,24.462088
0.501568,5.763773,26.194699,0.0,20.542571,15.331912,14.0526,9.427877,5.148389,13.812456,30.688779,18.978597
1.995603,9.254373,12.027125,2.186632,0.0,5.697539,2.074709,6.634211,2.807592,0.183933,11.568003,8.141656
0.408381,12.563352,50.086677,6.726416,2.126797,0.0,4.556883,8.670059,8.932904,1.50736,30.919101,24.395517
0.209544,3.548437,21.85416,12.27988,4.217712,17.493675,0.0,6.169859,4.476629,2.309067,11.77256,18.572069
1.256768,20.286192,54.557693,40.269264,3.717877,15.244677,7.931587,0.0,30.755339,12.301248,52.705101,68.018915
1.139635,44.210965,48.875405,12.472605,5.464936,26.260344,9.776536,54.266115,0.0,2.113088,22.726141,59.31456
0.0,0.071755,0.288893,26.301624,0.026667,0.317259,0.026667,18.592352,0.116944,0.0,27.723568,0.042331
2.328648,24.619389,35.869469,16.592232,9.163675,29.627656,24.095509,16.677323,14.348347,2.784435,0.0,32.612384
0.812595,62.996203,53.152643,49.016765,17.762651,55.896269,14.899213,69.775675,117.985885,4.826779,44.568221,0.0
