2968.537798
0.097333,1,2
0.556973,1,3
0.057483,1,5
0.076091,1,6
0.215979,1,7
0.752336,1,8
0.053333,1,9
0.174773,1,11
0.450648,1,12
0.026667,2,1
9.818923,2,3
2.367355,2,4
11.156757,2,5
11.627048,2,6
0.433357,2,7
17.103044,2,8
3.179893,2,9
0.111356,2,10
5.403248,2,11
18.852219,2,12
0.209509,3,1
12.813597,3,2
12.169101,3,4
4.941704,3,5
34.840037,3,6
19.13484,3,7
72.138285,3,8
14.800637,3,9
1.211683,3,10
8.309261,3,11
23.136797,3,12
5.506789,4,2
31.353925,4,3
15.346531,4,5
31.310453,4,6
23.01604,4,7
35.032539,4,8
18.978133,4,9
3.04208,4,10
16.902824,4,11
38.440181,4,12
0.243589,5,1
30.854144,5,2
8.131853,5,3
1.14596,5,4
4.778179,5,6
2.263432,5,7
9.599181,5,8
5.303075,5,9
2.683115,5,11
1.408589,5,12
0.218944,6,1
15.353768,6,2
56.964931,6,3
4.811472,6,4
1.650787,6,5
5.31484,6,7
56.194848,6,8
11.421381,6,9
0.965587,6,10
17.554456,6,11
16.948309,6,12
1.954416,7,2
9.904752,7,3
11.755725,7,4
4.837325,7,5
10.218909,7,6
5.846651,7,8
2.007075,7,9
0.206157,7,10
5.078507,7,11
5.752971,7,12
2.535141,8,1
27.700563,8,2
83.019363,8,3
23.574509,8,4
11.559048,8,5
32.83228,8,6
9.85788,8,7
64.272515,8,9
11.272661,8,10
55.542571,8,11
265.628765,8,12
1.542739,9,1
36.190475,9,2
42.088944,9,3
25.968456,9,4
12.940611,9,5
24.026773,9,6
14.942405,9,7
82.822053,9,8
2.700928,9,10
30.819912,9,11
51.694152,9,12
0.158048,10,2
0.251968,10,3
6.721816,10,4
0.034795,10,5
7.103749,10,6
1.289821,10,7
42.935059,10,8
0.582605,10,9
35.341805,10,11
0.026667,10,12
0.632251,11,1
7.494752,11,2
13.863285,11,3
4.116872,11,4
2.071957,11,5
7.92656,11,6
1.890835,11,7
447.469547,11,8
10.343309,11,9
2.950909,11,10
5.771699,11,12
0.518557,12,1
155.506883,12,2
67.902509,12,3
57.161603,12,4
24.570037,12,5
43.146461,12,6
29.361632,12,7
127.378344,12,8
102.782341,12,9
0.657013,12,10
30.518675,12,11
succeed
0.0,0.097333,0.556973,0.0,0.057483,0.076091,0.215979,0.752336,0.053333,0.0,0.174773,0.450648
0.026667,0.0,9.818923,2.367355,11.156757,11.627048,0.433357,17.103044,3.179893,0.111356,5.403248,18.852219
0.209509,12.813597,0.0,12.169101,4.941704,34.840037,19.13484,72.138285,14.800637,1.211683,8.309261,23.136797
0.0,5.506789,31.353925,0.0,15.346531,31.310453,23.01604,35.032539,18.978133,3.04208,16.902824,38.440181
0.243589,30.854144,8.131853,1.14596,0.0,4.778179,2.263432,9.599181,5.303075,0.0,2.683115,1.408589
0.218944,15.353768,56.964931,4.811472,1.650787,0.0,5.31484,56.194848,11.421381,0.965587,17.554456,16.948309
0.0,1.954416,9.904752,11.755725,4.837325,10.218909,0.0,5.846651,2.007075,0.206157,5.078507,5.752971
2.535141,27.700563,83.019363,23.574509,11.559048,32.83228,9.85788,0.0,64.272515,11.272661,55.542571,265.628765
1.542739,36.190475,42.088944,25.968456,12.940611,24.026773,14.942405,82.822053,0.0,2.700928,30.819912,51.694152
0.0,0.158048,0.251968,6.721816,0.034795,7.103749,1.289821,42.935059,0.582605,0.0,35.341805,0.026667
0.632251,7.494752,13.863285,4.116872,2.071957,7.92656,1.890835,447.469547,10.343309,2.950909,0.0,5.771699
0.518557,155.506883,67.902509,57.161603,24.570037,43.146461,29.361632,127.378344,102.782341,0.657013,30.518675,0.0
