2343.232882
0.026667,1,2
0.03092,1,3
0.026667,1,5
0.026667,1,6
0.066848,1,8
0.026667,1,9
0.333643,1,12
0.122251,2,1
5.087963,2,3
13.382709,2,4
0.469453,2,5
16.802157,2,6
0.467045,2,7
16.986027,2,8
6.360563,2,9
0.026667,2,10
4.326517,2,11
48.332931,2,12
0.026667,3,1
5.201131,3,2
8.293965,3,4
3.011853,3,5
19.229848,3,6
14.498883,3,7
56.644349,3,8
11.924885,3,9
0.340971,3,10
6.05628,3,11
11.222931,3,12
0.09296,4,1
6.815829,4,2
54.569867,4,3
25.590008,4,5
23.609707,4,6
23.823461,4,7
17.287219,4,8
18.996125,4,9
14.700475,4,10
18.226235,4,11
32.404035,4,12
1.067616,5,1
2.434864,5,2
16.430797,5,3
7.385075,5,4
0.416339,5,6
1.133547,5,7
10.469549,5,8
2.910987,5,9
3.282856,5,11
1.355435,5,12
0.067885,6,1
10.635773,6,2
69.558216,6,3
4.55952,6,4
0.900979,6,5
2.212936,6,7
38.192277,6,8
9.758368,6,9
0.253669,6,10
10.738325,6,11
17.327616,6,12
0.026667,7,1
1.498368,7,2
18.360859,7,3
13.614416,7,4
2.856752,7,5
14.932059,7,6
8.091131,7,8
8.431904,7,9
1.558051,7,10
3.46192,7,11
6.646024,7,12
0.037403,8,1
18.904896,8,2
129.4388,8,3
14.198851,8,4
6.486341,8,5
32.389875,8,6
5.586984,8,7
52.260021,8,9
7.848965,8,10
42.743787,8,11
90.451688,8,12
0.513443,9,1
26.286733,9,2
52.137773,9,3
118.763504,9,4
4.474189,9,5
23.571584,9,6
14.825064,9,7
84.092107,9,8
1.757296,9,10
28.891483,9,11
52.079507,9,12
0.026667,10,2
0.405547,10,3
0.227224,10,4
0.080171,10,5
0.22504,10,6
0.026667,10,7
31.320173,10,8
0.201003,10,9
28.9186,10,11
0.08,10,12
7.657605,11,2
33.214325,11,3
2.203472,11,4
0.540856,11,5
6.971699,11,6
6.465219,11,7
23.727995,11,8
10.762384,11,9
8.043723,11,10
4.076995,11,12
0.053333,12,1
121.136056,12,2
78.579141,12,3
51.57348,12,4
25.217488,12,5
50.850512,12,6
23.861907,12,7
105.808008,12,8
112.600939,12,9
4.648789,12,10
19.946744,12,11
succeed
0.0,0.026667,0.03092,0.0,0.026667,0.026667,0.0,0.066848,0.026667,0.0,0.0,0.333643
0.122251,0.0,5.087963,13.382709,0.469453,16.802157,0.467045,16.986027,6.360563,0.026667,4.326517,48.332931
0.026667,5.201131,0.0,8.293965,3.011853,19.229848,14.498883,56.644349,11.924885,0.340971,6.05628,11.222931
0.09296,6.815829,54.569867,0.0,25.590008,23.609707,23.823461,17.287219,18.996125,14.700475,18.226235,32.404035
1.067616,2.434864,16.430797,7.385075,0.0,0.416339,1.133547,10.469549,2.910987,0.0,3.282856,1.355435
0.067885,10.635773,69.558216,4.55952,0.900979,0.0,2.212936,38.192277,9.758368,0.253669,10.738325,17.327616
0.026667,1.498368,18.360859,13.614416,2.856752,14.932059,0.0,8.091131,8.431904,1.558051,3.46192,6.646024
0.037403,18.904896,129.4388,14.198851,6.486341,32.389875,5.586984,0.0,52.260021,7.848965,42.743787,90.451688
0.513443,26.286733,52.137773,118.763504,4.474189,23.571584,14.825064,84.092107,0.0,1.757296,28.891483,52.079507
0.0,0.026667,0.405547,0.227224,0.080171,0.22504,0.026667,31.320173,0.201003,0.0,28.9186,0.08
0.0,7.657605,33.214325,2.203472,0.540856,6.971699,6.465219,23.727995,10.762384,8.043723,0.0,4.076995
0.053333,121.136056,78.579141,51.57348,25.217488,50.850512,23.861907,105.808008,112.600939,4.648789,19.946744,0.0
