1915.437786
0.026667,1,4
0.455827,1,6
0.464747,1,8
0.903488,1,9
0.311803,1,10
0.127813,1,11
0.655928,1,12
0.026667,2,1
7.506179,2,3
3.952584,2,4
1.400525,2,5
8.611621,2,6
1.267584,2,7
11.235933,2,8
2.483128,2,9
0.056405,2,10
11.731067,2,11
32.251136,2,12
0.764331,3,1
3.500741,3,2
3.433301,3,4
4.492909,3,5
18.334651,3,6
2.768925,3,7
28.715757,3,8
9.162675,3,9
0.346011,3,10
9.973416,3,11
32.953331,3,12
0.24688,4,1
2.069805,4,2
51.706549,4,3
17.64564,4,5
27.193635,4,6
20.512989,4,7
5.383157,4,8
43.520827,4,9
7.071125,4,10
7.903304,4,11
38.914472,4,12
0.185973,5,1
8.287427,5,2
11.720224,5,3
0.730845,5,4
0.414157,5,6
1.326515,5,7
17.209395,5,8
5.191664,5,9
0.026667,5,10
1.642579,5,11
5.207091,5,12
1.378944,6,1
6.815344,6,2
41.01724,6,3
15.441013,6,4
22.035624,6,5
5.791379,6,7
9.633923,6,8
11.067123,6,9
0.709523,6,10
23.785475,6,11
3.657901,6,12
0.029936,7,1
0.990325,7,2
18.322813,7,3
9.536253,7,4
0.555853,7,5
9.896459,7,6
4.602387,7,8
2.397333,7,9
3.129051,7,10
2.96936,7,11
6.454152,7,12
0.077107,8,1
23.115043,8,2
84.747704,8,3
2.946675,8,4
1.702872,8,5
7.843429,8,6
11.96344,8,7
37.773011,8,9
31.819789,8,10
25.464032,8,11
30.023787,8,12
0.770152,9,1
16.181355,9,2
36.378339,9,3
34.867979,9,4
7.042091,9,5
20.562232,9,6
4.059699,9,7
58.577848,9,8
1.449568,9,10
17.43312,9,11
25.606211,9,12
0.055893,10,2
0.053333,10,3
1.348093,10,4
0.038165,10,5
0.189869,10,6
55.928061,10,8
0.374635,10,9
40.854773,10,11
0.026667,10,12
0.092128,11,1
7.504885,11,2
48.357552,11,3
2.740277,11,4
7.134544,11,5
12.446912,11,6
2.9658,11,7
19.42844,11,8
17.397568,11,9
14.011827,11,10
5.737389,11,12
3.408456,12,1
86.648576,12,2
62.580179,12,3
47.235533,12,4
22.902416,12,5
30.254571,12,6
10.748568,12,7
54.778368,12,8
161.388904,12,9
0.847264,12,10
45.309176,12,11
succeed
0.0,0.0,0.0,0.026667,0.0,0.455827,0.0,0.464747,0.903488,0.311803,0.127813,0.655928
0.026667,0.0,7.506179,3.952584,1.400525,8.611621,1.267584,11.235933,2.483128,0.056405,11.731067,32.251136
0.764331,3.500741,0.0,3.433301,4.492909,18.334651,2.768925,28.715757,9.162675,0.346011,9.973416,32.953331
0.24688,2.069805,51.706549,0.0,17.64564,27.193635,20.512989,5.383157,43.520827,7.071125,7.903304,38.914472
0.185973,8.287427,11.720224,0.730845,0.0,0.414157,1.326515,17.209395,5.191664,0.026667,1.642579,5.207091
1.378944,6.815344,41.01724,15.441013,22.035624,0.0,5.791379,9.633923,11.067123,0.709523,23.785475,3.657901
0.029936,0.990325,18.322813,9.536253,0.555853,9.896459,0.0,4.602387,2.397333,3.129051,2.96936,6.454152
0.077107,23.115043,84.747704,2.946675,1.702872,7.843429,11.96344,0.0,37.773011,31.819789,25.464032,30.023787
0.770152,16.181355,36.378339,34.867979,7.042091,20.562232,4.059699,58.577848,0.0,1.449568,17.43312,25.606211
0.0,0.055893,0.053333,1.348093,0.038165,0.189869,0.0,55.928061,0.374635,0.0,40.854773,0.026667
0.092128,7.504885,48.357552,2.740277,7.134544,12.446912,2.9658,19.42844,17.397568,14.011827,0.0,5.737389
3.408456,86.648576,62.580179,47.235533,22.902416,30.254571,10.748568,54.778368,161.388904,0.847264,45.309176,0.0
