2106.508328
0.239851,1,3
0.026667,1,4
0.053333,1,6
0.08,1,8
0.08,1,9
1.369789,1,12
0.048115,2,1
15.544088,2,3
2.842216,2,4
32.765427,2,5
9.294104,2,6
0.281877,2,7
5.540107,2,8
1.998885,2,9
0.098837,2,10
6.084981,2,11
20.620349,2,12
0.058797,3,1
12.962333,3,2
23.167176,3,4
9.079339,3,5
22.622323,3,6
9.031693,3,7
41.573848,3,8
16.11616,3,9
1.645048,3,10
8.246299,3,11
28.82512,3,12
0.06496,4,1
1.849072,4,2
54.413093,4,3
27.542243,4,5
35.576347,4,6
19.62672,4,7
5.209395,4,8
14.386821,4,9
8.899285,4,10
10.969787,4,11
34.931416,4,12
3.66728,5,2
20.397936,5,3
6.084419,5,4
0.863237,5,6
0.76868,5,7
2.568493,5,8
1.994515,5,9
0.026667,5,10
2.996563,5,11
1.6918,5,12
14.16148,6,2
65.173261,6,3
13.575736,6,4
1.760061,6,5
3.169776,6,7
11.718632,6,8
22.502251,6,9
0.241851,6,10
7.052765,6,11
7.363208,6,12
4.122512,7,2
14.826309,7,3
3.77936,7,4
3.159717,7,5
11.793792,7,6
4.071824,7,8
3.870797,7,9
0.951797,7,11
6.488541,7,12
0.383661,8,1
12.136995,8,2
70.959427,8,3
30.75804,8,4
19.487373,8,5
8.262093,8,6
6.624677,8,7
54.776835,8,9
10.762965,8,10
29.369957,8,11
82.686107,8,12
0.266917,9,1
8.248563,9,2
45.420491,9,3
28.407016,9,4
8.252629,9,5
37.268845,9,6
13.66556,9,7
47.720976,9,8
1.189552,9,10
23.011416,9,11
109.372341,9,12
3.866347,10,2
2.015827,10,3
0.523733,10,4
0.097067,10,5
1.256413,10,6
0.08,10,7
38.969832,10,8
26.105859,10,9
32.340075,10,11
0.245075,10,12
0.026667,11,1
6.082549,11,2
16.593997,11,3
1.015749,11,4
3.372928,11,5
12.475995,11,6
1.927072,11,7
15.371283,11,8
6.811077,11,9
6.431653,11,10
4.941941,11,12
0.255573,12,1
86.341061,12,2
60.111499,12,3
59.101552,12,4
5.636885,12,5
61.059091,12,6
12.377669,12,7
118.268496,12,8
123.737091,12,9
0.30608,12,10
25.120595,12,11
succeed
0.0,0.0,0.239851,0.026667,0.0,0.053333,0.0,0.08,0.08,0.0,0.0,1.369789
0.048115,0.0,15.544088,2.842216,32.765427,9.294104,0.281877,5.540107,1.998885,0.098837,6.084981,20.620349
0.058797,12.962333,0.0,23.167176,9.079339,22.622323,9.031693,41.573848,16.11616,1.645048,8.246299,28.82512
0.06496,1.849072,54.413093,0.0,27.542243,35.576347,19.62672,5.209395,14.386821,8.899285,10.969787,34.931416
0.0,3.66728,20.397936,6.084419,0.0,0.863237,0.76868,2.568493,1.994515,0.026667,2.996563,1.6918
0.0,14.16148,65.173261,13.575736,1.760061,0.0,3.169776,11.718632,22.502251,0.241851,7.052765,7.363208
0.0,4.122512,14.826309,3.77936,3.159717,11.793792,0.0,4.071824,3.870797,0.0,0.951797,6.488541
0.383661,12.136995,70.959427,30.75804,19.487373,8.262093,6.624677,0.0,54.776835,10.762965,29.369957,82.686107
0.266917,8.248563,45.420491,28.407016,8.252629,37.268845,13.66556,47.720976,0.0,1.189552,23.011416,109.372341
0.0,3.866347,2.015827,0.523733,0.097067,1.256413,0.08,38.969832,26.105859,0.0,32.340075,0.245075
0.026667,6.082549,16.593997,1.015749,3.372928,12.475995,1.927072,15.371283,6.811077,6.431653,0.0,4.941941
0.255573,86.341061,60.111499,59.101552,5.636885,61.059091,12.377669,118.268496,123.737091,0.30608,25.120595,0.0
