1576.108451
0.053333,1,3
0.062675,1,5
0.03328,1,6
1.372616,1,7
0.176885,1,8
0.026667,1,9
0.102885,1,12
0.063787,2,1
2.333573,2,3
5.073499,2,4
25.730056,2,5
10.342568,2,6
0.330061,2,7
11.214369,2,8
4.579624,2,9
0.138231,2,10
5.698083,2,11
21.835752,2,12
16.836051,3,2
2.633299,3,4
17.3896,3,5
18.33216,3,6
5.980483,3,7
21.177091,3,8
10.876909,3,9
0.127573,3,10
4.358843,3,11
22.551949,3,12
0.08592,4,1
10.045243,4,2
117.187941,4,3
20.560275,4,5
25.835221,4,6
20.060624,4,7
6.236691,4,8
10.761368,4,9
5.446475,4,10
13.197603,4,11
48.822267,4,12
3.171536,5,1
25.786843,5,2
6.484147,5,3
0.701192,5,4
1.957144,5,6
2.790848,5,7
1.821515,5,8
1.698181,5,9
0.711149,5,11
3.089669,5,12
0.026667,6,1
13.915291,6,2
45.184352,6,3
4.314029,6,4
0.25772,6,5
2.023752,6,7
9.415653,6,8
10.847365,6,9
0.182104,6,10
5.741896,6,11
10.925229,6,12
3.204933,7,2
15.342064,7,3
3.493413,7,4
3.777005,7,5
14.987021,7,6
2.038907,7,8
0.734048,7,9
1.321568,7,10
1.582651,7,11
10.685645,7,12
0.026667,8,1
13.442259,8,2
50.889957,8,3
12.882205,8,4
8.211589,8,5
10.57472,8,6
0.750651,8,7
21.032952,8,9
15.592344,8,10
19.738672,8,11
7.872709,8,12
0.06812,9,1
8.52924,9,2
13.120139,9,3
20.658029,9,4
6.933843,9,5
11.772147,9,6
2.527051,9,7
51.545387,9,8
0.408795,9,10
8.760195,9,11
27.287461,9,12
0.026667,10,3
0.374768,10,4
0.233669,10,6
30.720563,10,8
0.026667,10,9
45.028003,10,11
0.106667,10,12
0.065877,11,1
5.210395,11,2
13.218288,11,3
7.467627,11,4
1.520803,11,5
5.116877,11,6
1.391624,11,7
13.457069,11,8
7.719968,11,9
4.697296,11,10
3.832317,11,12
69.396099,12,2
61.012923,12,3
48.858192,12,4
22.629936,12,5
51.744427,12,6
5.044632,12,7
29.855808,12,8
117.852005,12,9
1.009373,12,10
19.979712,12,11
succeed
0.0,0.0,0.053333,0.0,0.062675,0.03328,1.372616,0.176885,0.026667,0.0,0.0,0.102885
0.063787,0.0,2.333573,5.073499,25.730056,10.342568,0.330061,11.214369,4.579624,0.138231,5.698083,21.835752
0.0,16.836051,0.0,2.633299,17.3896,18.33216,5.980483,21.177091,10.876909,0.127573,4.358843,22.551949
0.08592,10.045243,117.187941,0.0,20.560275,25.835221,20.060624,6.236691,10.761368,5.446475,13.197603,48.822267
3.171536,25.786843,6.484147,0.701192,0.0,1.957144,2.790848,1.821515,1.698181,0.0,0.711149,3.089669
0.026667,13.915291,45.184352,4.314029,0.25772,0.0,2.023752,9.415653,10.847365,0.182104,5.741896,10.925229
0.0,3.204933,15.342064,3.493413,3.777005,14.987021,0.0,2.038907,0.734048,1.321568,1.582651,10.685645
0.026667,13.442259,50.889957,12.882205,8.211589,10.57472,0.750651,0.0,21.032952,15.592344,19.738672,7.872709
0.06812,8.52924,13.120139,20.658029,6.933843,11.772147,2.527051,51.545387,0.0,0.408795,8.760195,27.287461
0.0,0.0,0.026667,0.374768,0.0,0.233669,0.0,30.720563,0.026667,0.0,45.028003,0.106667
0.065877,5.210395,13.218288,7.467627,1.520803,5.116877,1.391624,13.457069,7.719968,4.697296,0.0,3.832317
0.0,69.396099,61.012923,48.858192,22.629936,51.744427,5.044632,29.855808,117.852005,1.009373,19.979712,0.0
