1764.27476
0.13216,1,2
0.1244,1,3
1.682632,1,4
0.078787,1,5
0.133928,1,6
0.053333,1,7
2.20316,1,9
0.053333,1,12
0.173531,2,1
2.972683,2,3
6.783093,2,4
28.050731,2,5
10.68256,2,6
1.04344,2,7
10.871099,2,8
4.515811,2,9
0.172496,2,10
4.263819,2,11
27.985189,2,12
0.478187,3,1
14.549715,3,2
3.755413,3,4
9.224624,3,5
46.256584,3,6
6.107285,3,7
39.631283,3,8
26.560741,3,9
3.110317,3,10
3.318616,3,11
35.757453,3,12
0.277064,4,1
2.534891,4,2
38.736685,4,3
18.136696,4,5
26.315685,4,6
13.308469,4,7
6.711829,4,8
19.515827,4,9
7.635448,4,10
9.269819,4,11
31.727701,4,12
1.915024,5,1
4.257979,5,2
8.286731,5,3
1.542496,5,4
1.26224,5,6
1.550947,5,7
4.252421,5,8
4.463859,5,9
0.339133,5,10
0.617621,5,11
2.529669,5,12
0.168245,6,1
14.940035,6,2
26.24336,6,3
7.288045,6,4
24.928339,6,5
1.391072,6,7
9.876509,6,8
19.442347,6,9
0.759389,6,10
9.094864,6,11
21.455832,6,12
0.845099,7,1
3.632669,7,2
19.108464,7,3
7.739243,7,4
4.248643,7,5
11.529024,7,6
5.885472,7,8
11.325429,7,9
2.408053,7,10
2.976141,7,11
8.948035,7,12
0.106667,8,1
7.719245,8,2
49.246717,8,3
6.071195,8,4
4.059955,8,5
16.881635,8,6
3.0984,8,7
52.106592,8,9
24.639216,8,10
16.266685,8,11
26.896083,8,12
0.972936,9,1
17.039461,9,2
17.022685,9,3
29.042539,9,4
15.545416,9,5
30.839072,9,6
10.350008,9,7
60.666843,9,8
2.125728,9,10
24.056688,9,11
45.514749,9,12
0.60832,10,2
1.585253,10,4
0.042275,10,5
3.301379,10,6
0.026667,10,7
35.62,10,8
0.31136,10,9
32.690851,10,11
9.336563,11,2
34.334555,11,3
3.695019,11,4
2.045061,11,5
6.518893,11,6
3.136907,11,7
14.942059,11,8
12.540005,11,9
2.739069,11,10
5.632456,11,12
0.053333,12,1
53.13732,12,2
46.741699,12,3
39.162024,12,4
13.53748,12,5
41.122728,12,6
14.977443,12,7
56.128419,12,8
133.542331,12,9
1.126747,12,10
25.221083,12,11
succeed
0.0,0.13216,0.1244,1.682632,0.078787,0.133928,0.053333,0.0,2.20316,0.0,0.0,0.053333
0.173531,0.0,2.972683,6.783093,28.050731,10.68256,1.04344,10.871099,4.515811,0.172496,4.263819,27.985189
0.478187,14.549715,0.0,3.755413,9.224624,46.256584,6.107285,39.631283,26.560741,3.110317,3.318616,35.757453
0.277064,2.534891,38.736685,0.0,18.136696,26.315685,13.308469,6.711829,19.515827,7.635448,9.269819,31.727701
1.915024,4.257979,8.286731,1.542496,0.0,1.26224,1.550947,4.252421,4.463859,0.339133,0.617621,2.529669
0.168245,14.940035,26.24336,7.288045,24.928339,0.0,1.391072,9.876509,19.442347,0.759389,9.094864,21.455832
0.845099,3.632669,19.108464,7.739243,4.248643,11.529024,0.0,5.885472,11.325429,2.408053,2.976141,8.948035
0.106667,7.719245,49.246717,6.071195,4.059955,16.881635,3.0984,0.0,52.106592,24.639216,16.266685,26.896083
0.972936,17.039461,17.022685,29.042539,15.545416,30.839072,10.350008,60.666843,0.0,2.125728,24.056688,45.514749
0.0,0.60832,0.0,1.585253,0.042275,3.301379,0.026667,35.62,0.31136,0.0,32.690851,0.0
0.0,9.336563,34.334555,3.695019,2.045061,6.518893,3.136907,14.942059,12.540005,2.739069,0.0,5.632456
0.053333,53.13732,46.741699,39.162024,13.53748,41.122728,14.977443,56.128419,133.542331,1.126747,25.221083,0.0
