1819.72111
0.026667,1,2
0.053717,1,3
0.040128,1,5
0.442669,1,8
0.357211,1,9
0.602552,1,12
0.026667,2,1
4.308,2,3
4.299845,2,4
47.799085,2,5
12.531933,2,6
1.366245,2,7
12.432173,2,8
6.673547,2,9
0.201744,2,10
6.756704,2,11
30.972477,2,12
26.123843,3,2
4.947248,3,4
6.117403,3,5
13.692061,3,6
6.724931,3,7
39.847589,3,8
10.707435,3,9
0.763755,3,10
5.20276,3,11
17.548624,3,12
0.064,4,1
12.530493,4,2
38.642101,4,3
24.555016,4,5
32.562091,4,6
16.918885,4,7
4.10912,4,8
10.408085,4,9
8.425237,4,10
7.170131,4,11
43.570381,4,12
0.164085,5,1
21.940341,5,2
7.521475,5,3
0.745701,5,4
5.458299,5,6
1.098491,5,7
5.914443,5,8
2.369765,5,9
0.954624,5,11
2.949901,5,12
0.026667,6,1
8.365773,6,2
57.402936,6,3
5.325397,6,4
1.137408,6,5
1.086981,6,7
14.776528,6,8
8.733896,6,9
0.168712,6,10
13.187203,6,11
12.200579,6,12
0.318541,7,1
6.272901,7,2
14.118944,7,3
5.016656,7,4
3.245896,7,5
9.379904,7,6
4.376704,7,8
3.326349,7,9
2.238779,7,10
4.199627,7,11
15.1738,7,12
0.618496,8,1
24.434157,8,2
49.979005,8,3
5.994864,8,4
6.001504,8,5
15.215085,8,6
4.574077,8,7
26.427829,8,9
26.840323,8,10
26.747171,8,11
23.830179,8,12
0.954845,9,1
27.450144,9,2
22.076261,9,3
28.192504,9,4
4.357461,9,5
18.635128,9,6
7.534712,9,7
65.412512,9,8
0.320056,9,10
17.254648,9,11
75.035096,9,12
0.052544,10,2
2.196955,10,4
0.026667,10,5
0.174085,10,6
0.026667,10,7
34.716152,10,8
0.673989,10,9
42.663205,10,11
0.026667,10,12
0.189384,11,1
10.004581,11,2
12.384512,11,3
2.690517,11,4
0.338064,11,5
10.60332,11,6
2.451443,11,7
14.514739,11,8
4.912168,11,9
8.52632,11,10
4.23396,11,12
0.277856,12,1
75.307259,12,2
73.946597,12,3
46.22664,12,4
24.920043,12,5
45.492496,12,6
15.039917,12,7
66.942389,12,8
97.762349,12,9
0.600573,12,10
45.193136,12,11
succeed
0.0,0.026667,0.053717,0.0,0.040128,0.0,0.0,0.442669,0.357211,0.0,0.0,0.602552
0.026667,0.0,4.308,4.299845,47.799085,12.531933,1.366245,12.432173,6.673547,0.201744,6.756704,30.972477
0.0,26.123843,0.0,4.947248,6.117403,13.692061,6.724931,39.847589,10.707435,0.763755,5.20276,17.548624
0.064,12.530493,38.642101,0.0,24.555016,32.562091,16.918885,4.10912,10.408085,8.425237,7.170131,43.570381
0.164085,21.940341,7.521475,0.745701,0.0,5.458299,1.098491,5.914443,2.369765,0.0,0.954624,2.949901
0.026667,8.365773,57.402936,5.325397,1.137408,0.0,1.086981,14.776528,8.733896,0.168712,13.187203,12.200579
0.318541,6.272901,14.118944,5.016656,3.245896,9.379904,0.0,4.376704,3.326349,2.238779,4.199627,15.1738
0.618496,24.434157,49.979005,5.994864,6.001504,15.215085,4.574077,0.0,26.427829,26.840323,26.747171,23.830179
0.954845,27.450144,22.076261,28.192504,4.357461,18.635128,7.534712,65.412512,0.0,0.320056,17.254648,75.035096
0.0,0.052544,0.0,2.196955,0.026667,0.174085,0.026667,34.716152,0.673989,0.0,42.663205,0.026667
0.189384,10.004581,12.384512,2.690517,0.338064,10.60332,2.451443,14.514739,4.912168,8.52632,0.0,4.23396
0.277856,75.307259,73.946597,46.22664,24.920043,45.492496,15.039917,66.942389,97.762349,0.600573,45.193136,0.0
