3185.10618
0.181496,1,2
0.829077,1,3
1.034227,1,5
1.583091,1,6
0.269859,1,7
2.042224,1,9
0.295701,1,12
21.043864,2,3
35.195837,2,5
34.518029,2,6
21.156589,2,7
0.026667,2,8
14.626643,2,9
0.059781,2,10
0.626653,2,11
46.507227,2,12
22.122128,3,2
23.956741,3,4
129.134904,3,5
59.785571,3,6
20.660365,3,7
0.668517,3,8
41.498741,3,9
0.583149,3,10
1.683776,3,11
40.319296,3,12
3.639243,4,2
64.298467,4,3
41.500621,4,5
39.307619,4,6
12.035099,4,7
0.037888,4,8
15.692155,4,9
7.636528,4,10
0.291883,4,11
39.768112,4,12
25.020555,5,2
1.713312,5,3
4.159027,5,9
0.026667,5,10
0.08,5,11
98.569771,5,12
21.601301,6,2
124.186853,6,3
26.988685,6,4
103.412544,6,5
23.767005,6,7
0.026667,6,8
68.190043,6,9
0.222272,6,10
1.687973,6,11
41.366893,6,12
6.530373,7,2
32.411029,7,3
7.278821,7,4
13.65616,7,5
13.291235,7,6
0.026667,7,8
15.228507,7,9
0.026667,7,10
0.290445,7,11
14.123021,7,12
20.4426,8,2
17.450824,8,3
26.825357,8,4
165.320344,8,5
0.211376,8,6
0.389307,8,7
70.640728,8,9
23.152176,8,10
27.412477,8,11
88.628253,8,12
34.135936,9,2
107.137768,9,3
35.681203,9,4
160.564011,9,5
60.969061,9,6
24.535536,9,7
0.346413,9,8
5.24744,9,11
81.892403,9,12
0.573789,10,2
0.133333,10,3
15.848435,10,4
4.826021,10,5
0.124453,10,7
34.474877,10,8
4.349144,10,9
47.086235,10,11
2.241144,10,12
9.026664,11,2
4.663029,11,3
5.595627,11,4
33.6648,11,5
0.157576,11,6
3.700427,11,7
30.525435,11,8
13.267573,11,9
5.876584,11,10
10.433584,11,12
79.879589,12,2
84.490592,12,3
0.145563,12,4
226.237069,12,5
54.402336,12,6
32.742269,12,7
0.140587,12,8
135.172309,12,9
0.221995,12,10
5.621667,12,11
succeed
0.0,0.181496,0.829077,0.0,1.034227,1.583091,0.269859,0.0,2.042224,0.0,0.0,0.295701
0.0,0.0,21.043864,0.0,35.195837,34.518029,21.156589,0.026667,14.626643,0.059781,0.626653,46.507227
0.0,22.122128,0.0,23.956741,129.134904,59.785571,20.660365,0.668517,41.498741,0.583149,1.683776,40.319296
0.0,3.639243,64.298467,0.0,41.500621,39.307619,12.035099,0.037888,15.692155,7.636528,0.291883,39.768112
0.0,25.020555,1.713312,0.0,0.0,0.0,0.0,0.0,4.159027,0.026667,0.08,98.569771
0.0,21.601301,124.186853,26.988685,103.412544,0.0,23.767005,0.026667,68.190043,0.222272,1.687973,41.366893
0.0,6.530373,32.411029,7.278821,13.65616,13.291235,0.0,0.026667,15.228507,0.026667,0.290445,14.123021
0.0,20.4426,17.450824,26.825357,165.320344,0.211376,0.389307,0.0,70.640728,23.152176,27.412477,88.628253
0.0,34.135936,107.137768,35.681203,160.564011,60.969061,24.535536,0.346413,0.0,0.0,5.24744,81.892403
0.0,0.573789,0.133333,15.848435,4.826021,0.0,0.124453,34.474877,4.349144,0.0,47.086235,2.241144
0.0,9.026664,4.663029,5.595627,33.6648,0.157576,3.700427,30.525435,13.267573,5.876584,0.0,10.433584
0.0,79.879589,84.490592,0.145563,226.237069,54.402336,32.742269,0.140587,135.172309,0.221995,5.621667,0.0
