2167.803782
0.111605,1,3
0.113605,1,5
0.027331,1,7
0.08,1,8
0.08,1,9
0.026667,1,11
0.053333,1,12
0.026667,2,1
13.230203,2,3
1.388472,2,4
8.171896,2,5
14.340027,2,6
0.281763,2,7
5.026371,2,8
1.602629,2,9
0.229739,2,10
5.409448,2,11
27.944389,2,12
0.252349,3,1
9.127451,3,2
28.949411,3,4
9.023403,3,5
19.357917,3,6
12.555173,3,7
64.998789,3,8
12.092035,3,9
1.646525,3,10
11.287989,3,11
26.155653,3,12
0.178029,4,1
1.753339,4,2
48.323285,4,3
21.203272,4,5
33.716275,4,6
16.824845,4,7
12.112947,4,8
22.801208,4,9
11.393128,4,10
12.855664,4,11
37.538963,4,12
4.213824,5,1
5.158029,5,2
29.027552,5,3
2.162427,5,4
7.394739,5,6
1.119891,5,7
16.665243,5,8
2.480195,5,9
2.730995,5,11
1.445525,5,12
0.026667,6,1
9.377005,6,2
57.839784,6,3
11.14496,6,4
2.076789,6,5
1.932387,6,7
20.082347,6,8
12.71184,6,9
0.420947,6,10
5.611499,6,11
23.856277,6,12
0.026667,7,1
1.009035,7,2
18.451093,7,3
5.326949,7,4
3.175331,7,5
9.011989,7,6
5.924464,7,8
4.245501,7,9
0.162283,7,10
1.184813,7,11
7.420056,7,12
0.509379,8,1
5.372645,8,2
67.623549,8,3
34.367459,8,4
14.687893,8,5
14.196168,8,6
3.344363,8,7
57.246075,8,9
4.016224,8,10
20.431133,8,11
91.371504,8,12
0.437589,9,1
13.527832,9,2
48.716037,9,3
28.295469,9,4
14.086365,9,5
19.515968,9,6
7.157304,9,7
85.220696,9,8
5.132336,9,10
21.675528,9,11
123.558056,9,12
3.823232,10,2
1.024856,10,3
9.396677,10,4
0.092437,10,5
4.257053,10,6
39.900995,10,8
26.772419,10,9
38.220869,10,11
0.326389,10,12
6.093688,11,2
21.190328,11,3
3.64008,11,4
3.186131,11,5
3.64292,11,6
2.078432,11,7
21.457216,11,8
4.437171,11,9
4.398896,11,10
5.357344,11,12
0.22528,12,1
77.975616,12,2
79.537896,12,3
54.404197,12,4
5.800523,12,5
46.871419,12,6
10.918053,12,7
110.709205,12,8
97.201347,12,9
6.06452,12,10
32.600123,12,11
succeed
0.0,0.0,0.111605,0.0,0.113605,0.0,0.027331,0.08,0.08,0.0,0.026667,0.053333
0.026667,0.0,13.230203,1.388472,8.171896,14.340027,0.281763,5.026371,1.602629,0.229739,5.409448,27.944389
0.252349,9.127451,0.0,28.949411,9.023403,19.357917,12.555173,64.998789,12.092035,1.646525,11.287989,26.155653
0.178029,1.753339,48.323285,0.0,21.203272,33.716275,16.824845,12.112947,22.801208,11.393128,12.855664,37.538963
4.213824,5.158029,29.027552,2.162427,0.0,7.394739,1.119891,16.665243,2.480195,0.0,2.730995,1.445525
0.026667,9.377005,57.839784,11.14496,2.076789,0.0,1.932387,20.082347,12.71184,0.420947,5.611499,23.856277
0.026667,1.009035,18.451093,5.326949,3.175331,9.011989,0.0,5.924464,4.245501,0.162283,1.184813,7.420056
0.509379,5.372645,67.623549,34.367459,14.687893,14.196168,3.344363,0.0,57.246075,4.016224,20.431133,91.371504
0.437589,13.527832,48.716037,28.295469,14.086365,19.515968,7.157304,85.220696,0.0,5.132336,21.675528,123.558056
0.0,3.823232,1.024856,9.396677,0.092437,4.257053,0.0,39.900995,26.772419,0.0,38.220869,0.326389
0.0,6.093688,21.190328,3.64008,3.186131,3.64292,2.078432,21.457216,4.437171,4.398896,0.0,5.357344
0.22528,77.975616,79.537896,54.404197,5.800523,46.871419,10.918053,110.709205,97.201347,6.06452,32.600123,0.0
