1939.383548
0.026667,1,2
0.026667,1,3
0.092725,1,4
0.106933,1,5
0.026667,1,6
0.142715,1,8
0.026667,1,9
0.026667,1,11
0.21716,1,12
0.069725,2,1
4.104275,2,3
4.596747,2,4
3.27588,2,5
11.771419,2,6
0.66616,2,7
16.752811,2,8
2.761411,2,9
0.136312,2,10
3.146499,2,11
37.95216,2,12
0.053333,3,1
6.767768,3,2
9.845957,3,4
5.513069,3,5
40.882488,3,6
9.959848,3,7
37.767216,3,8
8.45352,3,9
0.355045,3,10
5.790096,3,11
15.25628,3,12
0.190741,4,1
4.252592,4,2
69.049971,4,3
20.168771,4,5
29.479149,4,6
25.360496,4,7
23.887496,4,8
18.001645,4,9
29.809163,4,10
11.253947,4,11
38.739517,4,12
3.089357,5,1
1.177147,5,2
9.297851,5,3
1.639139,5,4
3.091384,5,6
2.409011,5,7
3.691557,5,8
3.312288,5,9
0.026667,5,10
2.183749,5,11
2.409624,5,12
0.053333,6,1
7.805333,6,2
39.046923,6,3
7.646899,6,4
24.652733,6,5
3.63672,6,7
15.379691,6,8
35.942309,6,9
0.467976,6,10
5.797597,6,11
7.574656,6,12
0.794989,7,1
9.162251,7,2
11.214288,7,3
8.817549,7,4
3.580507,7,5
17.290443,7,6
5.949349,7,8
1.709552,7,9
2.750059,7,10
4.117331,7,11
9.236707,7,12
0.717827,8,1
19.288341,8,2
47.622325,8,3
9.269523,8,4
5.472349,8,5
22.65724,8,6
11.971592,8,7
40.959629,8,9
20.209608,8,10
18.195773,8,11
28.139835,8,12
0.177896,9,1
17.601925,9,2
17.764664,9,3
28.919437,9,4
9.816357,9,5
44.024149,9,6
4.916984,9,7
59.081211,9,8
1.957576,9,10
10.87168,9,11
79.112595,9,12
0.088341,10,2
1.640544,10,4
3.555101,10,6
0.026667,10,7
32.042304,10,8
0.285675,10,9
37.966133,10,11
0.589331,11,1
11.134651,11,2
32.021235,11,3
3.861573,11,4
3.698701,11,5
11.513309,11,6
2.325157,11,7
12.96228,11,8
8.323339,11,9
3.593163,11,10
12.685459,11,12
0.203213,12,1
114.691029,12,2
69.249139,12,3
65.702261,12,4
24.264483,12,5
40.520741,12,6
17.880755,12,7
38.200909,12,8
116.617736,12,9
1.09956,12,10
22.172899,12,11
succeed
0.0,0.026667,0.026667,0.092725,0.106933,0.026667,0.0,0.142715,0.026667,0.0,0.026667,0.21716
0.069725,0.0,4.104275,4.596747,3.27588,11.771419,0.66616,16.752811,2.761411,0.136312,3.146499,37.95216
0.053333,6.767768,0.0,9.845957,5.513069,40.882488,9.959848,37.767216,8.45352,0.355045,5.790096,15.25628
0.190741,4.252592,69.049971,0.0,20.168771,29.479149,25.360496,23.887496,18.001645,29.809163,11.253947,38.739517
3.089357,1.177147,9.297851,1.639139,0.0,3.091384,2.409011,3.691557,3.312288,0.026667,2.183749,2.409624
0.053333,7.805333,39.046923,7.646899,24.652733,0.0,3.63672,15.379691,35.942309,0.467976,5.797597,7.574656
0.794989,9.162251,11.214288,8.817549,3.580507,17.290443,0.0,5.949349,1.709552,2.750059,4.117331,9.236707
0.717827,19.288341,47.622325,9.269523,5.472349,22.65724,11.971592,0.0,40.959629,20.209608,18.195773,28.139835
0.177896,17.601925,17.764664,28.919437,9.816357,44.024149,4.916984,59.081211,0.0,1.957576,10.87168,79.112595
0.0,0.088341,0.0,1.640544,0.0,3.555101,0.026667,32.042304,0.285675,0.0,37.966133,0.0
0.589331,11.134651,32.021235,3.861573,3.698701,11.513309,2.325157,12.96228,8.323339,3.593163,0.0,12.685459
0.203213,114.691029,69.249139,65.702261,24.264483,40.520741,17.880755,38.200909,116.617736,1.09956,22.172899,0.0
