4348.651637
0.539691,1,2
1.378259,1,3
0.074893,1,4
0.198309,1,5
0.632597,1,6
0.528331,1,7
0.166265,1,8
2.08672,1,9
0.058159,1,10
1.248563,1,11
3.650451,1,12
4.617973,2,1
27.287152,2,3
12.307925,2,4
5.027091,2,5
55.967728,2,6
4.372339,2,7
19.981117,2,8
27.522275,2,9
0.81508,2,10
21.873493,2,11
55.434456,2,12
1.108232,3,1
19.958061,3,2
19.187987,3,4
21.642285,3,5
119.871611,3,6
32.986427,3,7
41.63444,3,8
44.669368,3,9
6.694013,3,10
56.728723,3,11
72.858032,3,12
0.217619,4,1
8.299899,4,2
53.262757,4,3
17.747717,4,5
21.815011,4,6
28.708531,4,7
15.564405,4,8
11.476731,4,9
24.24488,4,10
36.305224,4,11
32.637664,4,12
0.08,5,1
6.12284,5,2
22.165701,5,3
3.956467,5,4
11.665328,5,6
10.794157,5,7
7.228749,5,8
6.916163,5,9
0.325125,5,10
16.475568,5,11
14.763696,5,12
2.859504,6,1
17.221293,6,2
92.74556,6,3
11.880205,6,4
9.367749,6,5
16.421763,6,7
13.359243,6,8
34.701904,6,9
2.711112,6,10
36.081389,6,11
39.7976,6,12
0.57824,7,1
7.350477,7,2
36.097811,7,3
10.907205,7,4
8.3448,7,5
23.669208,7,6
5.140219,7,8
7.576837,7,9
2.284043,7,10
22.975848,7,11
17.842384,7,12
1.443896,8,1
13.56508,8,2
115.46072,8,3
20.809235,8,4
16.581144,8,5
33.381488,8,6
6.819688,8,7
45.736779,8,9
23.950699,8,10
61.662941,8,11
94.161741,8,12
2.017259,9,1
49.174749,9,2
54.833808,9,3
30.049739,9,4
18.530509,9,5
66.085787,9,6
27.638517,9,7
72.392245,9,8
10.895371,9,10
27.440813,9,11
183.5036,9,12
3.713997,10,2
0.119269,10,3
72.517104,10,4
0.181763,10,5
0.627208,10,6
0.221947,10,7
12.748365,10,8
0.084469,10,9
24.61324,10,11
0.163755,10,12
5.775115,11,1
91.631259,11,2
161.9174,11,3
68.563301,11,4
54.279867,11,5
149.494803,11,6
97.963563,11,7
26.440299,11,8
43.757765,11,9
17.645165,11,10
140.116355,11,12
6.383891,12,1
91.674061,12,2
109.197587,12,3
72.556861,12,4
26.619848,12,5
91.739379,12,6
31.669219,12,7
109.608179,12,8
326.667787,12,9
12.92124,12,10
67.105096,12,11
succeed
0.0,0.539691,1.378259,0.074893,0.198309,0.632597,0.528331,0.166265,2.08672,0.058159,1.248563,3.650451
4.617973,0.0,27.287152,12.307925,5.027091,55.967728,4.372339,19.981117,27.522275,0.81508,21.873493,55.434456
1.108232,19.958061,0.0,19.187987,21.642285,119.871611,32.986427,41.63444,44.669368,6.694013,56.728723,72.858032
0.217619,8.299899,53.262757,0.0,17.747717,21.815011,28.708531,15.564405,11.476731,24.24488,36.305224,32.637664
0.08,6.12284,22.165701,3.956467,0.0,11.665328,10.794157,7.228749,6.916163,0.325125,16.475568,14.763696
2.859504,17.221293,92.74556,11.880205,9.367749,0.0,16.421763,13.359243,34.701904,2.711112,36.081389,39.7976
0.57824,7.350477,36.097811,10.907205,8.3448,23.669208,0.0,5.140219,7.576837,2.284043,22.975848,17.842384
1.443896,13.56508,115.46072,20.809235,16.581144,33.381488,6.819688,0.0,45.736779,23.950699,61.662941,94.161741
2.017259,49.174749,54.833808,30.049739,18.530509,66.085787,27.638517,72.392245,0.0,10.895371,27.440813,183.5036
0.0,3.713997,0.119269,72.517104,0.181763,0.627208,0.221947,12.748365,0.084469,0.0,24.61324,0.163755
5.775115,91.631259,161.9174,68.563301,54.279867,149.494803,97.963563,26.440299,43.757765,17.645165,0.0,140.116355
6.383891,91.674061,109.197587,72.556861,26.619848,91.739379,31.669219,109.608179,326.667787,12.92124,67.105096,0.0
