1919.963706
0.056933,1,2
0.153227,1,3
0.319765,1,4
0.054757,1,5
0.056827,1,6
0.063677,1,8
0.150765,1,9
0.165771,1,12
3.458867,2,1
11.147917,2,3
7.078723,2,4
33.563477,2,5
16.762187,2,6
1.047152,2,7
12.393996,2,8
4.864101,2,9
0.041311,2,10
2.906051,2,11
31.146933,2,12
0.053333,3,1
14.764341,3,2
5.316555,3,4
8.391451,3,5
37.97328,3,6
5.880771,3,7
34.537256,3,8
7.52676,3,9
3.581805,3,10
2.764736,3,11
16.850768,3,12
0.156779,4,1
1.419461,4,2
50.632488,4,3
17.438971,4,5
27.996576,4,6
15.155867,4,7
18.880171,4,8
14.424048,4,9
10.455931,4,10
7.969536,4,11
32.465395,4,12
2.401421,5,1
8.155104,5,2
8.977971,5,3
0.842139,5,4
5.394832,5,6
1.509099,5,7
1.913619,5,8
4.971048,5,9
0.437261,5,10
3.086947,5,11
4.675147,5,12
0.192912,6,1
10.333013,6,2
43.217915,6,3
7.809435,6,4
24.325544,6,5
4.780061,6,7
11.877312,6,8
22.546285,6,9
0.446653,6,10
5.358211,6,11
24.659315,6,12
0.031517,7,1
2.488963,7,2
20.297184,7,3
7.975821,7,4
10.088139,7,5
11.125275,7,6
3.735976,7,8
4.627832,7,9
2.296869,7,10
3.152651,7,11
11.460968,7,12
0.10884,8,1
31.910333,8,2
55.366667,8,3
7.588784,8,4
3.932472,8,5
18.47368,8,6
11.271243,8,7
51.353008,8,9
32.134085,8,10
19.335576,8,11
22.897608,8,12
0.609411,9,1
14.873427,9,2
19.403776,9,3
29.419608,9,4
6.759699,9,5
25.321571,9,6
13.873904,9,7
59.595312,9,8
1.669453,9,10
17.186432,9,11
36.742571,9,12
0.026667,10,2
0.053333,10,3
3.336653,10,4
0.22308,10,6
0.053333,10,7
28.667987,10,8
0.152021,10,9
31.195072,10,11
0.288917,10,12
0.075776,11,1
8.817027,11,2
32.273848,11,3
3.997208,11,4
3.338131,11,5
8.088808,11,6
5.223507,11,7
9.614528,11,8
7.201275,11,9
2.715672,11,10
12.916483,11,12
0.105517,12,1
111.239072,12,2
92.936472,12,3
64.062469,12,4
18.875667,12,5
46.102741,12,6
21.848331,12,7
36.553688,12,8
130.899888,12,9
4.180693,12,10
19.811227,12,11
succeed
0.0,0.056933,0.153227,0.319765,0.054757,0.056827,0.0,0.063677,0.150765,0.0,0.0,0.165771
3.458867,0.0,11.147917,7.078723,33.563477,16.762187,1.047152,12.393996,4.864101,0.041311,2.906051,31.146933
0.053333,14.764341,0.0,5.316555,8.391451,37.97328,5.880771,34.537256,7.52676,3.581805,2.764736,16.850768
0.156779,1.419461,50.632488,0.0,17.438971,27.996576,15.155867,18.880171,14.424048,10.455931,7.969536,32.465395
2.401421,8.155104,8.977971,0.842139,0.0,5.394832,1.509099,1.913619,4.971048,0.437261,3.086947,4.675147
0.192912,10.333013,43.217915,7.809435,24.325544,0.0,4.780061,11.877312,22.546285,0.446653,5.358211,24.659315
0.031517,2.488963,20.297184,7.975821,10.088139,11.125275,0.0,3.735976,4.627832,2.296869,3.152651,11.460968
0.10884,31.910333,55.366667,7.588784,3.932472,18.47368,11.271243,0.0,51.353008,32.134085,19.335576,22.897608
0.609411,14.873427,19.403776,29.419608,6.759699,25.321571,13.873904,59.595312,0.0,1.669453,17.186432,36.742571
0.0,0.026667,0.053333,3.336653,0.0,0.22308,0.053333,28.667987,0.152021,0.0,31.195072,0.288917
0.075776,8.817027,32.273848,3.997208,3.338131,8.088808,5.223507,9.614528,7.201275,2.715672,0.0,12.916483
0.105517,111.239072,92.936472,64.062469,18.875667,46.102741,21.848331,36.553688,130.899888,4.180693,19.811227,0.0
