2880.358325
1.675621,1,2
0.059973,1,3
0.060379,1,4
0.190973,1,5
0.363272,1,6
0.748115,1,7
0.779075,1,8
0.114901,1,9
0.026667,1,11
0.499088,1,12
1.523963,2,1
10.818491,2,3
36.743149,2,4
27.779277,2,5
24.931653,2,6
7.894485,2,7
21.983899,2,8
14.759323,2,9
1.798619,2,10
4.273363,2,11
40.101349,2,12
0.576749,3,1
20.547328,3,2
32.429907,3,4
5.958368,3,5
52.889944,3,6
12.992736,3,7
39.509821,3,8
17.283781,3,9
2.170464,3,10
8.070088,3,11
33.915123,3,12
0.174896,4,1
14.309616,4,2
84.175072,4,3
25.199584,4,5
25.604659,4,6
32.0444,4,7
52.666115,4,8
20.403301,4,9
10.465123,4,10
13.357651,4,11
58.878979,4,12
1.272259,5,1
4.234733,5,2
13.948811,5,3
2.645533,5,4
3.821251,5,6
3.443965,5,7
5.929813,5,8
5.337915,5,9
0.168197,5,10
1.81436,5,11
6.35188,5,12
1.312792,6,1
9.438867,6,2
51.098221,6,3
11.701464,6,4
9.322619,6,5
9.0296,6,7
19.284112,6,8
15.17668,6,9
1.878709,6,10
11.284227,6,11
40.994744,6,12
0.026667,7,1
3.74868,7,2
17.551051,7,3
18.176056,7,4
5.024592,7,5
34.557019,7,6
6.415437,7,8
2.506624,7,9
3.174405,7,10
11.691925,7,11
14.704723,7,12
6.162245,8,1
11.252605,8,2
86.614531,8,3
14.964899,8,4
10.594643,8,5
40.955915,8,6
8.793691,8,7
38.977099,8,9
31.035821,8,10
38.999635,8,11
121.630688,8,12
0.746163,9,1
26.128163,9,2
39.91216,9,3
38.473245,9,4
24.259528,9,5
36.125365,9,6
9.544045,9,7
80.956251,9,8
10.13928,9,10
20.416888,9,11
85.580917,9,12
0.327859,10,2
1.126933,10,3
16.71916,10,4
0.189848,10,5
0.33832,10,6
0.026667,10,7
34.629285,10,8
32.826488,10,11
0.508576,10,12
0.529024,11,1
10.209835,11,2
35.237947,11,3
17.836933,11,4
8.148536,11,5
23.249896,11,6
5.685264,11,7
21.548672,11,8
19.56008,11,9
7.768645,11,10
20.815029,11,12
0.772328,12,1
90.312691,12,2
74.618949,12,3
78.192341,12,4
37.233739,12,5
112.079171,12,6
25.476475,12,7
119.496853,12,8
156.551253,12,9
4.080707,12,10
34.179773,12,11
succeed
0.0,1.675621,0.059973,0.060379,0.190973,0.363272,0.748115,0.779075,0.114901,0.0,0.026667,0.499088
1.523963,0.0,10.818491,36.743149,27.779277,24.931653,7.894485,21.983899,14.759323,1.798619,4.273363,40.101349
0.576749,20.547328,0.0,32.429907,5.958368,52.889944,12.992736,39.509821,17.283781,2.170464,8.070088,33.915123
0.174896,14.309616,84.175072,0.0,25.199584,25.604659,32.0444,52.666115,20.403301,10.465123,13.357651,58.878979
1.272259,4.234733,13.948811,2.645533,0.0,3.821251,3.443965,5.929813,5.337915,0.168197,1.81436,6.35188
1.312792,9.438867,51.098221,11.701464,9.322619,0.0,9.0296,19.284112,15.17668,1.878709,11.284227,40.994744
0.026667,3.74868,17.551051,18.176056,5.024592,34.557019,0.0,6.415437,2.506624,3.174405,11.691925,14.704723
6.162245,11.252605,86.614531,14.964899,10.594643,40.955915,8.793691,0.0,38.977099,31.035821,38.999635,121.630688
0.746163,26.128163,39.91216,38.473245,24.259528,36.125365,9.544045,80.956251,0.0,10.13928,20.416888,85.580917
0.0,0.327859,1.126933,16.71916,0.189848,0.33832,0.026667,34.629285,0.0,0.0,32.826488,0.508576
0.529024,10.209835,35.237947,17.836933,8.148536,23.249896,5.685264,21.548672,19.56008,7.768645,0.0,20.815029
0.772328,90.312691,74.618949,78.192341,37.233739,112.079171,25.476475,119.496853,156.551253,4.080707,34.179773,0.0
