2647.986217
0.16,1,2
0.251984,1,3
0.885176,1,5
0.526475,1,6
0.0846,1,7
0.334229,1,9
0.799227,1,12
12.628885,2,3
0.167909,2,4
32.279243,2,5
19.292176,2,6
2.069731,2,7
0.053333,2,8
11.363173,2,9
0.026667,2,10
1.348472,2,11
38.849395,2,12
40.248392,3,2
22.07344,3,4
122.065525,3,5
54.307613,3,6
10.332664,3,7
0.869483,3,8
21.758765,3,9
0.043763,3,10
0.401365,3,11
23.238403,3,12
5.555709,4,2
55.628581,4,3
29.607,4,5
25.633893,4,6
12.012131,4,7
13.175816,4,9
8.700691,4,10
2.049955,4,11
49.915064,4,12
36.915275,5,2
2.184208,5,3
0.058899,5,6
0.026667,5,7
2.158205,5,9
0.152475,5,11
86.721947,5,12
16.709371,6,2
129.676083,6,3
6.455893,6,4
46.628405,6,5
5.942067,6,7
0.053333,6,8
40.614453,6,9
0.234805,6,10
0.850424,6,11
32.751613,6,12
4.116072,7,2
23.192344,7,3
5.184752,7,4
13.770171,7,5
9.449163,7,6
0.026667,7,8
5.126904,7,9
0.118789,7,11
17.638531,7,12
20.191664,8,2
13.773717,8,3
25.189715,8,4
140.14576,8,5
0.155413,8,6
0.165411,8,7
50.057776,8,9
8.123288,8,10
22.457533,8,11
83.048597,8,12
27.971069,9,2
57.533173,9,3
31.193643,9,4
71.065627,9,5
51.60804,9,6
13.693715,9,7
0.786325,9,8
0.026667,9,10
1.925328,9,11
98.228152,9,12
0.381525,10,2
0.317515,10,3
1.730059,10,4
3.01936,10,5
0.113453,10,7
47.869184,10,8
2.856157,10,9
49.489504,10,11
2.100301,10,12
7.711595,11,2
2.163525,11,3
10.918936,11,4
25.013149,11,5
0.026667,11,6
3.624992,11,7
30.789792,11,8
9.394504,11,9
3.272493,11,10
10.568931,11,12
82.708331,12,2
66.125237,12,3
9.975843,12,4
211.579136,12,5
65.337907,12,6
13.293976,12,7
0.137288,12,8
158.802501,12,9
0.028344,12,10
5.798955,12,11
succeed
0.0,0.16,0.251984,0.0,0.885176,0.526475,0.0846,0.0,0.334229,0.0,0.0,0.799227
0.0,0.0,12.628885,0.167909,32.279243,19.292176,2.069731,0.053333,11.363173,0.026667,1.348472,38.849395
0.0,40.248392,0.0,22.07344,122.065525,54.307613,10.332664,0.869483,21.758765,0.043763,0.401365,23.238403
0.0,5.555709,55.628581,0.0,29.607,25.633893,12.012131,0.0,13.175816,8.700691,2.049955,49.915064
0.0,36.915275,2.184208,0.0,0.0,0.058899,0.026667,0.0,2.158205,0.0,0.152475,86.721947
0.0,16.709371,129.676083,6.455893,46.628405,0.0,5.942067,0.053333,40.614453,0.234805,0.850424,32.751613
0.0,4.116072,23.192344,5.184752,13.770171,9.449163,0.0,0.026667,5.126904,0.0,0.118789,17.638531
0.0,20.191664,13.773717,25.189715,140.14576,0.155413,0.165411,0.0,50.057776,8.123288,22.457533,83.048597
0.0,27.971069,57.533173,31.193643,71.065627,51.60804,13.693715,0.786325,0.0,0.026667,1.925328,98.228152
0.0,0.381525,0.317515,1.730059,3.01936,0.0,0.113453,47.869184,2.856157,0.0,49.489504,2.100301
0.0,7.711595,2.163525,10.918936,25.013149,0.026667,3.624992,30.789792,9.394504,3.272493,0.0,10.568931
0.0,82.708331,66.125237,9.975843,211.579136,65.337907,13.293976,0.137288,158.802501,0.028344,5.798955,0.0
