2194.01896
0.026667,1,2
0.300128,1,3
0.072656,1,5
0.035139,1,7
0.093728,1,8
0.157059,1,9
0.026667,1,11
0.649723,1,12
0.059731,2,1
12.138909,2,3
4.956149,2,4
0.927312,2,5
12.831867,2,6
4.034763,2,7
8.785565,2,8
7.748643,2,9
0.053333,2,10
3.370653,2,11
23.844256,2,12
1.515213,3,1
17.000597,3,2
13.192696,3,4
12.465373,3,5
58.339403,3,6
14.250432,3,7
45.857389,3,8
17.816307,3,9
0.933293,3,10
6.021832,3,11
31.508149,3,12
0.10592,4,1
5.480723,4,2
83.574899,4,3
23.752123,4,5
27.783056,4,6
23.245027,4,7
32.491819,4,8
26.035408,4,9
19.034659,4,10
13.319579,4,11
50.951387,4,12
0.054349,5,1
6.659203,5,2
6.669291,5,3
1.091955,5,4
1.067944,5,6
0.942339,5,7
9.17824,5,8
13.707755,5,9
0.10816,5,10
1.013741,5,11
5.064755,5,12
0.028469,6,1
12.435813,6,2
55.188269,6,3
8.75756,6,4
23.63252,6,5
2.323883,6,7
19.36592,6,8
10.562613,6,9
0.443437,6,10
16.84608,6,11
13.527584,6,12
0.048213,7,1
4.159957,7,2
11.018939,7,3
11.479736,7,4
5.991275,7,5
17.011501,7,6
7.783885,7,8
5.289128,7,9
3.625845,7,10
4.242157,7,11
13.913341,7,12
0.182717,8,1
13.603291,8,2
56.259349,8,3
20.8084,8,4
14.669837,8,5
11.733864,8,6
4.357459,8,7
71.128296,8,9
26.6686,8,10
26.812277,8,11
22.029032,8,12
0.435776,9,1
15.537264,9,2
23.955501,9,3
29.473587,9,4
12.025144,9,5
34.518072,9,6
10.297293,9,7
74.329677,9,8
1.984541,9,10
27.941979,9,11
51.427525,9,12
0.599925,10,2
0.053333,10,3
2.031091,10,4
0.230608,10,6
36.695259,10,8
0.269867,10,9
36.048752,10,11
0.139821,11,1
9.88888,11,2
35.027232,11,3
2.971093,11,4
2.532389,11,5
5.285848,11,6
1.538509,11,7
14.504995,11,8
8.67092,11,9
9.893443,11,10
12.694176,11,12
0.078048,12,1
76.609907,12,2
81.557451,12,3
51.837507,12,4
31.525669,12,5
42.43588,12,6
12.061723,12,7
86.232616,12,8
143.76764,12,9
8.785563,12,10
31.849245,12,11
succeed
0.0,0.026667,0.300128,0.0,0.072656,0.0,0.035139,0.093728,0.157059,0.0,0.026667,0.649723
0.059731,0.0,12.138909,4.956149,0.927312,12.831867,4.034763,8.785565,7.748643,0.053333,3.370653,23.844256
1.515213,17.000597,0.0,13.192696,12.465373,58.339403,14.250432,45.857389,17.816307,0.933293,6.021832,31.508149
0.10592,5.480723,83.574899,0.0,23.752123,27.783056,23.245027,32.491819,26.035408,19.034659,13.319579,50.951387
0.054349,6.659203,6.669291,1.091955,0.0,1.067944,0.942339,9.17824,13.707755,0.10816,1.013741,5.064755
0.028469,12.435813,55.188269,8.75756,23.63252,0.0,2.323883,19.36592,10.562613,0.443437,16.84608,13.527584
0.048213,4.159957,11.018939,11.479736,5.991275,17.011501,0.0,7.783885,5.289128,3.625845,4.242157,13.913341
0.182717,13.603291,56.259349,20.8084,14.669837,11.733864,4.357459,0.0,71.128296,26.6686,26.812277,22.029032
0.435776,15.537264,23.955501,29.473587,12.025144,34.518072,10.297293,74.329677,0.0,1.984541,27.941979,51.427525
0.0,0.599925,0.053333,2.031091,0.0,0.230608,0.0,36.695259,0.269867,0.0,36.048752,0.0
0.139821,9.88888,35.027232,2.971093,2.532389,5.285848,1.538509,14.504995,8.67092,9.893443,0.0,12.694176
0.078048,76.609907,81.557451,51.837507,31.525669,42.43588,12.061723,86.232616,143.76764,8.785563,31.849245,0.0
