3280.315945
0.467171,1,2
0.560104,1,3
1.307899,1,5
0.3544,1,6
1.267629,1,7
0.026667,1,8
0.471197,1,9
0.730165,1,12
20.919635,2,3
0.100843,2,4
42.262192,2,5
28.535176,2,6
10.144816,2,7
0.030528,2,8
11.207171,2,9
0.026667,2,10
1.104653,2,11
51.300824,2,12
103.997283,3,2
27.699059,3,4
129.100637,3,5
77.331475,3,6
13.233347,3,7
0.088523,3,8
33.280864,3,9
0.062795,3,10
0.68244,3,11
51.919315,3,12
11.512984,4,2
61.529605,4,3
44.503973,4,5
29.682157,4,6
15.2086,4,7
0.051901,4,8
17.193067,4,9
11.458992,4,10
0.412091,4,11
49.837464,4,12
40.106832,5,2
2.193789,5,3
0.035725,5,4
0.026667,5,6
0.026667,5,8
7.390021,5,9
0.026667,5,11
104.834245,5,12
23.409131,6,2
107.851808,6,3
12.814131,6,4
64.605691,6,5
11.960997,6,7
0.296155,6,8
82.05152,6,9
0.124621,6,10
1.706904,6,11
38.081355,6,12
4.355245,7,2
31.161773,7,3
5.625475,7,4
15.838141,7,5
17.128885,7,6
9.997859,7,9
0.026667,7,10
1.527469,7,11
22.624448,7,12
31.385171,8,2
8.663163,8,3
24.429301,8,4
157.045997,8,5
0.274611,8,6
0.426219,8,7
81.519749,8,9
12.1262,8,10
21.532976,8,11
97.190611,8,12
46.648893,9,2
102.554267,9,3
35.95468,9,4
122.188528,9,5
73.048917,9,6
18.861875,9,7
0.078912,9,8
0.053333,9,10
4.729141,9,11
119.638213,9,12
0.572624,10,2
7.116701,10,3
3.056755,10,4
2.163267,10,5
0.113635,10,7
44.621861,10,8
3.451285,10,9
40.119507,10,11
0.873045,10,12
11.42904,11,2
0.509107,11,3
5.976531,11,4
27.771493,11,5
0.081344,11,6
4.440971,11,7
35.581832,11,8
11.367141,11,9
3.300349,11,10
10.877373,11,12
88.360157,12,2
84.286899,12,3
10.599792,12,4
207.967893,12,5
60.466949,12,6
30.344264,12,7
0.106667,12,8
152.026989,12,9
4.324896,12,10
14.623624,12,11
succeed
0.0,0.467171,0.560104,0.0,1.307899,0.3544,1.267629,0.026667,0.471197,0.0,0.0,0.730165
0.0,0.0,20.919635,0.100843,42.262192,28.535176,10.144816,0.030528,11.207171,0.026667,1.104653,51.300824
0.0,103.997283,0.0,27.699059,129.100637,77.331475,13.233347,0.088523,33.280864,0.062795,0.68244,51.919315
0.0,11.512984,61.529605,0.0,44.503973,29.682157,15.2086,0.051901,17.193067,11.458992,0.412091,49.837464
0.0,40.106832,2.193789,0.035725,0.0,0.026667,0.0,0.026667,7.390021,0.0,0.026667,104.834245
0.0,23.409131,107.851808,12.814131,64.605691,0.0,11.960997,0.296155,82.05152,0.124621,1.706904,38.081355
0.0,4.355245,31.161773,5.625475,15.838141,17.128885,0.0,0.0,9.997859,0.026667,1.527469,22.624448
0.0,31.385171,8.663163,24.429301,157.045997,0.274611,0.426219,0.0,81.519749,12.1262,21.532976,97.190611
0.0,46.648893,102.554267,35.95468,122.188528,73.048917,18.861875,0.078912,0.0,0.053333,4.729141,119.638213
0.0,0.572624,7.116701,3.056755,2.163267,0.0,0.113635,44.621861,3.451285,0.0,40.119507,0.873045
0.0,11.42904,0.509107,5.976531,27.771493,0.081344,4.440971,35.581832,11.367141,3.300349,0.0,10.877373
0.0,88.360157,84.286899,10.599792,207.967893,60.466949,30.344264,0.106667,152.026989,4.324896,14.623624,0.0
