3283.898609
0.404448,1,2
0.324731,1,5
0.133915,1,6
0.398307,1,8
0.026667,1,9
0.026667,1,10
1.620896,1,12
0.297875,2,1
4.118421,2,3
0.124195,2,4
10.480528,2,5
23.514595,2,6
0.072307,2,7
20.475672,2,8
0.880168,2,9
2.408176,2,10
0.147515,2,11
195.343517,2,12
0.417171,3,1
20.895197,3,2
0.561373,3,4
38.733645,3,5
77.933491,3,6
19.809403,3,7
75.008539,3,8
23.342589,3,9
4.856208,3,10
0.353248,3,11
114.676837,3,12
10.523789,4,2
74.354213,4,3
25.319691,4,5
31.200973,4,6
46.483309,4,7
37.617421,4,8
28.216976,4,9
18.127195,4,10
16.979227,4,11
53.984587,4,12
4.080613,5,1
4.566565,5,2
37.349408,5,3
3.547893,5,4
12.548517,5,6
5.522587,5,7
8.484579,5,8
0.289317,5,9
0.243475,5,10
0.511296,5,11
19.900488,5,12
0.535803,6,1
27.327317,6,2
112.69812,6,3
23.168875,6,4
7.273531,6,5
15.247587,6,7
61.430032,6,8
67.2076,6,9
4.484093,6,10
1.543205,6,11
53.606411,6,12
0.640349,7,1
4.474885,7,2
34.921707,7,3
9.342109,7,4
3.694915,7,5
15.252379,7,6
6.675669,7,8
9.079296,7,9
1.593277,7,10
0.680464,7,11
14.507187,7,12
1.234432,8,1
33.868509,8,2
134.136048,8,3
22.704181,8,4
22.287675,8,5
40.059736,8,6
14.226357,8,7
87.618531,8,9
15.563912,8,10
25.420941,8,11
119.740461,8,12
0.961891,9,1
49.565123,9,2
4.2644,9,3
0.727792,9,4
18.186008,9,5
2.390693,9,6
0.534157,9,7
98.554987,9,8
14.493899,9,10
0.781157,9,11
344.5928,9,12
11.640824,10,2
4.696464,10,3
9.67016,10,4
0.327363,10,5
0.871528,10,6
2.376624,10,7
46.753163,10,8
1.716299,10,9
45.370757,10,11
0.604373,10,12
0.027424,11,1
22.514909,11,2
28.736445,11,3
4.771771,11,4
7.488392,11,5
12.524296,11,6
11.251163,11,7
35.014395,11,8
14.860632,11,9
12.667224,11,10
21.978699,11,12
0.329789,12,1
147.158797,12,2
12.806184,12,3
0.839256,12,4
43.601757,12,5
2.492621,12,6
0.694573,12,7
150.983739,12,8
12.581445,12,9
10.451443,12,10
1.559179,12,11
succeed
0.0,0.404448,0.0,0.0,0.324731,0.133915,0.0,0.398307,0.026667,0.026667,0.0,1.620896
0.297875,0.0,4.118421,0.124195,10.480528,23.514595,0.072307,20.475672,0.880168,2.408176,0.147515,195.343517
0.417171,20.895197,0.0,0.561373,38.733645,77.933491,19.809403,75.008539,23.342589,4.856208,0.353248,114.676837
0.0,10.523789,74.354213,0.0,25.319691,31.200973,46.483309,37.617421,28.216976,18.127195,16.979227,53.984587
4.080613,4.566565,37.349408,3.547893,0.0,12.548517,5.522587,8.484579,0.289317,0.243475,0.511296,19.900488
0.535803,27.327317,112.69812,23.168875,7.273531,0.0,15.247587,61.430032,67.2076,4.484093,1.543205,53.606411
0.640349,4.474885,34.921707,9.342109,3.694915,15.252379,0.0,6.675669,9.079296,1.593277,0.680464,14.507187
1.234432,33.868509,134.136048,22.704181,22.287675,40.059736,14.226357,0.0,87.618531,15.563912,25.420941,119.740461
0.961891,49.565123,4.2644,0.727792,18.186008,2.390693,0.534157,98.554987,0.0,14.493899,0.781157,344.5928
0.0,11.640824,4.696464,9.67016,0.327363,0.871528,2.376624,46.753163,1.716299,0.0,45.370757,0.604373
0.027424,22.514909,28.736445,4.771771,7.488392,12.524296,11.251163,35.014395,14.860632,12.667224,0.0,21.978699
0.329789,147.158797,12.806184,0.839256,43.601757,2.492621,0.694573,150.983739,12.581445,10.451443,1.559179,0.0
