7338.05651
0.142605,1,3
0.040957,1,5
0.106667,1,8
0.026667,1,9
0.150997,1,11
1.061227,1,12
0.098067,2,1
9.759912,2,3
4.545675,2,4
4.358413,2,5
15.823251,2,6
0.358064,2,7
17.347461,2,8
4.097109,2,9
0.097096,2,10
3.133872,2,11
43.364581,2,12
0.435221,3,1
3.868235,3,2
17.965075,3,4
8.824475,3,5
19.2488,3,6
6.966957,3,7
5193.746667,3,8
108.936651,3,9
0.926011,3,10
5.769355,3,11
38.975848,3,12
0.116685,4,1
4.510136,4,2
24.115771,4,3
18.230403,4,5
22.182163,4,6
13.696461,4,7
9.037589,4,8
44.494859,4,9
8.250365,4,10
6.970437,4,11
47.453005,4,12
0.026667,5,1
1.093411,5,2
5.236312,5,3
0.799752,5,4
7.343531,5,6
1.12708,5,7
22.890515,5,8
2.824035,5,9
0.026667,5,10
4.586035,5,11
8.996861,5,12
15.240261,6,2
24.008805,6,3
4.571667,6,4
1.136499,6,5
2.245376,6,7
34.0954,6,8
59.380429,6,9
0.277339,6,10
6.086035,6,11
15.384197,6,12
0.026667,7,1
1.265539,7,2
8.042221,7,3
3.774229,7,4
2.255245,7,5
7.040832,7,6
6.031984,7,8
12.292557,7,9
0.120491,7,10
0.59452,7,11
11.203637,7,12
0.540741,8,1
9.406779,8,2
42.732917,8,3
7.61556,8,4
6.389965,8,5
14.914981,8,6
3.720715,8,7
73.338291,8,9
6.446093,8,10
25.652789,8,11
81.933315,8,12
0.222051,9,1
16.519523,9,2
43.746677,9,3
29.676472,9,4
8.677672,9,5
18.098315,9,6
8.428987,9,7
99.901269,9,8
4.540619,9,10
29.812515,9,11
53.495712,9,12
0.08,10,2
0.026667,10,3
16.233672,10,4
0.053333,10,5
0.131589,10,6
29.136085,10,8
1.720691,10,9
38.234128,10,11
0.026667,10,12
0.026667,11,1
5.509741,11,2
5.751667,11,3
3.532403,11,4
1.257971,11,5
4.694384,11,6
2.053203,11,7
25.059739,11,8
18.099611,11,9
2.289437,11,10
4.124528,11,12
0.053333,12,1
74.361547,12,2
73.424323,12,3
80.741872,12,4
42.010755,12,5
45.712576,12,6
30.325099,12,7
114.255224,12,8
117.926128,12,9
7.496939,12,10
28.635987,12,11
succeed
0.0,0.0,0.142605,0.0,0.040957,0.0,0.0,0.106667,0.026667,0.0,0.150997,1.061227
0.098067,0.0,9.759912,4.545675,4.358413,15.823251,0.358064,17.347461,4.097109,0.097096,3.133872,43.364581
0.435221,3.868235,0.0,17.965075,8.824475,19.2488,6.966957,5193.746667,108.936651,0.926011,5.769355,38.975848
0.116685,4.510136,24.115771,0.0,18.230403,22.182163,13.696461,9.037589,44.494859,8.250365,6.970437,47.453005
0.026667,1.093411,5.236312,0.799752,0.0,7.343531,1.12708,22.890515,2.824035,0.026667,4.586035,8.996861
0.0,15.240261,24.008805,4.571667,1.136499,0.0,2.245376,34.0954,59.380429,0.277339,6.086035,15.384197
0.026667,1.265539,8.042221,3.774229,2.255245,7.040832,0.0,6.031984,12.292557,0.120491,0.59452,11.203637
0.540741,9.406779,42.732917,7.61556,6.389965,14.914981,3.720715,0.0,73.338291,6.446093,25.652789,81.933315
0.222051,16.519523,43.746677,29.676472,8.677672,18.098315,8.428987,99.901269,0.0,4.540619,29.812515,53.495712
0.0,0.08,0.026667,16.233672,0.053333,0.131589,0.0,29.136085,1.720691,0.0,38.234128,0.026667
0.026667,5.509741,5.751667,3.532403,1.257971,4.694384,2.053203,25.059739,18.099611,2.289437,0.0,4.124528
0.053333,74.361547,73.424323,80.741872,42.010755,45.712576,30.325099,114.255224,117.926128,7.496939,28.635987,0.0
