3653.158985
0.161808,1,2
1.346784,1,3
2.673256,1,5
0.227208,1,6
0.225547,1,7
0.489963,1,9
0.519787,1,12
24.868781,2,3
0.09312,2,4
47.646235,2,5
33.238472,2,6
19.314909,2,7
0.056,2,8
16.852784,2,9
0.026667,2,10
0.671939,2,11
46.345173,2,12
34.945048,3,2
27.53808,3,4
131.23768,3,5
81.001232,3,6
21.622435,3,7
0.640197,3,8
46.070229,3,9
0.026667,3,10
1.313968,3,11
45.55292,3,12
7.89964,4,2
55.11448,4,3
55.936608,4,5
31.057624,4,6
19.383845,4,7
3.05588,4,8
17.577272,4,9
14.851021,4,10
1.790493,4,11
41.581603,4,12
39.799557,5,2
1.313733,5,3
0.026667,5,6
0.216059,5,7
11.819957,5,9
0.026667,5,10
0.261947,5,11
160.152795,5,12
20.572675,6,2
113.272637,6,3
21.619893,6,4
89.010152,6,5
21.65152,6,7
0.25176,6,8
67.409088,6,9
0.220328,6,10
1.45692,6,11
25.738949,6,12
9.952061,7,2
29.844787,7,3
8.360445,7,4
15.15144,7,5
19.299675,7,6
12.870755,7,9
0.026667,7,10
0.132203,7,11
15.553387,7,12
30.67392,8,2
16.873195,8,3
28.111184,8,4
158.927291,8,5
0.233736,8,6
75.883107,8,9
23.461952,8,10
24.123869,8,11
126.173909,8,12
50.331643,9,2
98.988429,9,3
39.736731,9,4
165.143907,9,5
88.424216,9,6
27.371835,9,7
0.309371,9,8
0.20112,9,10
4.204997,9,11
110.591227,9,12
0.251323,10,2
0.115035,10,3
11.625035,10,4
5.085107,10,5
0.026667,10,6
0.170336,10,7
42.240995,10,8
13.295467,10,9
48.77688,10,11
2.194075,10,12
13.247888,11,2
3.147965,11,3
7.719749,11,4
50.322125,11,5
5.826763,11,7
33.530907,11,8
19.072851,11,9
5.784101,11,10
17.029093,11,12
138.572731,12,2
102.884019,12,3
0.026667,12,4
235.640667,12,5
63.487456,12,6
39.678109,12,7
0.293016,12,8
195.307221,12,9
0.200856,12,10
8.872163,12,11
succeed
0.0,0.161808,1.346784,0.0,2.673256,0.227208,0.225547,0.0,0.489963,0.0,0.0,0.519787
0.0,0.0,24.868781,0.09312,47.646235,33.238472,19.314909,0.056,16.852784,0.026667,0.671939,46.345173
0.0,34.945048,0.0,27.53808,131.23768,81.001232,21.622435,0.640197,46.070229,0.026667,1.313968,45.55292
0.0,7.89964,55.11448,0.0,55.936608,31.057624,19.383845,3.05588,17.577272,14.851021,1.790493,41.581603
0.0,39.799557,1.313733,0.0,0.0,0.026667,0.216059,0.0,11.819957,0.026667,0.261947,160.152795
0.0,20.572675,113.272637,21.619893,89.010152,0.0,21.65152,0.25176,67.409088,0.220328,1.45692,25.738949
0.0,9.952061,29.844787,8.360445,15.15144,19.299675,0.0,0.0,12.870755,0.026667,0.132203,15.553387
0.0,30.67392,16.873195,28.111184,158.927291,0.233736,0.0,0.0,75.883107,23.461952,24.123869,126.173909
0.0,50.331643,98.988429,39.736731,165.143907,88.424216,27.371835,0.309371,0.0,0.20112,4.204997,110.591227
0.0,0.251323,0.115035,11.625035,5.085107,0.026667,0.170336,42.240995,13.295467,0.0,48.77688,2.194075
0.0,13.247888,3.147965,7.719749,50.322125,0.0,5.826763,33.530907,19.072851,5.784101,0.0,17.029093
0.0,138.572731,102.884019,0.026667,235.640667,63.487456,39.678109,0.293016,195.307221,0.200856,8.872163,0.0
