2494.527155
0.160016,1,2
0.125603,1,3
0.026667,1,5
0.026667,1,6
0.051307,1,8
3.245837,1,9
0.133333,1,11
0.470421,1,12
0.128717,2,1
12.181491,2,3
12.836467,2,4
1.614848,2,5
19.337651,2,6
8.181907,2,7
25.610563,2,8
11.115413,2,9
0.313136,2,10
6.39856,2,11
37.287941,2,12
1.029056,3,1
16.830589,3,2
3.44584,3,4
2.587707,3,5
18.032453,3,6
4.802816,3,7
27.645501,3,8
14.997464,3,9
3.412483,3,10
3.863301,3,11
4.190616,3,12
0.174355,4,1
6.754056,4,2
45.874771,4,3
26.063912,4,5
25.763984,4,6
25.310032,4,7
34.288083,4,8
26.918963,4,9
23.494808,4,10
14.141056,4,11
41.640488,4,12
1.56832,5,1
3.878571,5,2
6.177869,5,3
2.391587,5,4
2.681432,5,6
1.1476,5,7
4.007461,5,8
5.260939,5,9
0.456549,5,10
1.680392,5,11
7.405515,5,12
0.329816,6,1
15.189261,6,2
116.589475,6,3
10.788891,6,4
4.184245,6,5
4.377773,6,7
28.43708,6,8
29.429773,6,9
2.90148,6,10
20.196224,6,11
14.535027,6,12
0.053333,7,1
4.095672,7,2
16.548645,7,3
12.117003,7,4
5.012496,7,5
15.575797,7,6
5.222549,7,8
1.741864,7,9
2.974816,7,10
3.569656,7,11
13.029776,7,12
0.192395,8,1
31.004749,8,2
69.955093,8,3
30.976707,8,4
16.946384,8,5
22.593035,8,6
7.074789,8,7
44.680904,8,9
28.690429,8,10
33.986928,8,11
109.098643,8,12
0.609963,9,1
28.301909,9,2
8.316923,9,3
33.54268,9,4
14.870149,9,5
25.069387,9,6
14.531701,9,7
73.018155,9,8
7.670891,9,10
31.376752,9,11
79.28088,9,12
0.958024,10,2
0.106667,10,3
19.7126,10,4
0.403723,10,6
0.026667,10,7
43.284979,10,8
4.348707,10,9
43.986944,10,11
1.478845,10,12
0.06776,11,1
18.306528,11,2
23.345408,11,3
5.637101,11,4
5.404931,11,5
11.414315,11,6
5.866568,11,7
21.190664,11,8
13.246301,11,9
7.986533,11,10
14.676096,11,12
0.203824,12,1
143.607936,12,2
47.80892,12,3
71.196843,12,4
20.7406,12,5
55.023419,12,6
25.997275,12,7
107.648608,12,8
150.761499,12,9
9.481909,12,10
34.751749,12,11
succeed
0.0,0.160016,0.125603,0.0,0.026667,0.026667,0.0,0.051307,3.245837,0.0,0.133333,0.470421
0.128717,0.0,12.181491,12.836467,1.614848,19.337651,8.181907,25.610563,11.115413,0.313136,6.39856,37.287941
1.029056,16.830589,0.0,3.44584,2.587707,18.032453,4.802816,27.645501,14.997464,3.412483,3.863301,4.190616
0.174355,6.754056,45.874771,0.0,26.063912,25.763984,25.310032,34.288083,26.918963,23.494808,14.141056,41.640488
1.56832,3.878571,6.177869,2.391587,0.0,2.681432,1.1476,4.007461,5.260939,0.456549,1.680392,7.405515
0.329816,15.189261,116.589475,10.788891,4.184245,0.0,4.377773,28.43708,29.429773,2.90148,20.196224,14.535027
0.053333,4.095672,16.548645,12.117003,5.012496,15.575797,0.0,5.222549,1.741864,2.974816,3.569656,13.029776
0.192395,31.004749,69.955093,30.976707,16.946384,22.593035,7.074789,0.0,44.680904,28.690429,33.986928,109.098643
0.609963,28.301909,8.316923,33.54268,14.870149,25.069387,14.531701,73.018155,0.0,7.670891,31.376752,79.28088
0.0,0.958024,0.106667,19.7126,0.0,0.403723,0.026667,43.284979,4.348707,0.0,43.986944,1.478845
0.06776,18.306528,23.345408,5.637101,5.404931,11.414315,5.866568,21.190664,13.246301,7.986533,0.0,14.676096
0.203824,143.607936,47.80892,71.196843,20.7406,55.023419,25.997275,107.648608,150.761499,9.481909,34.751749,0.0
