2354.641337
0.64404,1,2
0.111808,1,3
0.159907,1,5
0.495485,1,6
0.113557,1,7
0.106667,1,8
1.093581,1,9
0.578771,1,11
1.669968,1,12
1.353163,2,1
10.093581,2,3
3.028347,2,4
20.263712,2,5
15.627821,2,6
4.483523,2,7
28.433213,2,8
5.591696,2,9
0.310365,2,10
11.322256,2,11
46.064643,2,12
0.520867,3,1
15.425696,3,2
11.961712,3,4
10.657981,3,5
32.75808,3,6
18.274093,3,7
42.234352,3,8
10.545808,3,9
1.750544,3,10
13.129856,3,11
19.193373,3,12
0.179899,4,1
2.657797,4,2
49.431376,4,3
15.946448,4,5
18.368552,4,6
28.232037,4,7
46.685376,4,8
12.491757,4,9
14.505976,4,10
18.561501,4,11
23.883299,4,12
2.569032,5,1
2.974581,5,2
16.580315,5,3
2.005699,5,4
2.660517,5,6
8.56828,5,7
8.099419,5,8
5.082328,5,9
3.725563,5,11
2.582619,5,12
15.104616,6,2
68.070928,6,3
4.831605,6,4
2.134261,6,5
2.827893,6,7
17.184197,6,8
4.783357,6,9
1.217027,6,10
36.491432,6,11
14.60276,6,12
0.161357,7,1
3.326632,7,2
30.508837,7,3
10.482357,7,4
4.802883,7,5
9.703613,7,6
2.610872,7,8
3.484707,7,9
2.00312,7,10
5.130435,7,11
5.791627,7,12
0.286547,8,1
40.054387,8,2
304.537307,8,3
10.171277,8,4
2.815011,8,5
6.533715,8,6
5.873805,8,7
32.384688,8,9
16.888787,8,10
47.994827,8,11
40.369973,8,12
1.584363,9,1
15.364293,9,2
38.757501,9,3
17.768248,9,4
3.796333,9,5
17.567477,9,6
8.784109,9,7
45.059664,9,8
5.362685,9,10
18.744373,9,11
63.774629,9,12
0.026667,10,2
0.131019,10,3
6.413899,10,4
0.026667,10,5
0.344856,10,6
8.245835,10,8
0.080237,10,9
20.659875,10,11
0.100323,10,12
0.209869,11,1
19.22708,11,2
38.468381,11,3
6.149349,11,4
4.51256,11,5
15.776128,11,6
21.749029,11,7
30.936443,11,8
11.409328,11,9
2.462667,11,10
25.89648,11,12
0.814627,12,1
83.965645,12,2
88.694213,12,3
69.601261,12,4
20.892371,12,5
28.219917,12,6
18.381347,12,7
49.394208,12,8
136.947768,12,9
1.804293,12,10
39.579643,12,11
succeed
0.0,0.64404,0.111808,0.0,0.159907,0.495485,0.113557,0.106667,1.093581,0.0,0.578771,1.669968
1.353163,0.0,10.093581,3.028347,20.263712,15.627821,4.483523,28.433213,5.591696,0.310365,11.322256,46.064643
0.520867,15.425696,0.0,11.961712,10.657981,32.75808,18.274093,42.234352,10.545808,1.750544,13.129856,19.193373
0.179899,2.657797,49.431376,0.0,15.946448,18.368552,28.232037,46.685376,12.491757,14.505976,18.561501,23.883299
2.569032,2.974581,16.580315,2.005699,0.0,2.660517,8.56828,8.099419,5.082328,0.0,3.725563,2.582619
0.0,15.104616,68.070928,4.831605,2.134261,0.0,2.827893,17.184197,4.783357,1.217027,36.491432,14.60276
0.161357,3.326632,30.508837,10.482357,4.802883,9.703613,0.0,2.610872,3.484707,2.00312,5.130435,5.791627
0.286547,40.054387,304.537307,10.171277,2.815011,6.533715,5.873805,0.0,32.384688,16.888787,47.994827,40.369973
1.584363,15.364293,38.757501,17.768248,3.796333,17.567477,8.784109,45.059664,0.0,5.362685,18.744373,63.774629
0.0,0.026667,0.131019,6.413899,0.026667,0.344856,0.0,8.245835,0.080237,0.0,20.659875,0.100323
0.209869,19.22708,38.468381,6.149349,4.51256,15.776128,21.749029,30.936443,11.409328,2.462667,0.0,25.89648
0.814627,83.965645,88.694213,69.601261,20.892371,28.219917,18.381347,49.394208,136.947768,1.804293,39.579643,0.0
