3260.77006
0.187669,1,2
0.14288,1,5
0.106667,1,6
0.463512,1,8
0.013333,1,10
3.222227,1,12
0.203648,2,1
4.160336,2,3
0.662005,2,4
31.346867,2,5
25.415683,2,6
0.139477,2,7
19.080075,2,8
0.191475,2,9
0.520656,2,10
0.363955,2,11
97.940173,2,12
0.422517,3,1
22.395597,3,2
0.310155,3,4
23.840381,3,5
65.994371,3,6
17.820336,3,7
77.422469,3,8
24.5466,3,9
15.258787,3,10
0.556491,3,11
95.986005,3,12
0.16292,4,1
4.932581,4,2
80.223803,4,3
24.127531,4,5
32.962715,4,6
15.854437,4,7
29.933549,4,8
18.902557,4,9
10.720965,4,10
15.957389,4,11
46.512077,4,12
0.93696,5,1
6.171712,5,2
44.482336,5,3
4.675891,5,4
8.809323,5,6
5.193747,5,7
17.813717,5,8
0.848235,5,9
0.517739,5,10
0.220189,5,11
23.181096,5,12
0.135243,6,1
19.332531,6,2
92.767493,6,3
12.753931,6,4
11.394552,6,5
8.65796,6,7
41.287477,6,8
56.633395,6,9
7.675613,6,10
0.513989,6,11
67.619304,6,12
5.77312,7,1
6.41316,7,2
34.582403,7,3
9.542805,7,4
3.18984,7,5
11.982803,7,6
7.279565,7,8
3.922405,7,9
1.451619,7,10
0.228725,7,11
12.405568,7,12
1.702659,8,1
43.399851,8,2
146.804712,8,3
38.127413,8,4
28.035792,8,5
62.712928,8,6
13.066171,8,7
106.805797,8,9
16.266259,8,10
27.3604,8,11
123.127155,8,12
0.571261,9,1
40.766432,9,2
4.182408,9,3
1.066003,9,4
18.097947,9,5
1.527648,9,6
0.308771,9,7
127.214165,9,8
14.576643,9,10
1.252021,9,11
371.02432,9,12
11.520827,10,2
2.067072,10,3
7.379427,10,4
0.741539,10,5
1.192104,10,6
1.602229,10,7
42.668029,10,8
55.544411,10,9
46.261557,10,11
6.212389,10,12
0.192928,11,1
22.119488,11,2
25.106891,11,3
6.560123,11,4
8.732933,11,5
18.302813,11,6
6.803515,11,7
43.504152,11,8
9.782536,11,9
12.465859,11,10
20.800253,11,12
0.850872,12,1
141.481891,12,2
3.375955,12,3
0.936021,12,4
40.929539,12,5
2.152032,12,6
3.163888,12,7
152.912213,12,8
29.513744,12,9
9.10824,12,10
1.388517,12,11
succeed
0.0,0.187669,0.0,0.0,0.14288,0.106667,0.0,0.463512,0.0,0.013333,0.0,3.222227
0.203648,0.0,4.160336,0.662005,31.346867,25.415683,0.139477,19.080075,0.191475,0.520656,0.363955,97.940173
0.422517,22.395597,0.0,0.310155,23.840381,65.994371,17.820336,77.422469,24.5466,15.258787,0.556491,95.986005
0.16292,4.932581,80.223803,0.0,24.127531,32.962715,15.854437,29.933549,18.902557,10.720965,15.957389,46.512077
0.93696,6.171712,44.482336,4.675891,0.0,8.809323,5.193747,17.813717,0.848235,0.517739,0.220189,23.181096
0.135243,19.332531,92.767493,12.753931,11.394552,0.0,8.65796,41.287477,56.633395,7.675613,0.513989,67.619304
5.77312,6.41316,34.582403,9.542805,3.18984,11.982803,0.0,7.279565,3.922405,1.451619,0.228725,12.405568
1.702659,43.399851,146.804712,38.127413,28.035792,62.712928,13.066171,0.0,106.805797,16.266259,27.3604,123.127155
0.571261,40.766432,4.182408,1.066003,18.097947,1.527648,0.308771,127.214165,0.0,14.576643,1.252021,371.02432
0.0,11.520827,2.067072,7.379427,0.741539,1.192104,1.602229,42.668029,55.544411,0.0,46.261557,6.212389
0.192928,22.119488,25.106891,6.560123,8.732933,18.302813,6.803515,43.504152,9.782536,12.465859,0.0,20.800253
0.850872,141.481891,3.375955,0.936021,40.929539,2.152032,3.163888,152.912213,29.513744,9.10824,1.388517,0.0
