4111.358785
0.336101,1,2
0.934157,1,3
0.053333,1,4
0.157661,1,5
0.199101,1,6
0.286709,1,7
1.131608,1,8
0.133333,1,9
0.013333,1,10
0.026667,1,11
0.262165,1,12
2.113888,2,1
26.2912,2,3
8.225883,2,4
59.891979,2,5
25.361744,2,6
5.812992,2,7
32.704469,2,8
24.100963,2,9
0.657997,2,10
3.960379,2,11
63.767605,2,12
0.246029,3,1
42.429589,3,2
43.626221,3,4
16.424843,3,5
64.227653,3,6
29.726213,3,7
89.987765,3,8
22.589261,3,9
6.786776,3,10
21.122213,3,11
40.609952,3,12
0.221363,4,1
19.296504,4,2
58.925027,4,3
26.130781,4,5
59.391008,4,6
26.927195,4,7
34.710565,4,8
39.196037,4,9
12.092371,4,10
35.724595,4,11
49.0264,4,12
0.041731,5,1
13.901904,5,2
15.166435,5,3
2.801136,5,4
3.481376,5,6
3.266339,5,7
11.158251,5,8
7.745461,5,9
0.175923,5,10
5.65304,5,11
11.148736,5,12
0.735232,6,1
20.277315,6,2
120.501091,6,3
20.179256,6,4
13.45944,6,5
11.644787,6,7
40.076045,6,8
40.642741,6,9
6.982739,6,10
23.265637,6,11
92.773016,6,12
0.443632,7,1
5.918325,7,2
25.363136,7,3
20.768021,7,4
5.569976,7,5
31.750757,7,6
10.470133,7,8
11.128464,7,9
0.548525,7,10
4.999605,7,11
31.749576,7,12
4.024165,8,1
59.244493,8,2
155.889557,8,3
22.657397,8,4
25.432459,8,5
64.454443,8,6
18.074349,8,7
127.148179,8,9
19.628123,8,10
54.449376,8,11
123.990248,8,12
0.725957,9,1
76.663173,9,2
83.690301,9,3
60.534315,9,4
27.350373,9,5
96.470611,9,6
20.940376,9,7
131.188299,9,8
13.014605,9,10
35.264664,9,11
113.917712,9,12
0.052045,10,1
0.688461,10,2
7.795765,10,3
7.908963,10,4
0.467573,10,5
2.668475,10,6
0.114603,10,7
53.529533,10,8
8.937096,10,9
43.003997,10,11
1.437773,10,12
0.152043,11,1
16.408757,11,2
33.452181,11,3
11.739749,11,4
6.036875,11,5
15.796013,11,6
11.677379,11,7
47.540088,11,8
19.783283,11,9
10.271064,11,10
14.262648,11,12
3.965709,12,1
119.144739,12,2
113.684747,12,3
74.117024,12,4
30.735357,12,5
109.988003,12,6
29.950661,12,7
155.406352,12,8
167.053269,12,9
7.788275,12,10
41.417701,12,11
succeed
0.0,0.336101,0.934157,0.053333,0.157661,0.199101,0.286709,1.131608,0.133333,0.013333,0.026667,0.262165
2.113888,0.0,26.2912,8.225883,59.891979,25.361744,5.812992,32.704469,24.100963,0.657997,3.960379,63.767605
0.246029,42.429589,0.0,43.626221,16.424843,64.227653,29.726213,89.987765,22.589261,6.786776,21.122213,40.609952
0.221363,19.296504,58.925027,0.0,26.130781,59.391008,26.927195,34.710565,39.196037,12.092371,35.724595,49.0264
0.041731,13.901904,15.166435,2.801136,0.0,3.481376,3.266339,11.158251,7.745461,0.175923,5.65304,11.148736
0.735232,20.277315,120.501091,20.179256,13.45944,0.0,11.644787,40.076045,40.642741,6.982739,23.265637,92.773016
0.443632,5.918325,25.363136,20.768021,5.569976,31.750757,0.0,10.470133,11.128464,0.548525,4.999605,31.749576
4.024165,59.244493,155.889557,22.657397,25.432459,64.454443,18.074349,0.0,127.148179,19.628123,54.449376,123.990248
0.725957,76.663173,83.690301,60.534315,27.350373,96.470611,20.940376,131.188299,0.0,13.014605,35.264664,113.917712
0.052045,0.688461,7.795765,7.908963,0.467573,2.668475,0.114603,53.529533,8.937096,0.0,43.003997,1.437773
0.152043,16.408757,33.452181,11.739749,6.036875,15.796013,11.677379,47.540088,19.783283,10.271064,0.0,14.262648
3.965709,119.144739,113.684747,74.117024,30.735357,109.988003,29.950661,155.406352,167.053269,7.788275,41.417701,0.0
