2624.9090069999997
0.248275,1,3
0.414632,1,5
0.149899,1,6
0.08,1,9
0.213333,1,12
13.574792,2,3
0.26432,2,4
26.810963,2,5
18.806,2,6
10.542933,2,7
7.760019,2,9
0.026667,2,10
0.851051,2,11
35.68084,2,12
24.458005,3,2
26.025635,3,4
127.252813,3,5
48.900555,3,6
13.181531,3,7
0.133504,3,8
27.558107,3,9
0.026667,3,10
1.617299,3,11
28.020131,3,12
4.896187,4,2
62.787613,4,3
28.099155,4,5
32.284653,4,6
10.924829,4,7
19.201139,4,9
9.775096,4,10
0.481811,4,11
33.389787,4,12
37.276827,5,2
1.340109,5,3
0.08,5,4
0.026667,5,8
2.613885,5,9
0.106667,5,11
92.788909,5,12
11.993555,6,2
94.990195,6,3
8.385197,6,4
78.098357,6,5
8.549413,6,7
38.208888,6,9
0.302016,6,10
0.46696,6,11
32.678219,6,12
2.810147,7,2
24.259763,7,3
5.723349,7,4
14.978507,7,5
18.777997,7,6
0.291413,7,8
5.548059,7,9
0.180421,7,11
10.839675,7,12
33.084816,8,2
7.895389,8,3
14.20956,8,4
106.6574,8,5
0.243413,8,6
0.273475,8,7
54.478747,8,9
7.550909,8,10
27.676533,8,11
85.0298,8,12
25.130717,9,2
54.1536,9,3
39.447045,9,4
138.050256,9,5
48.974789,9,6
14.234149,9,7
0.225832,9,8
0.061408,9,10
2.001144,9,11
74.632387,9,12
0.293616,10,2
0.053333,10,3
4.391869,10,4
13.069371,10,5
0.232728,10,7
39.384627,10,8
0.905339,10,9
48.882824,10,11
0.293381,10,12
8.480085,11,2
0.519523,11,3
5.810995,11,4
23.943592,11,5
0.026667,11,6
2.127717,11,7
26.476264,11,8
7.653645,11,9
3.62516,11,10
9.911067,11,12
80.663299,12,2
90.971136,12,3
11.015845,12,4
186.998621,12,5
73.109469,12,6
16.103088,12,7
0.053333,12,8
125.793413,12,9
0.026667,12,10
4.327528,12,11
succeed
0.0,0.0,0.248275,0.0,0.414632,0.149899,0.0,0.0,0.08,0.0,0.0,0.213333
0.0,0.0,13.574792,0.26432,26.810963,18.806,10.542933,0.0,7.760019,0.026667,0.851051,35.68084
0.0,24.458005,0.0,26.025635,127.252813,48.900555,13.181531,0.133504,27.558107,0.026667,1.617299,28.020131
0.0,4.896187,62.787613,0.0,28.099155,32.284653,10.924829,0.0,19.201139,9.775096,0.481811,33.389787
0.0,37.276827,1.340109,0.08,0.0,0.0,0.0,0.026667,2.613885,0.0,0.106667,92.788909
0.0,11.993555,94.990195,8.385197,78.098357,0.0,8.549413,0.0,38.208888,0.302016,0.46696,32.678219
0.0,2.810147,24.259763,5.723349,14.978507,18.777997,0.0,0.291413,5.548059,0.0,0.180421,10.839675
0.0,33.084816,7.895389,14.20956,106.6574,0.243413,0.273475,0.0,54.478747,7.550909,27.676533,85.0298
0.0,25.130717,54.1536,39.447045,138.050256,48.974789,14.234149,0.225832,0.0,0.061408,2.001144,74.632387
0.0,0.293616,0.053333,4.391869,13.069371,0.0,0.232728,39.384627,0.905339,0.0,48.882824,0.293381
0.0,8.480085,0.519523,5.810995,23.943592,0.026667,2.127717,26.476264,7.653645,3.62516,0.0,9.911067
0.0,80.663299,90.971136,11.015845,186.998621,73.109469,16.103088,0.053333,125.793413,0.026667,4.327528,0.0
