1941.893418
0.163197,1,2
0.474,1,3
0.053333,1,4
0.192459,1,5
0.497312,1,6
0.59756,1,7
0.068435,1,8
1.287699,1,9
0.356224,1,11
5.920528,1,12
1.709245,2,1
13.048659,2,3
5.721485,2,4
1.34808,2,5
13.361912,2,6
2.108856,2,7
13.205331,2,8
7.159459,2,9
0.650197,2,10
7.806552,2,11
43.965235,2,12
0.134699,3,1
23.623997,3,2
11.319723,3,4
6.385128,3,5
32.513195,3,6
9.439155,3,7
29.448312,3,8
9.971789,3,9
3.44264,3,10
15.605643,3,11
12.395008,3,12
0.11488,4,1
2.653013,4,2
37.578189,4,3
13.20236,4,5
16.076205,4,6
26.975992,4,7
13.318336,4,8
8.615973,4,9
25.952517,4,10
12.510491,4,11
20.164368,4,12
4.162467,5,1
4.114163,5,2
22.378451,5,3
1.314928,5,4
1.662901,5,6
9.648416,5,7
2.453869,5,8
3.752291,5,9
4.641037,5,11
16.390907,5,12
0.356792,6,1
4.638675,6,2
72.525624,6,3
4.728573,6,4
2.379157,6,5
5.192123,6,7
14.191971,6,8
12.57744,6,9
0.819589,6,10
13.178888,6,11
16.47636,6,12
0.324184,7,1
5.101723,7,2
24.321741,7,3
8.534995,7,4
2.355755,7,5
13.308757,7,6
3.947611,7,8
4.958896,7,9
2.556427,7,10
10.821715,7,11
8.135403,7,12
8.152747,8,2
101.742651,8,3
6.475763,8,4
1.614051,8,5
23.557381,8,6
2.076011,8,7
28.726269,8,9
18.288365,8,10
38.68768,8,11
37.761603,8,12
1.3458,9,1
22.626021,9,2
26.355024,9,3
15.156909,9,4
8.944051,9,5
17.900445,9,6
10.824368,9,7
40.898357,9,8
2.591685,9,10
18.972053,9,11
53.051613,9,12
0.053333,10,2
0.08,10,3
2.38984,10,4
0.0448,10,5
3.467437,10,6
0.849901,10,7
4.283477,10,8
0.187128,10,9
12.612048,10,11
1.428611,11,1
10.360869,11,2
32.839845,11,3
2.366048,11,4
2.307584,11,5
8.890893,11,6
4.236261,11,7
28.993197,11,8
7.289235,11,9
4.034957,11,10
10.375803,11,12
0.159795,12,1
83.865171,12,2
86.766821,12,3
55.933301,12,4
17.260984,12,5
34.382704,12,6
22.597277,12,7
86.691656,12,8
143.077232,12,9
4.66312,12,10
30.566043,12,11
succeed
0.0,0.163197,0.474,0.053333,0.192459,0.497312,0.59756,0.068435,1.287699,0.0,0.356224,5.920528
1.709245,0.0,13.048659,5.721485,1.34808,13.361912,2.108856,13.205331,7.159459,0.650197,7.806552,43.965235
0.134699,23.623997,0.0,11.319723,6.385128,32.513195,9.439155,29.448312,9.971789,3.44264,15.605643,12.395008
0.11488,2.653013,37.578189,0.0,13.20236,16.076205,26.975992,13.318336,8.615973,25.952517,12.510491,20.164368
4.162467,4.114163,22.378451,1.314928,0.0,1.662901,9.648416,2.453869,3.752291,0.0,4.641037,16.390907
0.356792,4.638675,72.525624,4.728573,2.379157,0.0,5.192123,14.191971,12.57744,0.819589,13.178888,16.47636
0.324184,5.101723,24.321741,8.534995,2.355755,13.308757,0.0,3.947611,4.958896,2.556427,10.821715,8.135403
0.0,8.152747,101.742651,6.475763,1.614051,23.557381,2.076011,0.0,28.726269,18.288365,38.68768,37.761603
1.3458,22.626021,26.355024,15.156909,8.944051,17.900445,10.824368,40.898357,0.0,2.591685,18.972053,53.051613
0.0,0.053333,0.08,2.38984,0.0448,3.467437,0.849901,4.283477,0.187128,0.0,12.612048,0.0
1.428611,10.360869,32.839845,2.366048,2.307584,8.890893,4.236261,28.993197,7.289235,4.034957,0.0,10.375803
0.159795,83.865171,86.766821,55.933301,17.260984,34.382704,22.597277,86.691656,143.077232,4.66312,30.566043,0.0
