3379.28922
0.228005,1,2
1.000731,1,3
1.232525,1,5
0.459573,1,6
0.336616,1,7
0.026667,1,8
1.2506,1,9
0.036992,1,11
2.429859,1,12
28.179032,2,3
0.026667,2,4
37.400347,2,5
22.003755,2,6
4.677899,2,7
0.026667,2,8
21.272363,2,9
0.481432,2,10
0.267107,2,11
81.302325,2,12
27.525363,3,2
11.527325,3,4
82.988651,3,5
40.877856,3,6
19.021659,3,7
0.026667,3,8
35.326035,3,9
0.026667,3,10
0.818253,3,11
34.317077,3,12
12.120016,4,2
78.879824,4,3
37.461053,4,5
40.872477,4,6
17.181411,4,7
0.08,4,8
18.902525,4,9
7.640357,4,10
0.720803,4,11
40.219936,4,12
33.694379,5,2
1.430437,5,3
0.085627,5,6
0.026667,5,7
0.091392,5,8
13.614539,5,9
0.053333,5,11
122.9378,5,12
27.840685,6,2
150.628432,6,3
12.9398,6,4
59.738691,6,5
14.638317,6,7
0.125237,6,8
47.967675,6,9
0.566131,6,10
0.322723,6,11
36.939859,6,12
7.802536,7,2
39.418544,7,3
13.781552,7,4
10.870008,7,5
20.6046,7,6
0.054211,7,8
8.563035,7,9
0.026667,7,10
0.08,7,11
17.149781,7,12
30.403973,8,2
69.880411,8,3
11.509587,8,4
225.257245,8,5
2.169853,8,6
0.398053,8,7
65.414776,8,9
9.151616,8,10
21.914995,8,11
109.687032,8,12
57.431664,9,2
108.822448,9,3
37.897432,9,4
96.853725,9,5
41.750056,9,6
23.161245,9,7
0.148043,9,8
0.02952,9,10
3.450872,9,11
136.627752,9,12
1.016581,10,2
0.112571,10,3
10.034864,10,4
7.659904,10,5
0.055573,10,6
0.363504,10,7
37.470717,10,8
6.29036,10,9
42.341011,10,11
3.58736,10,12
13.628992,11,2
5.134992,11,3
2.285128,11,4
56.546987,11,5
0.421387,11,6
7.539861,11,7
15.266416,11,8
12.476264,11,9
2.45848,11,10
15.144088,11,12
119.1788,12,2
122.923331,12,3
8.276539,12,4
219.864603,12,5
44.704757,12,6
34.949773,12,7
0.230043,12,8
179.3846,12,9
0.325016,12,10
6.490645,12,11
succeed
0.0,0.228005,1.000731,0.0,1.232525,0.459573,0.336616,0.026667,1.2506,0.0,0.036992,2.429859
0.0,0.0,28.179032,0.026667,37.400347,22.003755,4.677899,0.026667,21.272363,0.481432,0.267107,81.302325
0.0,27.525363,0.0,11.527325,82.988651,40.877856,19.021659,0.026667,35.326035,0.026667,0.818253,34.317077
0.0,12.120016,78.879824,0.0,37.461053,40.872477,17.181411,0.08,18.902525,7.640357,0.720803,40.219936
0.0,33.694379,1.430437,0.0,0.0,0.085627,0.026667,0.091392,13.614539,0.0,0.053333,122.9378
0.0,27.840685,150.628432,12.9398,59.738691,0.0,14.638317,0.125237,47.967675,0.566131,0.322723,36.939859
0.0,7.802536,39.418544,13.781552,10.870008,20.6046,0.0,0.054211,8.563035,0.026667,0.08,17.149781
0.0,30.403973,69.880411,11.509587,225.257245,2.169853,0.398053,0.0,65.414776,9.151616,21.914995,109.687032
0.0,57.431664,108.822448,37.897432,96.853725,41.750056,23.161245,0.148043,0.0,0.02952,3.450872,136.627752
0.0,1.016581,0.112571,10.034864,7.659904,0.055573,0.363504,37.470717,6.29036,0.0,42.341011,3.58736
0.0,13.628992,5.134992,2.285128,56.546987,0.421387,7.539861,15.266416,12.476264,2.45848,0.0,15.144088
0.0,119.1788,122.923331,8.276539,219.864603,44.704757,34.949773,0.230043,179.3846,0.325016,6.490645,0.0
