3546.156741
0.190683,1,2
1.919923,1,3
4.00632,1,5
1.900728,1,6
0.026667,1,7
0.967437,1,9
0.090176,1,11
2.442731,1,12
24.786229,2,3
0.031363,2,4
66.260656,2,5
22.653149,2,6
4.046531,2,7
25.413925,2,9
0.053333,2,10
1.413947,2,11
74.555736,2,12
30.890024,3,2
22.401528,3,4
164.638299,3,5
41.907637,3,6
12.045709,3,7
0.058667,3,8
37.424837,3,9
0.053333,3,10
1.823456,3,11
30.360709,3,12
7.096237,4,2
69.254259,4,3
38.302227,4,5
47.385744,4,6
12.600963,4,7
23.269491,4,9
6.113773,4,10
4.085059,4,11
41.870869,4,12
52.291419,5,2
1.207299,5,3
0.026667,5,4
0.026667,5,6
8.528253,5,9
0.053333,5,11
90.398901,5,12
17.696285,6,2
164.380203,6,3
11.675677,6,4
142.638275,6,5
15.071728,6,7
0.026667,6,8
58.251432,6,9
2.819192,6,11
49.675957,6,12
7.813941,7,2
34.695672,7,3
11.114653,7,4
19.87724,7,5
13.137587,7,6
8.846008,7,9
0.026667,7,10
0.426893,7,11
14.451829,7,12
44.538173,8,2
9.551232,8,3
23.156872,8,4
174.470477,8,5
0.544163,8,6
0.057331,8,7
82.937168,8,9
11.951941,8,10
23.759427,8,11
85.575691,8,12
36.445792,9,2
92.797725,9,3
39.046501,9,4
151.976832,9,5
42.709496,9,6
14.923659,9,7
0.227379,9,8
0.156544,9,10
12.103507,9,11
106.442587,9,12
0.223059,10,2
0.548725,10,3
0.836405,10,4
5.177645,10,5
0.500872,10,7
31.506477,10,8
18.364848,10,9
50.398632,10,11
1.317435,10,12
14.645523,11,2
6.081363,11,3
4.810683,11,4
46.016019,11,5
0.18276,11,6
3.783664,11,7
27.554581,11,8
10.767115,11,9
5.419152,11,10
10.100333,11,12
170.382027,12,2
143.092003,12,3
11.972349,12,4
264.191072,12,5
35.399091,12,6
17.090856,12,7
0.119067,12,8
154.402424,12,9
0.188555,12,10
10.210709,12,11
succeed
0.0,0.190683,1.919923,0.0,4.00632,1.900728,0.026667,0.0,0.967437,0.0,0.090176,2.442731
0.0,0.0,24.786229,0.031363,66.260656,22.653149,4.046531,0.0,25.413925,0.053333,1.413947,74.555736
0.0,30.890024,0.0,22.401528,164.638299,41.907637,12.045709,0.058667,37.424837,0.053333,1.823456,30.360709
0.0,7.096237,69.254259,0.0,38.302227,47.385744,12.600963,0.0,23.269491,6.113773,4.085059,41.870869
0.0,52.291419,1.207299,0.026667,0.0,0.026667,0.0,0.0,8.528253,0.0,0.053333,90.398901
0.0,17.696285,164.380203,11.675677,142.638275,0.0,15.071728,0.026667,58.251432,0.0,2.819192,49.675957
0.0,7.813941,34.695672,11.114653,19.87724,13.137587,0.0,0.0,8.846008,0.026667,0.426893,14.451829
0.0,44.538173,9.551232,23.156872,174.470477,0.544163,0.057331,0.0,82.937168,11.951941,23.759427,85.575691
0.0,36.445792,92.797725,39.046501,151.976832,42.709496,14.923659,0.227379,0.0,0.156544,12.103507,106.442587
0.0,0.223059,0.548725,0.836405,5.177645,0.0,0.500872,31.506477,18.364848,0.0,50.398632,1.317435
0.0,14.645523,6.081363,4.810683,46.016019,0.18276,3.783664,27.554581,10.767115,5.419152,0.0,10.100333
0.0,170.382027,143.092003,11.972349,264.191072,35.399091,17.090856,0.119067,154.402424,0.188555,10.210709,0.0
