2401.466446
0.334672,1,2
0.08,1,3
0.026667,1,4
0.108232,1,5
0.060043,1,6
0.239125,1,7
0.406371,1,8
0.066507,1,9
1.162352,1,12
0.16132,2,1
7.319061,2,3
7.635267,2,4
3.256045,2,5
20.515648,2,6
0.395933,2,7
15.132188,2,8
17.890344,2,9
1.040847,2,10
8.527421,2,11
43.582952,2,12
0.09184,3,1
19.004323,3,2
15.192741,3,4
8.470701,3,5
26.931053,3,6
10.688237,3,7
51.474656,3,8
14.533227,3,9
1.375792,3,10
8.391627,3,11
25.133592,3,12
0.1538,4,1
2.095725,4,2
46.476971,4,3
17.497632,4,5
45.711331,4,6
27.769603,4,7
25.083728,4,8
24.019757,4,9
16.959376,4,10
13.746957,4,11
47.169557,4,12
2.146069,5,1
11.140704,5,2
13.852579,5,3
2.167869,5,4
2.642848,5,6
2.256651,5,7
4.477469,5,8
4.377389,5,9
0.431272,5,10
1.618016,5,11
2.758288,5,12
0.624747,6,1
7.353957,6,2
80.145549,6,3
12.613019,6,4
29.329691,6,5
4.040109,6,7
30.635376,6,8
17.216979,6,9
2.864419,6,10
21.384469,6,11
11.895448,6,12
0.389011,7,1
1.081192,7,2
13.5916,7,3
14.090269,7,4
2.000928,7,5
11.969312,7,6
5.441989,7,8
2.303077,7,9
2.643645,7,10
2.898747,7,11
7.537795,7,12
0.149112,8,1
22.105275,8,2
61.328747,8,3
19.613443,8,4
12.093429,8,5
34.204405,8,6
3.300891,8,7
49.470429,8,9
26.183539,8,10
33.51112,8,11
26.283149,8,12
0.839987,9,1
32.890509,9,2
26.795768,9,3
38.196037,9,4
21.753259,9,5
33.282824,9,6
7.721232,9,7
91.369936,9,8
11.3224,9,10
28.782792,9,11
68.982053,9,12
2.189173,10,2
3.666211,10,4
0.148771,10,5
0.356803,10,6
0.026667,10,7
33.728453,10,8
0.275624,10,9
41.134192,10,11
2.582019,10,12
0.026667,11,1
9.783299,11,2
55.142448,11,3
6.064728,11,4
4.472685,11,5
11.291171,11,6
1.915667,11,7
20.494059,11,8
8.262419,11,9
3.250392,11,10
12.354349,11,12
1.664381,12,1
81.053723,12,2
64.423016,12,3
63.738328,12,4
15.470725,12,5
70.441477,12,6
29.507141,12,7
78.761619,12,8
154.800408,12,9
7.910739,12,10
60.515053,12,11
succeed
0.0,0.334672,0.08,0.026667,0.108232,0.060043,0.239125,0.406371,0.066507,0.0,0.0,1.162352
0.16132,0.0,7.319061,7.635267,3.256045,20.515648,0.395933,15.132188,17.890344,1.040847,8.527421,43.582952
0.09184,19.004323,0.0,15.192741,8.470701,26.931053,10.688237,51.474656,14.533227,1.375792,8.391627,25.133592
0.1538,2.095725,46.476971,0.0,17.497632,45.711331,27.769603,25.083728,24.019757,16.959376,13.746957,47.169557
2.146069,11.140704,13.852579,2.167869,0.0,2.642848,2.256651,4.477469,4.377389,0.431272,1.618016,2.758288
0.624747,7.353957,80.145549,12.613019,29.329691,0.0,4.040109,30.635376,17.216979,2.864419,21.384469,11.895448
0.389011,1.081192,13.5916,14.090269,2.000928,11.969312,0.0,5.441989,2.303077,2.643645,2.898747,7.537795
0.149112,22.105275,61.328747,19.613443,12.093429,34.204405,3.300891,0.0,49.470429,26.183539,33.51112,26.283149
0.839987,32.890509,26.795768,38.196037,21.753259,33.282824,7.721232,91.369936,0.0,11.3224,28.782792,68.982053
0.0,2.189173,0.0,3.666211,0.148771,0.356803,0.026667,33.728453,0.275624,0.0,41.134192,2.582019
0.026667,9.783299,55.142448,6.064728,4.472685,11.291171,1.915667,20.494059,8.262419,3.250392,0.0,12.354349
1.664381,81.053723,64.423016,63.738328,15.470725,70.441477,29.507141,78.761619,154.800408,7.910739,60.515053,0.0
