3159.07942
1.155147,1,2
1.826043,1,3
0.506021,1,4
0.168469,1,5
0.54952,1,6
1.942416,1,7
0.333248,1,8
0.142509,1,9
0.949989,1,12
0.453339,2,1
28.732696,2,3
4.212701,2,4
2.146048,2,5
27.774592,2,6
4.574219,2,7
22.60368,2,8
13.876507,2,9
1.358141,2,10
5.283632,2,11
34.237811,2,12
1.578232,3,1
37.664728,3,2
15.802008,3,4
47.53404,3,5
46.216152,3,6
19.045157,3,7
76.355491,3,8
29.326691,3,9
4.739587,3,10
11.817227,3,11
34.461749,3,12
0.26884,4,1
4.756443,4,2
60.288784,4,3
17.939595,4,5
34.146144,4,6
20.242693,4,7
30.488771,4,8
20.497184,4,9
12.131579,4,10
12.454277,4,11
53.991421,4,12
1.070307,5,1
3.805701,5,2
25.642312,5,3
2.639731,5,4
6.816955,5,6
4.788805,5,7
9.994872,5,8
8.059632,5,9
0.939341,5,10
2.427288,5,11
10.201699,5,12
0.511773,6,1
26.660955,6,2
111.899357,6,3
10.25096,6,4
5.891915,6,5
9.857683,6,7
34.835453,6,8
62.290781,6,9
5.359149,6,10
7.971627,6,11
35.709688,6,12
0.497205,7,1
4.311557,7,2
22.088496,7,3
19.021213,7,4
4.151923,7,5
17.562853,7,6
7.013707,7,8
6.767592,7,9
0.632269,7,10
2.488589,7,11
29.654368,7,12
1.831955,8,1
36.047024,8,2
100.315077,8,3
19.671301,8,4
7.423325,8,5
62.140581,8,6
14.847936,8,7
70.700443,8,9
10.391997,8,10
26.191917,8,11
102.207075,8,12
1.323424,9,1
43.764683,9,2
61.244845,9,3
38.505069,9,4
28.766013,9,5
70.278235,9,6
27.357312,9,7
86.459299,9,8
3.832203,9,10
34.156531,9,11
131.562907,9,12
0.026667,10,1
0.471312,10,2
2.393453,10,3
7.850395,10,4
1.880843,10,5
4.472461,10,6
0.603141,10,7
52.457435,10,8
0.721653,10,9
65.31316,10,11
1.264525,10,12
0.314053,11,1
9.201315,11,2
12.892544,11,3
3.610027,11,4
6.908411,11,5
9.079245,11,6
3.617877,11,7
25.514253,11,8
9.588208,11,9
4.136997,11,10
7.313755,11,12
1.509768,12,1
98.453696,12,2
115.644269,12,3
69.487661,12,4
30.942136,12,5
49.871573,12,6
23.926419,12,7
129.023544,12,8
155.016675,12,9
3.653269,12,10
26.510251,12,11
succeed
0.0,1.155147,1.826043,0.506021,0.168469,0.54952,1.942416,0.333248,0.142509,0.0,0.0,0.949989
0.453339,0.0,28.732696,4.212701,2.146048,27.774592,4.574219,22.60368,13.876507,1.358141,5.283632,34.237811
1.578232,37.664728,0.0,15.802008,47.53404,46.216152,19.045157,76.355491,29.326691,4.739587,11.817227,34.461749
0.26884,4.756443,60.288784,0.0,17.939595,34.146144,20.242693,30.488771,20.497184,12.131579,12.454277,53.991421
1.070307,3.805701,25.642312,2.639731,0.0,6.816955,4.788805,9.994872,8.059632,0.939341,2.427288,10.201699
0.511773,26.660955,111.899357,10.25096,5.891915,0.0,9.857683,34.835453,62.290781,5.359149,7.971627,35.709688
0.497205,4.311557,22.088496,19.021213,4.151923,17.562853,0.0,7.013707,6.767592,0.632269,2.488589,29.654368
1.831955,36.047024,100.315077,19.671301,7.423325,62.140581,14.847936,0.0,70.700443,10.391997,26.191917,102.207075
1.323424,43.764683,61.244845,38.505069,28.766013,70.278235,27.357312,86.459299,0.0,3.832203,34.156531,131.562907
0.026667,0.471312,2.393453,7.850395,1.880843,4.472461,0.603141,52.457435,0.721653,0.0,65.31316,1.264525
0.314053,9.201315,12.892544,3.610027,6.908411,9.079245,3.617877,25.514253,9.588208,4.136997,0.0,7.313755
1.509768,98.453696,115.644269,69.487661,30.942136,49.871573,23.926419,129.023544,155.016675,3.653269,26.510251,0.0
