3955.429823
0.551443,1,2
2.4536,1,3
0.458448,1,5
0.353608,1,6
0.398125,1,7
0.242269,1,8
2.40552,1,9
0.013333,1,10
1.045523,1,11
0.946181,1,12
1.244203,2,1
23.584741,2,3
12.236557,2,4
44.699971,2,5
31.817893,2,6
5.220539,2,7
29.415397,2,8
8.370376,2,9
6.630849,2,10
24.143915,2,11
73.286048,2,12
4.521389,3,1
169.361048,3,2
24.326269,3,4
13.163021,3,5
89.681475,3,6
17.117797,3,7
52.191741,3,8
20.461107,3,9
2.785085,3,10
37.526813,3,11
40.095213,3,12
0.636979,4,1
7.683779,4,2
127.0572,4,3
16.649621,4,5
13.328736,4,6
22.095571,4,7
15.728877,4,8
9.703157,4,9
15.831259,4,10
24.126237,4,11
29.021333,4,12
0.893432,5,1
5.129392,5,2
13.28124,5,3
3.244861,5,4
6.383075,5,6
4.223248,5,7
5.193549,5,8
2.689677,5,9
0.218349,5,10
15.11464,5,11
8.541605,5,12
3.370979,6,1
31.529699,6,2
72.129845,6,3
12.821984,6,4
6.893565,6,5
8.042264,6,7
26.877955,6,8
16.658352,6,9
2.947797,6,10
47.548317,6,11
44.302483,6,12
0.396603,7,1
11.777616,7,2
20.448979,7,3
8.385429,7,4
14.363243,7,5
21.918163,7,6
6.270763,7,8
5.996491,7,9
12.215763,7,10
15.727877,7,11
14.037373,7,12
0.575203,8,1
20.740491,8,2
125.032699,8,3
14.125125,8,4
8.855307,8,5
21.88928,8,6
15.294435,8,7
59.202085,8,9
17.486011,8,10
77.708123,8,11
64.408291,8,12
3.169248,9,1
33.812173,9,2
39.274712,9,3
20.321891,9,4
13.575168,9,5
39.739085,9,6
14.076568,9,7
71.660909,9,8
3.688616,9,10
25.702811,9,11
89.450669,9,12
0.484677,10,2
0.158216,10,3
31.72588,10,4
0.147624,10,5
0.737467,10,6
0.286768,10,7
15.378784,10,8
0.554301,10,9
30.964285,10,11
0.230475,10,12
8.742027,11,1
76.120379,11,2
119.772,11,3
28.325392,11,4
54.935496,11,5
112.905405,11,6
82.800403,11,7
26.253072,11,8
32.729267,11,9
15.597661,11,10
115.702413,11,12
1.136832,12,1
148.047365,12,2
105.616888,12,3
91.242368,12,4
26.47688,12,5
58.107443,12,6
36.256565,12,7
93.501864,12,8
300.56816,12,9
10.659325,12,10
57.288387,12,11
succeed
0.0,0.551443,2.4536,0.0,0.458448,0.353608,0.398125,0.242269,2.40552,0.013333,1.045523,0.946181
1.244203,0.0,23.584741,12.236557,44.699971,31.817893,5.220539,29.415397,8.370376,6.630849,24.143915,73.286048
4.521389,169.361048,0.0,24.326269,13.163021,89.681475,17.117797,52.191741,20.461107,2.785085,37.526813,40.095213
0.636979,7.683779,127.0572,0.0,16.649621,13.328736,22.095571,15.728877,9.703157,15.831259,24.126237,29.021333
0.893432,5.129392,13.28124,3.244861,0.0,6.383075,4.223248,5.193549,2.689677,0.218349,15.11464,8.541605
3.370979,31.529699,72.129845,12.821984,6.893565,0.0,8.042264,26.877955,16.658352,2.947797,47.548317,44.302483
0.396603,11.777616,20.448979,8.385429,14.363243,21.918163,0.0,6.270763,5.996491,12.215763,15.727877,14.037373
0.575203,20.740491,125.032699,14.125125,8.855307,21.88928,15.294435,0.0,59.202085,17.486011,77.708123,64.408291
3.169248,33.812173,39.274712,20.321891,13.575168,39.739085,14.076568,71.660909,0.0,3.688616,25.702811,89.450669
0.0,0.484677,0.158216,31.72588,0.147624,0.737467,0.286768,15.378784,0.554301,0.0,30.964285,0.230475
8.742027,76.120379,119.772,28.325392,54.935496,112.905405,82.800403,26.253072,32.729267,15.597661,0.0,115.702413
1.136832,148.047365,105.616888,91.242368,26.47688,58.107443,36.256565,93.501864,300.56816,10.659325,57.288387,0.0
