3577.931492
0.549819,1,2
1.080936,1,3
0.05972,1,4
0.191691,1,5
2.048787,1,6
1.187651,1,7
0.8068,1,8
1.163467,1,9
0.265819,1,10
3.455613,1,12
0.528328,2,1
43.982211,2,3
7.447901,2,4
4.56732,2,5
23.439931,2,6
10.048437,2,7
17.520284,2,8
17.859467,2,9
1.584335,2,10
13.959947,2,11
95.937405,2,12
3.661008,3,1
33.560667,3,2
31.817947,3,4
38.066307,3,5
91.306859,3,6
21.770413,3,7
30.220675,3,8
31.808675,3,9
5.918952,3,10
13.161136,3,11
37.939765,3,12
0.372363,4,1
7.069627,4,2
84.350277,4,3
23.547525,4,5
39.026341,4,6
25.842552,4,7
8.673597,4,8
23.889235,4,9
10.050059,4,10
8.346731,4,11
40.999941,4,12
0.515899,5,1
15.11204,5,2
29.753261,5,3
8.53076,5,4
14.500808,5,6
4.19,5,7
6.835131,5,8
7.348752,5,9
2.691979,5,10
1.960088,5,11
11.846235,5,12
2.081917,6,1
31.077051,6,2
137.842677,6,3
20.207965,6,4
10.914003,6,5
27.000427,6,7
25.396152,6,8
22.912784,6,9
9.384256,6,10
13.418211,6,11
46.484507,6,12
0.450277,7,1
6.516605,7,2
41.750984,7,3
8.022715,7,4
6.159381,7,5
18.619749,7,6
3.873517,7,8
7.923832,7,9
2.722648,7,10
3.293856,7,11
17.853885,7,12
0.173077,8,1
16.316088,8,2
152.751808,8,3
20.363984,8,4
13.697256,8,5
70.759995,8,6
8.814624,8,7
58.169013,8,9
10.728072,8,10
31.170251,8,11
70.324741,8,12
1.60976,9,1
54.366653,9,2
80.408912,9,3
34.776075,9,4
27.800443,9,5
76.077427,9,6
30.375781,9,7
46.370616,9,8
13.29468,9,10
35.042387,9,11
123.207147,9,12
0.026667,10,1
1.194133,10,2
5.874845,10,3
13.238904,10,4
2.609389,10,5
9.951091,10,6
1.167533,10,7
31.765352,10,8
3.466755,10,9
49.933995,10,11
1.844053,10,12
0.087525,11,1
15.318619,11,2
89.825315,11,3
12.875755,11,4
9.717288,11,5
28.016389,11,6
7.424997,11,7
18.8664,11,8
20.046131,11,9
6.867517,11,10
17.801963,11,12
0.75236,12,1
140.789763,12,2
102.094085,12,3
67.596752,12,4
21.653128,12,5
97.643661,12,6
41.345584,12,7
86.737715,12,8
223.336597,12,9
11.995733,12,10
33.187835,12,11
succeed
0.0,0.549819,1.080936,0.05972,0.191691,2.048787,1.187651,0.8068,1.163467,0.265819,0.0,3.455613
0.528328,0.0,43.982211,7.447901,4.56732,23.439931,10.048437,17.520284,17.859467,1.584335,13.959947,95.937405
3.661008,33.560667,0.0,31.817947,38.066307,91.306859,21.770413,30.220675,31.808675,5.918952,13.161136,37.939765
0.372363,7.069627,84.350277,0.0,23.547525,39.026341,25.842552,8.673597,23.889235,10.050059,8.346731,40.999941
0.515899,15.11204,29.753261,8.53076,0.0,14.500808,4.19,6.835131,7.348752,2.691979,1.960088,11.846235
2.081917,31.077051,137.842677,20.207965,10.914003,0.0,27.000427,25.396152,22.912784,9.384256,13.418211,46.484507
0.450277,6.516605,41.750984,8.022715,6.159381,18.619749,0.0,3.873517,7.923832,2.722648,3.293856,17.853885
0.173077,16.316088,152.751808,20.363984,13.697256,70.759995,8.814624,0.0,58.169013,10.728072,31.170251,70.324741
1.60976,54.366653,80.408912,34.776075,27.800443,76.077427,30.375781,46.370616,0.0,13.29468,35.042387,123.207147
0.026667,1.194133,5.874845,13.238904,2.609389,9.951091,1.167533,31.765352,3.466755,0.0,49.933995,1.844053
0.087525,15.318619,89.825315,12.875755,9.717288,28.016389,7.424997,18.8664,20.046131,6.867517,0.0,17.801963
0.75236,140.789763,102.094085,67.596752,21.653128,97.643661,41.345584,86.737715,223.336597,11.995733,33.187835,0.0
