2511.787229
0.089272,1,2
0.684365,1,3
0.468299,1,5
1.570925,1,6
0.070096,1,7
0.780669,1,9
0.026667,1,11
0.743011,1,12
11.209704,2,3
0.034536,2,4
45.68492,2,5
28.082728,2,6
1.208704,2,7
0.044587,2,8
9.477184,2,9
0.436755,2,10
49.139923,2,12
17.099064,3,2
12.661339,3,4
49.912421,3,5
31.882421,3,6
14.231453,3,7
0.057811,3,8
82.360235,3,9
0.928133,3,11
20.330171,3,12
6.936784,4,2
32.387747,4,3
31.263293,4,5
25.357749,4,6
15.75336,4,7
34.527469,4,9
9.755264,4,10
0.106667,4,11
46.309835,4,12
11.205803,5,2
0.145141,5,3
0.026667,5,4
0.077365,5,6
3.404077,5,9
0.080768,5,10
0.026667,5,11
86.574816,5,12
15.102184,6,2
58.995541,6,3
11.787099,6,4
33.293571,6,5
20.052925,6,7
0.215587,6,8
78.261408,6,9
0.179123,6,10
5.772131,6,11
32.545784,6,12
3.169088,7,2
10.114981,7,3
9.573413,7,4
10.735624,7,5
16.845557,7,6
16.755139,7,9
0.479611,7,11
12.659317,7,12
6.237019,8,2
3.075533,8,3
13.446085,8,4
125.3062,8,5
0.185557,8,6
0.026667,8,7
82.672872,8,9
7.624496,8,10
17.965744,8,11
70.411147,8,12
20.567229,9,2
81.362464,9,3
30.917805,9,4
64.456512,9,5
18.818448,9,6
10.834011,9,7
0.106667,9,8
4.04432,9,11
56.367301,9,12
0.811115,10,2
0.026667,10,3
1.154397,10,4
1.055192,10,5
0.115133,10,7
32.797472,10,8
7.229971,10,9
42.270605,10,11
0.213333,10,12
7.350795,11,2
2.580744,11,3
4.282747,11,4
13.743883,11,5
0.177203,11,6
1.742931,11,7
14.637845,11,8
46.603459,11,9
7.519837,11,10
28.248243,11,12
133.902187,12,2
85.596283,12,3
1.088592,12,4
259.941325,12,5
23.328328,12,6
14.978688,12,7
0.171211,12,8
142.149605,12,9
0.308056,12,10
3.642357,12,11
succeed
0.0,0.089272,0.684365,0.0,0.468299,1.570925,0.070096,0.0,0.780669,0.0,0.026667,0.743011
0.0,0.0,11.209704,0.034536,45.68492,28.082728,1.208704,0.044587,9.477184,0.436755,0.0,49.139923
0.0,17.099064,0.0,12.661339,49.912421,31.882421,14.231453,0.057811,82.360235,0.0,0.928133,20.330171
0.0,6.936784,32.387747,0.0,31.263293,25.357749,15.75336,0.0,34.527469,9.755264,0.106667,46.309835
0.0,11.205803,0.145141,0.026667,0.0,0.077365,0.0,0.0,3.404077,0.080768,0.026667,86.574816
0.0,15.102184,58.995541,11.787099,33.293571,0.0,20.052925,0.215587,78.261408,0.179123,5.772131,32.545784
0.0,3.169088,10.114981,9.573413,10.735624,16.845557,0.0,0.0,16.755139,0.0,0.479611,12.659317
0.0,6.237019,3.075533,13.446085,125.3062,0.185557,0.026667,0.0,82.672872,7.624496,17.965744,70.411147
0.0,20.567229,81.362464,30.917805,64.456512,18.818448,10.834011,0.106667,0.0,0.0,4.04432,56.367301
0.0,0.811115,0.026667,1.154397,1.055192,0.0,0.115133,32.797472,7.229971,0.0,42.270605,0.213333
0.0,7.350795,2.580744,4.282747,13.743883,0.177203,1.742931,14.637845,46.603459,7.519837,0.0,28.248243
0.0,133.902187,85.596283,1.088592,259.941325,23.328328,14.978688,0.171211,142.149605,0.308056,3.642357,0.0
