1866.1295810000001
0.406925,1,2
1.100395,1,3
0.134427,1,4
0.053333,1,5
0.154667,1,6
0.275416,1,7
0.086248,1,8
2.659864,1,9
3.176688,1,12
0.13488,2,1
9.970931,2,3
2.010579,2,4
3.756517,2,5
16.793283,2,6
2.711987,2,7
13.650415,2,8
9.756867,2,9
0.746969,2,10
3.621709,2,11
53.501968,2,12
0.531704,3,1
9.947216,3,2
4.268824,3,4
8.63512,3,5
20.965144,3,6
6.91008,3,7
81.471037,3,8
9.256056,3,9
0.696344,3,10
3.370045,3,11
58.637691,3,12
1.294595,4,1
6.902413,4,2
30.802797,4,3
15.425997,4,5
11.531595,4,6
11.959963,4,7
5.580947,4,8
11.693856,4,9
6.782704,4,10
10.956027,4,11
27.396435,4,12
0.400696,5,1
3.083597,5,2
11.272131,5,3
0.995211,5,4
1.752195,5,6
4.218619,5,7
2.228955,5,8
2.480725,5,9
1.135917,5,10
0.857696,5,11
3.487368,5,12
0.321408,6,1
8.412797,6,2
73.197341,6,3
3.741653,6,4
0.858267,6,5
11.558749,6,7
10.651408,6,8
9.892899,6,9
1.026539,6,10
7.514221,6,11
16.81572,6,12
0.318251,7,1
3.460845,7,2
19.546077,7,3
3.655053,7,4
3.044557,7,5
9.742091,7,6
3.195645,7,8
2.607269,7,9
1.938632,7,10
2.845427,7,11
16.216107,7,12
1.742011,8,1
19.979781,8,2
110.924096,8,3
7.157011,8,4
12.833096,8,5
9.386205,8,6
2.452245,8,7
29.205048,8,9
18.169544,8,10
25.821309,8,11
60.276173,8,12
0.59784,9,1
20.595592,9,2
31.546464,9,3
7.753445,9,4
2.673552,9,5
10.322117,9,6
3.283645,9,7
44.242955,9,8
0.959995,9,10
11.952237,9,11
48.107072,9,12
0.08,10,2
0.026667,10,3
5.464125,10,4
0.177995,10,6
0.298776,10,7
28.446739,10,8
0.026667,10,9
28.391781,10,11
0.254328,10,12
0.026667,11,1
9.318077,11,2
23.073008,11,3
3.455851,11,4
1.575739,11,5
2.796245,11,6
1.557493,11,7
13.858195,11,8
11.805459,11,9
1.662661,11,10
5.011432,11,12
3.245213,12,1
65.083736,12,2
118.142315,12,3
39.342285,12,4
16.200571,12,5
43.556413,12,6
15.841899,12,7
56.438229,12,8
141.550957,12,9
1.710805,12,10
35.533096,12,11
succeed
0.0,0.406925,1.100395,0.134427,0.053333,0.154667,0.275416,0.086248,2.659864,0.0,0.0,3.176688
0.13488,0.0,9.970931,2.010579,3.756517,16.793283,2.711987,13.650415,9.756867,0.746969,3.621709,53.501968
0.531704,9.947216,0.0,4.268824,8.63512,20.965144,6.91008,81.471037,9.256056,0.696344,3.370045,58.637691
1.294595,6.902413,30.802797,0.0,15.425997,11.531595,11.959963,5.580947,11.693856,6.782704,10.956027,27.396435
0.400696,3.083597,11.272131,0.995211,0.0,1.752195,4.218619,2.228955,2.480725,1.135917,0.857696,3.487368
0.321408,8.412797,73.197341,3.741653,0.858267,0.0,11.558749,10.651408,9.892899,1.026539,7.514221,16.81572
0.318251,3.460845,19.546077,3.655053,3.044557,9.742091,0.0,3.195645,2.607269,1.938632,2.845427,16.216107
1.742011,19.979781,110.924096,7.157011,12.833096,9.386205,2.452245,0.0,29.205048,18.169544,25.821309,60.276173
0.59784,20.595592,31.546464,7.753445,2.673552,10.322117,3.283645,44.242955,0.0,0.959995,11.952237,48.107072
0.0,0.08,0.026667,5.464125,0.0,0.177995,0.298776,28.446739,0.026667,0.0,28.391781,0.254328
0.026667,9.318077,23.073008,3.455851,1.575739,2.796245,1.557493,13.858195,11.805459,1.662661,0.0,5.011432
3.245213,65.083736,118.142315,39.342285,16.200571,43.556413,15.841899,56.438229,141.550957,1.710805,35.533096,0.0
