2003.1553350000002
0.106667,1,2
0.061568,1,3
0.070848,1,4
0.100888,1,5
0.053333,1,6
0.436437,1,7
0.275573,1,8
0.102824,1,9
0.013333,1,10
0.197427,1,12
0.153349,2,1
8.612029,2,3
4.421275,2,4
7.22124,2,5
10.570707,2,6
4.150349,2,7
13.742528,2,8
4.730896,2,9
0.152237,2,10
2.123227,2,11
40.109109,2,12
1.438168,3,1
8.578792,3,2
8.063907,3,4
5.309669,3,5
44.921029,3,6
9.737312,3,7
25.846397,3,8
9.285584,3,9
0.940595,3,10
4.034469,3,11
20.851347,3,12
0.230459,4,1
2.576323,4,2
35.947043,4,3
19.752051,4,5
27.352957,4,6
21.474597,4,7
12.46656,4,8
14.041179,4,9
14.332083,4,10
10.706949,4,11
39.161085,4,12
2.267291,5,1
1.943093,5,2
7.870064,5,3
1.433571,5,4
1.426256,5,6
1.274024,5,7
3.342432,5,8
2.956635,5,9
0.053333,5,10
2.873877,5,11
5.065653,5,12
0.170883,6,1
4.907533,6,2
64.842699,6,3
8.724891,6,4
28.783616,6,5
2.244259,6,7
15.463077,6,8
18.248272,6,9
0.445987,6,10
17.778456,6,11
26.597064,6,12
0.053333,7,1
7.015349,7,2
13.10732,7,3
8.016805,7,4
5.200363,7,5
6.770269,7,6
6.532336,7,8
4.721856,7,9
2.385936,7,10
3.731024,7,11
10.455656,7,12
0.646864,8,1
27.563656,8,2
56.27408,8,3
15.354187,8,4
3.329616,8,5
35.228176,8,6
7.240144,8,7
47.114331,8,9
23.598757,8,10
18.832528,8,11
22.076211,8,12
0.983443,9,1
15.865005,9,2
24.649867,9,3
28.422499,9,4
6.870709,9,5
41.857853,9,6
8.273731,9,7
51.827459,9,8
1.367507,9,10
13.82452,9,11
89.050576,9,12
0.026667,10,2
0.068,10,3
3.179949,10,4
0.026667,10,5
0.195192,10,6
29.91228,10,8
8.675893,10,9
36.191315,10,11
0.026667,10,12
0.08,11,1
7.452355,11,2
36.863707,11,3
8.509589,11,4
2.608808,11,5
8.700869,11,6
5.940045,11,7
12.198795,11,8
10.684675,11,9
2.101029,11,10
7.910643,11,12
0.938011,12,1
127.150749,12,2
67.178731,12,3
58.714467,12,4
18.907864,12,5
40.058803,12,6
16.070952,12,7
37.444197,12,8
146.290744,12,9
6.24976,12,10
41.388581,12,11
succeed
0.0,0.106667,0.061568,0.070848,0.100888,0.053333,0.436437,0.275573,0.102824,0.013333,0.0,0.197427
0.153349,0.0,8.612029,4.421275,7.22124,10.570707,4.150349,13.742528,4.730896,0.152237,2.123227,40.109109
1.438168,8.578792,0.0,8.063907,5.309669,44.921029,9.737312,25.846397,9.285584,0.940595,4.034469,20.851347
0.230459,2.576323,35.947043,0.0,19.752051,27.352957,21.474597,12.46656,14.041179,14.332083,10.706949,39.161085
2.267291,1.943093,7.870064,1.433571,0.0,1.426256,1.274024,3.342432,2.956635,0.053333,2.873877,5.065653
0.170883,4.907533,64.842699,8.724891,28.783616,0.0,2.244259,15.463077,18.248272,0.445987,17.778456,26.597064
0.053333,7.015349,13.10732,8.016805,5.200363,6.770269,0.0,6.532336,4.721856,2.385936,3.731024,10.455656
0.646864,27.563656,56.27408,15.354187,3.329616,35.228176,7.240144,0.0,47.114331,23.598757,18.832528,22.076211
0.983443,15.865005,24.649867,28.422499,6.870709,41.857853,8.273731,51.827459,0.0,1.367507,13.82452,89.050576
0.0,0.026667,0.068,3.179949,0.026667,0.195192,0.0,29.91228,8.675893,0.0,36.191315,0.026667
0.08,7.452355,36.863707,8.509589,2.608808,8.700869,5.940045,12.198795,10.684675,2.101029,0.0,7.910643
0.938011,127.150749,67.178731,58.714467,18.907864,40.058803,16.070952,37.444197,146.290744,6.24976,41.388581,0.0
