2700.049614
0.251832,1,2
0.797853,1,3
0.162216,1,5
0.208976,1,6
0.086899,1,7
0.110891,1,8
0.110733,1,9
0.013333,1,10
0.152,1,11
1.46952,1,12
0.802051,2,1
9.287349,2,3
5.409072,2,4
9.620061,2,5
19.748472,2,6
3.049765,2,7
15.562181,2,8
17.311621,2,9
0.79112,2,10
6.848211,2,11
43.725837,2,12
0.247149,3,1
22.000461,3,2
27.264048,3,4
11.106859,3,5
54.093411,3,6
12.309309,3,7
39.818323,3,8
11.359752,3,9
1.902659,3,10
7.387075,3,11
21.135397,3,12
0.173189,4,1
12.193811,4,2
99.533304,4,3
22.455669,4,5
26.595384,4,6
33.393909,4,7
24.681645,4,8
14.145512,4,9
23.079459,4,10
23.836045,4,11
48.218701,4,12
0.214187,5,1
22.391328,5,2
18.322555,5,3
1.705621,5,4
5.873205,5,6
1.815784,5,7
4.487539,5,8
7.89256,5,9
0.400536,5,10
3.114528,5,11
6.254005,5,12
0.167947,6,1
7.249792,6,2
62.317216,6,3
9.501048,6,4
3.127413,6,5
9.753163,6,7
13.410776,6,8
18.792333,6,9
0.885331,6,10
5.755171,6,11
45.494035,6,12
0.08,7,1
3.647843,7,2
17.688632,7,3
23.937517,7,4
4.877517,7,5
14.003531,7,6
3.99488,7,8
5.314757,7,9
4.516659,7,10
11.430045,7,11
9.284133,7,12
0.513933,8,1
23.492877,8,2
125.494264,8,3
13.126827,8,4
6.937099,8,5
22.449085,8,6
3.310981,8,7
36.409976,8,9
24.91844,8,10
22.117475,8,11
81.610621,8,12
1.558288,9,1
20.37128,9,2
37.272541,9,3
31.406323,9,4
11.069795,9,5
37.164219,9,6
12.27936,9,7
62.056611,9,8
5.042291,9,10
27.433856,9,11
162.940304,9,12
0.026667,10,2
0.08,10,3
14.595069,10,4
0.027832,10,5
0.438149,10,6
0.026667,10,7
34.669237,10,8
0.742637,10,9
36.706469,10,11
0.026667,10,12
0.026667,11,1
11.78076,11,2
30.155736,11,3
7.905269,11,4
4.450133,11,5
21.196032,11,6
5.852555,11,7
19.842917,11,8
16.306256,11,9
10.073819,11,10
21.063547,11,12
1.830035,12,1
95.399339,12,2
175.608136,12,3
46.331083,12,4
22.548469,12,5
55.254651,12,6
30.953653,12,7
54.605557,12,8
154.761288,12,9
2.851544,12,10
34.783677,12,11
succeed
0.0,0.251832,0.797853,0.0,0.162216,0.208976,0.086899,0.110891,0.110733,0.013333,0.152,1.46952
0.802051,0.0,9.287349,5.409072,9.620061,19.748472,3.049765,15.562181,17.311621,0.79112,6.848211,43.725837
0.247149,22.000461,0.0,27.264048,11.106859,54.093411,12.309309,39.818323,11.359752,1.902659,7.387075,21.135397
0.173189,12.193811,99.533304,0.0,22.455669,26.595384,33.393909,24.681645,14.145512,23.079459,23.836045,48.218701
0.214187,22.391328,18.322555,1.705621,0.0,5.873205,1.815784,4.487539,7.89256,0.400536,3.114528,6.254005
0.167947,7.249792,62.317216,9.501048,3.127413,0.0,9.753163,13.410776,18.792333,0.885331,5.755171,45.494035
0.08,3.647843,17.688632,23.937517,4.877517,14.003531,0.0,3.99488,5.314757,4.516659,11.430045,9.284133
0.513933,23.492877,125.494264,13.126827,6.937099,22.449085,3.310981,0.0,36.409976,24.91844,22.117475,81.610621
1.558288,20.37128,37.272541,31.406323,11.069795,37.164219,12.27936,62.056611,0.0,5.042291,27.433856,162.940304
0.0,0.026667,0.08,14.595069,0.027832,0.438149,0.026667,34.669237,0.742637,0.0,36.706469,0.026667
0.026667,11.78076,30.155736,7.905269,4.450133,21.196032,5.852555,19.842917,16.306256,10.073819,0.0,21.063547
1.830035,95.399339,175.608136,46.331083,22.548469,55.254651,30.953653,54.605557,154.761288,2.851544,34.783677,0.0
