4407.471837
0.524837,1,2
0.592579,1,3
0.026667,1,4
0.260005,1,5
0.695037,1,6
0.71644,1,7
0.220573,1,8
1.087128,1,9
0.02644,1,10
0.997736,1,11
1.658835,1,12
0.497584,2,1
31.491355,2,3
6.5228,2,4
3.435421,2,5
51.384267,2,6
9.78676,2,7
18.114601,2,8
22.098856,2,9
1.313905,2,10
23.457555,2,11
67.673693,2,12
0.472083,3,1
24.788627,3,2
19.878155,3,4
18.800616,3,5
66.804016,3,6
36.207709,3,7
35.095853,3,8
25.153749,3,9
6.632099,3,10
41.409163,3,11
32.85324,3,12
0.220984,4,1
9.893168,4,2
54.143965,4,3
18.197301,4,5
18.180792,4,6
30.154736,4,7
41.544491,4,8
12.875779,4,9
40.406875,4,10
23.014704,4,11
35.525061,4,12
3.882771,5,1
3.734499,5,2
29.430645,5,3
2.097677,5,4
10.083467,5,6
12.530848,5,7
4.284149,5,8
5.662357,5,9
0.406096,5,10
15.108176,5,11
19.210451,5,12
1.281848,6,1
13.244173,6,2
84.09084,6,3
8.421051,6,4
22.336483,6,5
15.459832,6,7
10.935205,6,8
22.250781,6,9
2.886912,6,10
35.313165,6,11
38.531856,6,12
0.136869,7,1
7.269701,7,2
35.286011,7,3
11.413064,7,4
6.256984,7,5
31.175395,7,6
4.387768,7,8
9.268248,7,9
2.44856,7,10
18.354779,7,11
15.210592,7,12
1.750893,8,1
13.553133,8,2
122.342699,8,3
16.821485,8,4
19.11572,8,5
34.710288,8,6
12.026363,8,7
52.344336,8,9
16.288893,8,10
51.343973,8,11
105.891848,8,12
1.691733,9,1
50.011352,9,2
49.211307,9,3
25.445608,9,4
21.620685,9,5
54.222827,9,6
24.933867,9,7
62.871128,9,8
8.947253,9,10
31.247987,9,11
120.558259,9,12
3.624672,10,2
0.124627,10,3
73.11132,10,4
0.08,10,5
0.57884,10,6
0.210883,10,7
10.2662,10,8
0.115429,10,9
24.291816,10,11
4.951139,10,12
4.335016,11,1
105.202867,11,2
222.670544,11,3
94.512368,11,4
67.741437,11,5
188.033635,11,6
139.805259,11,7
24.958203,11,8
58.633459,11,9
25.604443,11,10
176.160336,11,12
3.3808,12,1
92.305139,12,2
102.466347,12,3
78.539688,12,4
36.49628,12,5
89.682768,12,6
30.436424,12,7
102.088984,12,8
344.87384,12,9
7.054128,12,10
60.955816,12,11
succeed
0.0,0.524837,0.592579,0.026667,0.260005,0.695037,0.71644,0.220573,1.087128,0.02644,0.997736,1.658835
0.497584,0.0,31.491355,6.5228,3.435421,51.384267,9.78676,18.114601,22.098856,1.313905,23.457555,67.673693
0.472083,24.788627,0.0,19.878155,18.800616,66.804016,36.207709,35.095853,25.153749,6.632099,41.409163,32.85324
0.220984,9.893168,54.143965,0.0,18.197301,18.180792,30.154736,41.544491,12.875779,40.406875,23.014704,35.525061
3.882771,3.734499,29.430645,2.097677,0.0,10.083467,12.530848,4.284149,5.662357,0.406096,15.108176,19.210451
1.281848,13.244173,84.09084,8.421051,22.336483,0.0,15.459832,10.935205,22.250781,2.886912,35.313165,38.531856
0.136869,7.269701,35.286011,11.413064,6.256984,31.175395,0.0,4.387768,9.268248,2.44856,18.354779,15.210592
1.750893,13.553133,122.342699,16.821485,19.11572,34.710288,12.026363,0.0,52.344336,16.288893,51.343973,105.891848
1.691733,50.011352,49.211307,25.445608,21.620685,54.222827,24.933867,62.871128,0.0,8.947253,31.247987,120.558259
0.0,3.624672,0.124627,73.11132,0.08,0.57884,0.210883,10.2662,0.115429,0.0,24.291816,4.951139
4.335016,105.202867,222.670544,94.512368,67.741437,188.033635,139.805259,24.958203,58.633459,25.604443,0.0,176.160336
3.3808,92.305139,102.466347,78.539688,36.49628,89.682768,30.436424,102.088984,344.87384,7.054128,60.955816,0.0
