3341.748721
0.751688,1,2
0.312419,1,3
0.328339,1,4
0.209664,1,5
0.817053,1,6
2.791963,1,7
0.358728,1,8
0.475792,1,9
0.091904,1,11
1.658003,1,12
0.380835,2,1
12.961104,2,3
5.992395,2,4
5.709117,2,5
17.096925,2,6
4.916707,2,7
25.828584,2,8
12.961051,2,9
2.08076,2,10
6.036296,2,11
54.766323,2,12
1.042728,3,1
30.684797,3,2
14.937325,3,4
5.790005,3,5
47.152581,3,6
9.161861,3,7
56.493899,3,8
10.614261,3,9
3.141259,3,10
14.858376,3,11
26.742757,3,12
0.48548,4,1
32.530784,4,2
42.651707,4,3
19.457661,4,5
31.03984,4,6
18.735395,4,7
12.796139,4,8
15.277939,4,9
10.076488,4,10
23.539173,4,11
37.526128,4,12
3.083352,5,1
10.647445,5,2
17.022757,5,3
10.224555,5,4
4.075461,5,6
3.455427,5,7
19.482576,5,8
3.520869,5,9
0.565691,5,10
3.443779,5,11
5.302069,5,12
0.706987,6,1
22.186907,6,2
99.886645,6,3
11.74148,6,4
8.613984,6,5
11.663779,6,7
63.743048,6,8
34.291664,6,9
2.772363,6,10
9.90144,6,11
33.224877,6,12
0.353056,7,1
7.154835,7,2
30.721515,7,3
11.021576,7,4
5.450429,7,5
9.903707,7,6
9.276184,7,8
11.119995,7,9
0.345619,7,10
2.651653,7,11
12.338323,7,12
2.106379,8,1
64.791837,8,2
112.827787,8,3
21.836579,8,4
14.743435,8,5
55.247371,8,6
10.492413,8,7
76.346669,8,9
15.906088,8,10
65.253677,8,11
130.723979,8,12
1.517131,9,1
60.728088,9,2
98.371099,9,3
116.179632,9,4
12.530507,9,5
46.142285,9,6
28.052627,9,7
94.604043,9,8
6.706237,9,10
27.579219,9,11
95.793789,9,12
0.586275,10,2
0.943979,10,3
10.948693,10,4
0.107232,10,5
5.410515,10,6
0.240411,10,7
49.596749,10,8
0.396397,10,9
38.912549,10,11
0.916101,10,12
0.848197,11,1
16.180411,11,2
24.43484,11,3
6.348365,11,4
7.671579,11,5
18.21224,11,6
13.419016,11,7
51.611456,11,8
14.135013,11,9
6.151149,11,10
16.935491,11,12
1.230821,12,1
98.709349,12,2
93.455259,12,3
74.710672,12,4
40.494339,12,5
91.584987,12,6
36.347944,12,7
139.234107,12,8
183.014301,12,9
5.194112,12,10
34.129021,12,11
succeed
0.0,0.751688,0.312419,0.328339,0.209664,0.817053,2.791963,0.358728,0.475792,0.0,0.091904,1.658003
0.380835,0.0,12.961104,5.992395,5.709117,17.096925,4.916707,25.828584,12.961051,2.08076,6.036296,54.766323
1.042728,30.684797,0.0,14.937325,5.790005,47.152581,9.161861,56.493899,10.614261,3.141259,14.858376,26.742757
0.48548,32.530784,42.651707,0.0,19.457661,31.03984,18.735395,12.796139,15.277939,10.076488,23.539173,37.526128
3.083352,10.647445,17.022757,10.224555,0.0,4.075461,3.455427,19.482576,3.520869,0.565691,3.443779,5.302069
0.706987,22.186907,99.886645,11.74148,8.613984,0.0,11.663779,63.743048,34.291664,2.772363,9.90144,33.224877
0.353056,7.154835,30.721515,11.021576,5.450429,9.903707,0.0,9.276184,11.119995,0.345619,2.651653,12.338323
2.106379,64.791837,112.827787,21.836579,14.743435,55.247371,10.492413,0.0,76.346669,15.906088,65.253677,130.723979
1.517131,60.728088,98.371099,116.179632,12.530507,46.142285,28.052627,94.604043,0.0,6.706237,27.579219,95.793789
0.0,0.586275,0.943979,10.948693,0.107232,5.410515,0.240411,49.596749,0.396397,0.0,38.912549,0.916101
0.848197,16.180411,24.43484,6.348365,7.671579,18.21224,13.419016,51.611456,14.135013,6.151149,0.0,16.935491
1.230821,98.709349,93.455259,74.710672,40.494339,91.584987,36.347944,139.234107,183.014301,5.194112,34.129021,0.0
