1804.246915
0.326429,1,2
0.560539,1,3
0.0608,1,4
0.053432,1,5
0.026667,1,6
0.216544,1,8
0.344256,1,9
0.096371,1,11
0.846616,1,12
0.542811,2,1
4.491688,2,3
5.926216,2,4
0.560904,2,5
14.739984,2,6
2.526016,2,7
19.917759,2,8
4.314589,2,9
0.092927,2,10
2.235085,2,11
36.233899,2,12
0.513933,3,1
7.407237,3,2
8.301283,3,4
9.168157,3,5
46.664371,3,6
17.429053,3,7
34.002003,3,8
18.516984,3,9
3.728584,3,10
5.710469,3,11
42.89408,3,12
0.1968,4,1
5.313075,4,2
42.445643,4,3
21.028557,4,5
24.512883,4,6
9.664443,4,7
4.217568,4,8
19.109939,4,9
5.81832,4,10
9.586965,4,11
36.519432,4,12
0.708725,5,1
1.378133,5,2
7.290411,5,3
1.790171,5,4
0.678419,5,6
7.794501,5,7
2.780728,5,8
1.777093,5,9
0.0416,5,10
1.329176,5,11
2.385368,5,12
18.228997,6,2
34.403875,6,3
6.347765,6,4
4.29528,6,5
4.147963,6,7
19.916411,6,8
9.728915,6,9
0.053333,6,10
6.812523,6,11
15.590323,6,12
0.07088,7,1
2.652195,7,2
12.235747,7,3
4.0362,7,4
2.443667,7,5
8.9904,7,6
5.038187,7,8
0.913088,7,9
2.010563,7,10
3.176291,7,11
11.207181,7,12
0.327309,8,1
12.814768,8,2
57.920747,8,3
15.145605,8,4
5.718304,8,5
5.357851,8,6
5.169376,8,7
22.474192,8,9
19.312211,8,10
22.087437,8,11
73.841163,8,12
0.439296,9,1
19.681976,9,2
16.216123,9,3
24.1026,9,4
3.798461,9,5
15.104195,9,6
6.320888,9,7
57.635363,9,8
0.45684,9,10
13.255571,9,11
46.123547,9,12
0.088181,10,2
0.026667,10,3
0.719341,10,4
0.026667,10,5
0.204512,10,6
34.085832,10,8
0.053333,10,9
47.878251,10,11
0.053333,10,12
0.2062,11,1
5.047587,11,2
47.513667,11,3
1.672261,11,4
0.969992,11,5
3.765072,11,6
0.766709,11,7
8.124211,11,8
4.900912,11,9
3.939024,11,10
3.796352,11,12
0.371715,12,1
90.206069,12,2
45.047293,12,3
54.6982,12,4
17.17096,12,5
22.840723,12,6
41.982088,12,7
92.661981,12,8
128.873632,12,9
6.122096,12,10
30.012811,12,11
succeed
0.0,0.326429,0.560539,0.0608,0.053432,0.026667,0.0,0.216544,0.344256,0.0,0.096371,0.846616
0.542811,0.0,4.491688,5.926216,0.560904,14.739984,2.526016,19.917759,4.314589,0.092927,2.235085,36.233899
0.513933,7.407237,0.0,8.301283,9.168157,46.664371,17.429053,34.002003,18.516984,3.728584,5.710469,42.89408
0.1968,5.313075,42.445643,0.0,21.028557,24.512883,9.664443,4.217568,19.109939,5.81832,9.586965,36.519432
0.708725,1.378133,7.290411,1.790171,0.0,0.678419,7.794501,2.780728,1.777093,0.0416,1.329176,2.385368
0.0,18.228997,34.403875,6.347765,4.29528,0.0,4.147963,19.916411,9.728915,0.053333,6.812523,15.590323
0.07088,2.652195,12.235747,4.0362,2.443667,8.9904,0.0,5.038187,0.913088,2.010563,3.176291,11.207181
0.327309,12.814768,57.920747,15.145605,5.718304,5.357851,5.169376,0.0,22.474192,19.312211,22.087437,73.841163
0.439296,19.681976,16.216123,24.1026,3.798461,15.104195,6.320888,57.635363,0.0,0.45684,13.255571,46.123547
0.0,0.088181,0.026667,0.719341,0.026667,0.204512,0.0,34.085832,0.053333,0.0,47.878251,0.053333
0.2062,5.047587,47.513667,1.672261,0.969992,3.765072,0.766709,8.124211,4.900912,3.939024,0.0,3.796352
0.371715,90.206069,45.047293,54.6982,17.17096,22.840723,41.982088,92.661981,128.873632,6.122096,30.012811,0.0
