3226.2821400000003
0.080205,1,2
1.279029,1,3
0.761251,1,5
0.709312,1,6
0.090123,1,7
0.302997,1,9
0.026667,1,11
0.11072,1,12
36.517333,2,3
0.054176,2,4
55.020216,2,5
20.510285,2,6
4.376859,2,7
0.086043,2,8
12.628285,2,9
0.026923,2,10
0.995621,2,11
54.668059,2,12
23.140883,3,2
17.590925,3,4
125.472528,3,5
54.921067,3,6
15.760016,3,7
0.797741,3,8
31.775688,3,9
0.053333,3,10
2.235765,3,11
36.686381,3,12
4.360429,4,2
50.798013,4,3
45.09588,4,5
77.929024,4,6
16.108995,4,7
14.390584,4,9
8.863691,4,10
1.374744,4,11
38.377432,4,12
44.49308,5,2
0.926629,5,3
0.058531,5,4
0.08,5,6
0.026667,5,7
6.464459,5,9
0.053333,5,10
0.20096,5,11
127.559651,5,12
12.997763,6,2
123.874339,6,3
13.486048,6,4
78.093733,6,5
29.760331,6,7
64.061947,6,9
0.070256,6,10
1.504637,6,11
51.995091,6,12
3.424235,7,2
15.347939,7,3
6.319032,7,4
10.978701,7,5
15.308192,7,6
0.162659,7,8
10.850869,7,9
0.110109,7,11
12.376597,7,12
37.84476,8,2
8.980144,8,3
30.969517,8,4
144.342331,8,5
1.466437,8,6
0.471541,8,7
80.033477,8,9
12.772835,8,10
30.407432,8,11
119.251533,8,12
42.877827,9,2
78.489851,9,3
36.735072,9,4
152.299485,9,5
62.872219,9,6
18.886635,9,7
0.819443,9,8
5.222869,9,11
88.732091,9,12
0.133333,10,2
0.852965,10,3
19.432064,10,4
3.739328,10,5
0.053333,10,6
0.106667,10,7
31.575547,10,8
10.560797,10,9
46.367739,10,11
0.709544,10,12
12.274717,11,2
3.640824,11,3
2.941131,11,4
38.250579,11,5
1.095704,11,6
4.315885,11,7
24.403699,11,8
13.055027,11,9
5.717584,11,10
11.953539,11,12
111.797293,12,2
100.494053,12,3
6.325933,12,4
229.110968,12,5
47.123651,12,6
22.721451,12,7
0.08,12,8
123.968043,12,9
0.206448,12,10
15.235784,12,11
succeed
0.0,0.080205,1.279029,0.0,0.761251,0.709312,0.090123,0.0,0.302997,0.0,0.026667,0.11072
0.0,0.0,36.517333,0.054176,55.020216,20.510285,4.376859,0.086043,12.628285,0.026923,0.995621,54.668059
0.0,23.140883,0.0,17.590925,125.472528,54.921067,15.760016,0.797741,31.775688,0.053333,2.235765,36.686381
0.0,4.360429,50.798013,0.0,45.09588,77.929024,16.108995,0.0,14.390584,8.863691,1.374744,38.377432
0.0,44.49308,0.926629,0.058531,0.0,0.08,0.026667,0.0,6.464459,0.053333,0.20096,127.559651
0.0,12.997763,123.874339,13.486048,78.093733,0.0,29.760331,0.0,64.061947,0.070256,1.504637,51.995091
0.0,3.424235,15.347939,6.319032,10.978701,15.308192,0.0,0.162659,10.850869,0.0,0.110109,12.376597
0.0,37.84476,8.980144,30.969517,144.342331,1.466437,0.471541,0.0,80.033477,12.772835,30.407432,119.251533
0.0,42.877827,78.489851,36.735072,152.299485,62.872219,18.886635,0.819443,0.0,0.0,5.222869,88.732091
0.0,0.133333,0.852965,19.432064,3.739328,0.053333,0.106667,31.575547,10.560797,0.0,46.367739,0.709544
0.0,12.274717,3.640824,2.941131,38.250579,1.095704,4.315885,24.403699,13.055027,5.717584,0.0,11.953539
0.0,111.797293,100.494053,6.325933,229.110968,47.123651,22.721451,0.08,123.968043,0.206448,15.235784,0.0
