2370.839687
0.026667,1,2
0.115595,1,3
0.026667,1,5
0.462069,1,8
0.042219,1,9
0.026667,1,11
0.203165,1,12
0.213336,2,1
6.32268,2,3
4.562549,2,4
37.402328,2,5
18.322344,2,6
0.413917,2,7
15.199504,2,8
6.092512,2,9
0.227496,2,10
7.57408,2,11
41.988565,2,12
15.227621,3,2
16.125891,3,4
4.976768,3,5
32.693067,3,6
4.310715,3,7
50.465368,3,8
6.975043,3,9
1.370883,3,10
8.734987,3,11
10.659672,3,12
0.089365,4,1
4.67896,4,2
62.659661,4,3
13.654635,4,5
34.805957,4,6
13.645136,4,7
21.577019,4,8
13.834739,4,9
7.580763,4,10
6.81488,4,11
32.893944,4,12
0.087957,5,1
3.773027,5,2
12.053027,5,3
0.963451,5,4
0.594973,5,6
0.639811,5,7
9.708163,5,8
3.513515,5,9
1.303568,5,11
1.177888,5,12
0.026667,6,1
18.781131,6,2
92.320488,6,3
6.790699,6,4
2.310419,6,5
4.273851,6,7
55.281264,6,8
28.986829,6,9
0.49608,6,10
18.470952,6,11
11.6944,6,12
2.148715,7,2
29.384755,7,3
11.390427,7,4
6.053776,7,5
12.550997,7,6
4.413725,7,8
1.458787,7,9
0.282667,7,10
3.573645,7,11
6.42664,7,12
13.616323,8,2
154.802616,8,3
6.423011,8,4
2.5622,8,5
31.871235,8,6
4.270139,8,7
41.3188,8,9
9.326629,8,10
35.070435,8,11
73.722368,8,12
8.2818,9,1
25.587181,9,2
45.592941,9,3
23.278069,9,4
11.756533,9,5
21.648749,9,6
5.572557,9,7
125.154933,9,8
2.034779,9,10
40.466552,9,11
56.960301,9,12
11.690475,10,2
2.020808,10,3
2.738379,10,4
0.027541,10,5
0.380715,10,6
0.026667,10,7
38.641131,10,8
0.357856,10,9
29.407224,10,11
0.210693,10,12
7.624571,11,2
35.787395,11,3
6.539072,11,4
7.267187,11,5
9.388691,11,6
3.768453,11,7
27.655243,11,8
18.628875,11,9
2.73524,11,10
5.97552,11,12
0.026667,12,1
131.729645,12,2
71.273264,12,3
49.949064,12,4
18.281307,12,5
24.552848,12,6
7.421069,12,7
118.595853,12,8
112.084899,12,9
5.271227,12,10
27.534229,12,11
succeed
0.0,0.026667,0.115595,0.0,0.026667,0.0,0.0,0.462069,0.042219,0.0,0.026667,0.203165
0.213336,0.0,6.32268,4.562549,37.402328,18.322344,0.413917,15.199504,6.092512,0.227496,7.57408,41.988565
0.0,15.227621,0.0,16.125891,4.976768,32.693067,4.310715,50.465368,6.975043,1.370883,8.734987,10.659672
0.089365,4.67896,62.659661,0.0,13.654635,34.805957,13.645136,21.577019,13.834739,7.580763,6.81488,32.893944
0.087957,3.773027,12.053027,0.963451,0.0,0.594973,0.639811,9.708163,3.513515,0.0,1.303568,1.177888
0.026667,18.781131,92.320488,6.790699,2.310419,0.0,4.273851,55.281264,28.986829,0.49608,18.470952,11.6944
0.0,2.148715,29.384755,11.390427,6.053776,12.550997,0.0,4.413725,1.458787,0.282667,3.573645,6.42664
0.0,13.616323,154.802616,6.423011,2.5622,31.871235,4.270139,0.0,41.3188,9.326629,35.070435,73.722368
8.2818,25.587181,45.592941,23.278069,11.756533,21.648749,5.572557,125.154933,0.0,2.034779,40.466552,56.960301
0.0,11.690475,2.020808,2.738379,0.027541,0.380715,0.026667,38.641131,0.357856,0.0,29.407224,0.210693
0.0,7.624571,35.787395,6.539072,7.267187,9.388691,3.768453,27.655243,18.628875,2.73524,0.0,5.97552
0.026667,131.729645,71.273264,49.949064,18.281307,24.552848,7.421069,118.595853,112.084899,5.271227,27.534229,0.0
