3554.816369
0.392824,1,2
1.031661,1,3
3.885739,1,5
0.895989,1,6
0.450059,1,7
0.394643,1,9
0.026667,1,11
1.363237,1,12
21.300741,2,3
0.053333,2,4
46.190928,2,5
33.075808,2,6
3.350648,2,7
0.026667,2,8
13.182395,2,9
0.049021,2,10
0.935651,2,11
46.483171,2,12
29.467933,3,2
30.138739,3,4
121.379923,3,5
96.618936,3,6
34.951936,3,7
0.073069,3,8
36.730952,3,9
0.385803,3,10
2.103256,3,11
71.277851,3,12
5.858624,4,2
78.266443,4,3
36.489461,4,5
30.194899,4,6
10.104024,4,7
0.094939,4,8
15.306992,4,9
8.778147,4,10
7.370045,4,11
38.939261,4,12
63.997027,5,2
1.765803,5,3
0.026667,5,6
0.053333,5,7
0.026667,5,8
6.674752,5,9
0.087909,5,11
88.840821,5,12
22.020525,6,2
146.063528,6,3
16.26936,6,4
86.202296,6,5
13.241952,6,7
0.381717,6,8
95.723421,6,9
0.320515,6,10
0.521965,6,11
60.121435,6,12
5.289267,7,2
27.928691,7,3
7.336845,7,4
20.99028,7,5
13.256605,7,6
9.404245,7,9
0.311928,7,11
17.981437,7,12
47.369819,8,2
14.0094,8,3
39.283859,8,4
205.696173,8,5
0.866581,8,6
0.840288,8,7
98.791373,8,9
13.457219,8,10
23.436584,8,11
82.681635,8,12
38.437544,9,2
69.068717,9,3
39.329979,9,4
144.9962,9,5
60.939587,9,6
21.897947,9,7
0.165365,9,8
5.151133,9,10
2.740192,9,11
147.507347,9,12
6.439923,10,2
0.186667,10,3
7.480624,10,4
9.355389,10,5
0.916336,10,7
54.976955,10,8
1.361829,10,9
48.346763,10,11
1.295037,10,12
9.596408,11,2
0.930624,11,3
18.274696,11,4
35.222251,11,5
0.066667,11,6
7.513056,11,7
24.787413,11,8
16.445853,11,9
3.434605,11,10
9.16544,11,12
107.777949,12,2
101.774808,12,3
5.937648,12,4
226.140363,12,5
57.695547,12,6
14.313373,12,7
0.032957,12,8
190.095981,12,9
6.124859,12,11
succeed
0.0,0.392824,1.031661,0.0,3.885739,0.895989,0.450059,0.0,0.394643,0.0,0.026667,1.363237
0.0,0.0,21.300741,0.053333,46.190928,33.075808,3.350648,0.026667,13.182395,0.049021,0.935651,46.483171
0.0,29.467933,0.0,30.138739,121.379923,96.618936,34.951936,0.073069,36.730952,0.385803,2.103256,71.277851
0.0,5.858624,78.266443,0.0,36.489461,30.194899,10.104024,0.094939,15.306992,8.778147,7.370045,38.939261
0.0,63.997027,1.765803,0.0,0.0,0.026667,0.053333,0.026667,6.674752,0.0,0.087909,88.840821
0.0,22.020525,146.063528,16.26936,86.202296,0.0,13.241952,0.381717,95.723421,0.320515,0.521965,60.121435
0.0,5.289267,27.928691,7.336845,20.99028,13.256605,0.0,0.0,9.404245,0.0,0.311928,17.981437
0.0,47.369819,14.0094,39.283859,205.696173,0.866581,0.840288,0.0,98.791373,13.457219,23.436584,82.681635
0.0,38.437544,69.068717,39.329979,144.9962,60.939587,21.897947,0.165365,0.0,5.151133,2.740192,147.507347
0.0,6.439923,0.186667,7.480624,9.355389,0.0,0.916336,54.976955,1.361829,0.0,48.346763,1.295037
0.0,9.596408,0.930624,18.274696,35.222251,0.066667,7.513056,24.787413,16.445853,3.434605,0.0,9.16544
0.0,107.777949,101.774808,5.937648,226.140363,57.695547,14.313373,0.032957,190.095981,0.0,6.124859,0.0
