2506.538982
0.431939,1,2
0.36668,1,3
0.142235,1,4
0.168061,1,5
0.99644,1,6
0.119456,1,7
0.301267,1,8
0.623523,1,9
0.733973,1,11
1.051872,1,12
0.262912,2,1
22.136728,2,3
3.062808,2,4
4.904965,2,5
27.634893,2,6
5.39868,2,7
14.041752,2,8
9.119368,2,9
1.032613,2,10
15.962485,2,11
56.748248,2,12
0.377117,3,1
25.906805,3,2
8.033925,3,4
11.338637,3,5
47.448816,3,6
9.991333,3,7
24.655517,3,8
10.109629,3,9
2.68228,3,10
25.955595,3,11
24.068168,3,12
0.881075,4,1
4.068451,4,2
35.892056,4,3
5.559035,4,5
20.926536,4,6
10.446253,4,7
7.569027,4,8
12.656019,4,9
7.625067,4,10
13.600317,4,11
27.376184,4,12
2.93372,5,1
6.525245,5,2
15.242331,5,3
1.073984,5,4
3.941883,5,6
5.526819,5,7
2.893309,5,8
5.983005,5,9
0.068835,5,10
9.536451,5,11
5.812005,5,12
0.112251,6,1
9.557675,6,2
70.429859,6,3
13.914339,6,4
2.259371,6,5
8.934355,6,7
20.294245,6,8
10.393029,6,9
0.35192,6,10
35.607923,6,11
19.579952,6,12
0.152749,7,1
6.471571,7,2
46.829117,7,3
9.012181,7,4
2.543387,7,5
11.005648,7,6
5.505144,7,8
4.888475,7,9
2.277795,7,10
12.754392,7,11
11.2672,7,12
1.130923,8,1
11.767944,8,2
130.600091,8,3
17.375232,8,4
2.863896,8,5
12.690989,8,6
9.038376,8,7
39.192507,8,9
19.611456,8,10
46.726411,8,11
52.074392,8,12
1.469259,9,1
26.244509,9,2
32.772475,9,3
13.013344,9,4
7.717483,9,5
15.828293,9,6
8.181371,9,7
62.010728,9,8
0.971939,9,10
20.135904,9,11
66.063501,9,12
0.026667,10,2
0.092005,10,3
0.472584,10,4
0.480181,10,6
0.122229,10,7
7.252949,10,8
0.076488,10,9
19.113371,10,11
0.695045,10,12
1.954061,11,1
50.14932,11,2
83.647269,11,3
4.632603,11,4
19.311968,11,5
64.191264,11,6
41.643256,11,7
33.286291,11,8
26.160131,11,9
1.633027,11,10
92.622384,11,12
2.023731,12,1
137.043229,12,2
91.131115,12,3
41.588515,12,4
6.640035,12,5
40.078501,12,6
13.952608,12,7
60.479496,12,8
156.448635,12,9
1.075509,12,10
44.944587,12,11
succeed
0.0,0.431939,0.36668,0.142235,0.168061,0.99644,0.119456,0.301267,0.623523,0.0,0.733973,1.051872
0.262912,0.0,22.136728,3.062808,4.904965,27.634893,5.39868,14.041752,9.119368,1.032613,15.962485,56.748248
0.377117,25.906805,0.0,8.033925,11.338637,47.448816,9.991333,24.655517,10.109629,2.68228,25.955595,24.068168
0.881075,4.068451,35.892056,0.0,5.559035,20.926536,10.446253,7.569027,12.656019,7.625067,13.600317,27.376184
2.93372,6.525245,15.242331,1.073984,0.0,3.941883,5.526819,2.893309,5.983005,0.068835,9.536451,5.812005
0.112251,9.557675,70.429859,13.914339,2.259371,0.0,8.934355,20.294245,10.393029,0.35192,35.607923,19.579952
0.152749,6.471571,46.829117,9.012181,2.543387,11.005648,0.0,5.505144,4.888475,2.277795,12.754392,11.2672
1.130923,11.767944,130.600091,17.375232,2.863896,12.690989,9.038376,0.0,39.192507,19.611456,46.726411,52.074392
1.469259,26.244509,32.772475,13.013344,7.717483,15.828293,8.181371,62.010728,0.0,0.971939,20.135904,66.063501
0.0,0.026667,0.092005,0.472584,0.0,0.480181,0.122229,7.252949,0.076488,0.0,19.113371,0.695045
1.954061,50.14932,83.647269,4.632603,19.311968,64.191264,41.643256,33.286291,26.160131,1.633027,0.0,92.622384
2.023731,137.043229,91.131115,41.588515,6.640035,40.078501,13.952608,60.479496,156.448635,1.075509,44.944587,0.0
