2348.133085
0.289725,1,3
0.026667,1,4
0.067667,1,5
0.153952,1,8
0.081648,1,9
0.026667,1,11
0.180392,1,12
0.026667,2,1
10.351141,2,3
4.507523,2,4
16.158771,2,5
11.329163,2,6
0.902229,2,7
13.05548,2,8
7.452112,2,9
0.057379,2,10
6.567277,2,11
28.461989,2,12
0.164992,3,1
12.294928,3,2
10.098624,3,4
8.688579,3,5
23.613325,3,6
5.860925,3,7
28.435056,3,8
20.2868,3,9
0.660875,3,10
6.953691,3,11
22.824536,3,12
0.16732,4,1
11.520067,4,2
53.438032,4,3
24.902051,4,5
31.743605,4,6
17.842285,4,7
27.909715,4,8
13.117173,4,9
19.138576,4,10
17.706891,4,11
36.17116,4,12
2.401397,5,1
15.063739,5,2
13.282115,5,3
2.280373,5,4
0.917848,5,6
0.925957,5,7
11.975901,5,8
2.021371,5,9
0.026667,5,10
3.580755,5,11
2.032752,5,12
11.930067,6,2
46.155648,6,3
8.873824,6,4
0.337627,6,5
1.851352,6,7
15.039133,6,8
10.368568,6,9
0.339976,6,10
13.819405,6,11
17.584797,6,12
3.520829,7,2
19.239797,7,3
4.806827,7,4
15.536757,7,5
12.711373,7,6
5.459493,7,8
3.189928,7,9
3.63964,7,10
3.571147,7,11
8.550384,7,12
0.161565,8,1
15.922037,8,2
70.779088,8,3
10.031717,8,4
4.546549,8,5
9.565368,8,6
5.938829,8,7
26.030709,8,9
17.61612,8,10
33.008304,8,11
95.5434,8,12
2.563117,9,1
13.733336,9,2
25.431893,9,3
25.658493,9,4
13.343085,9,5
13.7928,9,6
4.128893,9,7
66.210496,9,8
4.494563,9,10
34.859947,9,11
82.991624,9,12
1.511291,10,2
0.026667,10,3
0.758664,10,4
0.026667,10,5
0.178507,10,6
0.026667,10,7
38.327899,10,8
0.469635,10,9
39.619341,10,11
0.026667,10,12
7.061283,11,2
15.0008,11,3
2.018645,11,4
2.099187,11,5
5.413403,11,6
3.124384,11,7
201.8588,11,8
11.393352,11,9
3.958917,11,10
7.456077,11,12
1.765107,12,1
120.8366,12,2
80.049731,12,3
47.478971,12,4
21.638333,12,5
32.016744,12,6
11.094565,12,7
138.806259,12,8
159.712357,12,9
7.522645,12,10
56.231885,12,11
succeed
0.0,0.0,0.289725,0.026667,0.067667,0.0,0.0,0.153952,0.081648,0.0,0.026667,0.180392
0.026667,0.0,10.351141,4.507523,16.158771,11.329163,0.902229,13.05548,7.452112,0.057379,6.567277,28.461989
0.164992,12.294928,0.0,10.098624,8.688579,23.613325,5.860925,28.435056,20.2868,0.660875,6.953691,22.824536
0.16732,11.520067,53.438032,0.0,24.902051,31.743605,17.842285,27.909715,13.117173,19.138576,17.706891,36.17116
2.401397,15.063739,13.282115,2.280373,0.0,0.917848,0.925957,11.975901,2.021371,0.026667,3.580755,2.032752
0.0,11.930067,46.155648,8.873824,0.337627,0.0,1.851352,15.039133,10.368568,0.339976,13.819405,17.584797
0.0,3.520829,19.239797,4.806827,15.536757,12.711373,0.0,5.459493,3.189928,3.63964,3.571147,8.550384
0.161565,15.922037,70.779088,10.031717,4.546549,9.565368,5.938829,0.0,26.030709,17.61612,33.008304,95.5434
2.563117,13.733336,25.431893,25.658493,13.343085,13.7928,4.128893,66.210496,0.0,4.494563,34.859947,82.991624
0.0,1.511291,0.026667,0.758664,0.026667,0.178507,0.026667,38.327899,0.469635,0.0,39.619341,0.026667
0.0,7.061283,15.0008,2.018645,2.099187,5.413403,3.124384,201.8588,11.393352,3.958917,0.0,7.456077
1.765107,120.8366,80.049731,47.478971,21.638333,32.016744,11.094565,138.806259,159.712357,7.522645,56.231885,0.0
