2008.208631
0.182147,1,3
0.380485,1,4
0.089715,1,5
0.037133,1,7
0.312403,1,8
0.053333,1,9
0.139624,1,12
0.088995,2,1
13.082219,2,3
4.082048,2,4
13.555976,2,5
11.575107,2,6
0.289725,2,7
13.313445,2,8
3.007523,2,9
0.197621,2,10
4.666867,2,11
22.196053,2,12
0.409467,3,1
6.153389,3,2
10.305853,3,4
5.802187,3,5
23.701755,3,6
6.958645,3,7
26.27924,3,8
11.464173,3,9
0.306592,3,10
10.455605,3,11
16.133475,3,12
0.282797,4,1
4.962011,4,2
72.162795,4,3
26.491701,4,5
22.527421,4,6
16.871419,4,7
11.772384,4,8
16.855789,4,9
21.127136,4,10
27.171019,4,11
43.471032,4,12
2.244056,5,1
6.771245,5,2
24.951075,5,3
1.151619,5,4
0.805336,5,6
1.065528,5,7
11.842968,5,8
3.085123,5,9
1.113419,5,11
3.658648,5,12
8.130667,6,2
43.067147,6,3
6.251787,6,4
0.181677,6,5
3.514381,6,7
14.164288,6,8
5.396869,6,9
0.171443,6,10
20.615448,6,11
26.850275,6,12
0.03632,7,1
1.591885,7,2
13.011989,7,3
3.99524,7,4
12.527941,7,5
13.875672,7,6
6.377579,7,8
2.093949,7,9
2.299648,7,10
2.951093,7,11
7.293125,7,12
0.02924,8,1
14.247587,8,2
80.123771,8,3
8.081256,8,4
8.405307,8,5
8.417672,8,6
8.189013,8,7
26.031085,8,9
19.578192,8,10
27.861587,8,11
69.175355,8,12
1.08156,9,1
11.232368,9,2
23.904573,9,3
25.897597,9,4
13.724525,9,5
12.037384,9,6
4.323437,9,7
75.351917,9,8
0.616032,9,10
26.823291,9,11
76.558069,9,12
0.221301,10,2
1.036627,10,4
0.222533,10,6
37.784936,10,8
0.294693,10,9
42.226067,10,11
0.032203,10,12
5.50456,11,2
12.363403,11,3
3.45328,11,4
3.657472,11,5
2.908589,11,6
1.335629,11,7
17.937072,11,8
5.510803,11,9
5.794645,11,10
4.637323,11,12
0.104256,12,1
81.712379,12,2
64.311752,12,3
58.731352,12,4
19.018408,12,5
55.777523,12,6
12.746325,12,7
127.379965,12,8
130.912301,12,9
2.931872,12,10
47.9668,12,11
succeed
0.0,0.0,0.182147,0.380485,0.089715,0.0,0.037133,0.312403,0.053333,0.0,0.0,0.139624
0.088995,0.0,13.082219,4.082048,13.555976,11.575107,0.289725,13.313445,3.007523,0.197621,4.666867,22.196053
0.409467,6.153389,0.0,10.305853,5.802187,23.701755,6.958645,26.27924,11.464173,0.306592,10.455605,16.133475
0.282797,4.962011,72.162795,0.0,26.491701,22.527421,16.871419,11.772384,16.855789,21.127136,27.171019,43.471032
2.244056,6.771245,24.951075,1.151619,0.0,0.805336,1.065528,11.842968,3.085123,0.0,1.113419,3.658648
0.0,8.130667,43.067147,6.251787,0.181677,0.0,3.514381,14.164288,5.396869,0.171443,20.615448,26.850275
0.03632,1.591885,13.011989,3.99524,12.527941,13.875672,0.0,6.377579,2.093949,2.299648,2.951093,7.293125
0.02924,14.247587,80.123771,8.081256,8.405307,8.417672,8.189013,0.0,26.031085,19.578192,27.861587,69.175355
1.08156,11.232368,23.904573,25.897597,13.724525,12.037384,4.323437,75.351917,0.0,0.616032,26.823291,76.558069
0.0,0.221301,0.0,1.036627,0.0,0.222533,0.0,37.784936,0.294693,0.0,42.226067,0.032203
0.0,5.50456,12.363403,3.45328,3.657472,2.908589,1.335629,17.937072,5.510803,5.794645,0.0,4.637323
0.104256,81.712379,64.311752,58.731352,19.018408,55.777523,12.746325,127.379965,130.912301,2.931872,47.9668,0.0
