3108.755877
0.150667,1,2
0.309952,1,3
1.083323,1,5
0.145469,1,6
0.026667,1,7
0.593059,1,9
1.831195,1,12
11.149189,2,3
0.026667,2,4
38.485205,2,5
27.174541,2,6
3.965,2,7
24.945789,2,9
0.026667,2,10
0.026667,2,11
73.26808,2,12
22.151163,3,2
23.400627,3,4
111.518504,3,5
45.334952,3,6
10.374032,3,7
0.343309,3,8
23.735797,3,9
1.330861,3,11
33.692856,3,12
7.040683,4,2
64.674344,4,3
27.482651,4,5
33.095157,4,6
8.921611,4,7
24.364837,4,9
7.496005,4,10
0.053333,4,11
38.125656,4,12
34.819525,5,2
2.231955,5,3
0.026667,5,4
0.08,5,6
0.026667,5,7
5.320493,5,9
0.026667,5,10
0.026667,5,11
88.717669,5,12
15.322507,6,2
165.454667,6,3
9.907469,6,4
117.808203,6,5
28.575928,6,7
22.96944,6,9
0.128803,6,10
0.053333,6,11
12.881195,6,12
6.04056,7,2
35.985659,7,3
8.537768,7,4
23.145971,7,5
13.627093,7,6
7.609973,7,9
0.053333,7,11
9.322771,7,12
30.354632,8,2
18.457131,8,3
6.182437,8,4
165.403149,8,5
0.685939,8,6
0.089749,8,7
48.668573,8,9
9.906528,8,10
25.360747,8,11
83.711504,8,12
25.584088,9,2
70.933765,9,3
39.761195,9,4
100.859755,9,5
49.621611,9,6
15.619456,9,7
0.220651,9,8
0.054373,9,10
4.260147,9,11
83.789283,9,12
0.167392,10,2
0.537117,10,3
1.157251,10,4
4.217029,10,5
0.381784,10,7
31.054408,10,8
3.060493,10,9
53.355267,10,11
0.377835,10,12
9.062256,11,2
25.672893,11,3
5.584235,11,4
43.874952,11,5
0.288472,11,6
2.482976,11,7
19.786509,11,8
11.201067,11,9
4.814853,11,10
36.713832,11,12
153.888739,12,2
82.231717,12,3
5.868067,12,4
308.719947,12,5
38.092077,12,6
16.737173,12,7
187.870341,12,9
0.267912,12,10
6.719072,12,11
succeed
0.0,0.150667,0.309952,0.0,1.083323,0.145469,0.026667,0.0,0.593059,0.0,0.0,1.831195
0.0,0.0,11.149189,0.026667,38.485205,27.174541,3.965,0.0,24.945789,0.026667,0.026667,73.26808
0.0,22.151163,0.0,23.400627,111.518504,45.334952,10.374032,0.343309,23.735797,0.0,1.330861,33.692856
0.0,7.040683,64.674344,0.0,27.482651,33.095157,8.921611,0.0,24.364837,7.496005,0.053333,38.125656
0.0,34.819525,2.231955,0.026667,0.0,0.08,0.026667,0.0,5.320493,0.026667,0.026667,88.717669
0.0,15.322507,165.454667,9.907469,117.808203,0.0,28.575928,0.0,22.96944,0.128803,0.053333,12.881195
0.0,6.04056,35.985659,8.537768,23.145971,13.627093,0.0,0.0,7.609973,0.0,0.053333,9.322771
0.0,30.354632,18.457131,6.182437,165.403149,0.685939,0.089749,0.0,48.668573,9.906528,25.360747,83.711504
0.0,25.584088,70.933765,39.761195,100.859755,49.621611,15.619456,0.220651,0.0,0.054373,4.260147,83.789283
0.0,0.167392,0.537117,1.157251,4.217029,0.0,0.381784,31.054408,3.060493,0.0,53.355267,0.377835
0.0,9.062256,25.672893,5.584235,43.874952,0.288472,2.482976,19.786509,11.201067,4.814853,0.0,36.713832
0.0,153.888739,82.231717,5.868067,308.719947,38.092077,16.737173,0.0,187.870341,0.267912,6.719072,0.0
