2222.892823
0.146357,1,2
0.058667,1,3
0.040592,1,5
0.026667,1,6
0.105333,1,8
0.038979,1,10
0.194117,1,11
0.242336,1,12
0.118848,2,1
10.957997,2,3
2.207333,2,4
2.12036,2,5
20.444507,2,6
1.580712,2,7
13.8254,2,8
4.152848,2,9
0.101469,2,10
8.682163,2,11
20.681512,2,12
0.04176,3,1
41.681656,3,2
8.090067,3,4
7.189387,3,5
17.931704,3,6
8.805336,3,7
45.718403,3,8
38.521208,3,9
3.277101,3,10
17.743173,3,11
20.444859,3,12
0.16288,4,1
7.556968,4,2
42.880784,4,3
31.419584,4,5
26.793656,4,6
21.707157,4,7
17.001883,4,8
24.514733,4,9
17.374717,4,10
13.571835,4,11
45.653451,4,12
3.278155,5,1
1.523035,5,2
4.583312,5,3
1.020683,5,4
10.946963,5,6
0.775504,5,7
2.326979,5,8
2.830245,5,9
0.235117,5,10
2.010859,5,11
4.859208,5,12
0.076,6,1
21.684848,6,2
48.321837,6,3
6.030888,6,4
0.551827,6,5
3.582973,6,7
20.831616,6,8
16.364384,6,9
0.164739,6,10
10.429733,6,11
25.665445,6,12
0.027152,7,1
2.196051,7,2
11.077963,7,3
4.722253,7,4
3.154195,7,5
13.490461,7,6
6.131125,7,8
2.969525,7,9
2.830184,7,10
5.14892,7,11
17.345917,7,12
0.026667,8,1
11.327237,8,2
45.102507,8,3
20.174909,8,4
9.029832,8,5
10.192123,8,6
2.401867,8,7
34.528109,8,9
36.743659,8,10
26.712187,8,11
70.874771,8,12
0.113387,9,1
13.937232,9,2
8.440512,9,3
25.829363,9,4
9.701768,9,5
12.586949,9,6
10.520432,9,7
74.338203,9,8
1.55388,9,10
42.125072,9,11
63.956301,9,12
1.253355,10,2
0.026667,10,3
14.563387,10,4
0.127072,10,6
44.995664,10,8
2.450085,10,9
50.938613,10,11
1.310005,10,12
0.187659,11,1
8.997424,11,2
9.992445,11,3
2.517064,11,4
3.412816,11,5
5.242211,11,6
2.493384,11,7
14.997179,11,8
12.796755,11,9
6.125659,11,10
44.984701,11,12
3.546925,12,1
111.709573,12,2
77.808592,12,3
49.571637,12,4
21.234011,12,5
32.821144,12,6
28.6658,12,7
111.014344,12,8
173.700304,12,9
2.005293,12,10
52.189493,12,11
succeed
0.0,0.146357,0.058667,0.0,0.040592,0.026667,0.0,0.105333,0.0,0.038979,0.194117,0.242336
0.118848,0.0,10.957997,2.207333,2.12036,20.444507,1.580712,13.8254,4.152848,0.101469,8.682163,20.681512
0.04176,41.681656,0.0,8.090067,7.189387,17.931704,8.805336,45.718403,38.521208,3.277101,17.743173,20.444859
0.16288,7.556968,42.880784,0.0,31.419584,26.793656,21.707157,17.001883,24.514733,17.374717,13.571835,45.653451
3.278155,1.523035,4.583312,1.020683,0.0,10.946963,0.775504,2.326979,2.830245,0.235117,2.010859,4.859208
0.076,21.684848,48.321837,6.030888,0.551827,0.0,3.582973,20.831616,16.364384,0.164739,10.429733,25.665445
0.027152,2.196051,11.077963,4.722253,3.154195,13.490461,0.0,6.131125,2.969525,2.830184,5.14892,17.345917
0.026667,11.327237,45.102507,20.174909,9.029832,10.192123,2.401867,0.0,34.528109,36.743659,26.712187,70.874771
0.113387,13.937232,8.440512,25.829363,9.701768,12.586949,10.520432,74.338203,0.0,1.55388,42.125072,63.956301
0.0,1.253355,0.026667,14.563387,0.0,0.127072,0.0,44.995664,2.450085,0.0,50.938613,1.310005
0.187659,8.997424,9.992445,2.517064,3.412816,5.242211,2.493384,14.997179,12.796755,6.125659,0.0,44.984701
3.546925,111.709573,77.808592,49.571637,21.234011,32.821144,28.6658,111.014344,173.700304,2.005293,52.189493,0.0
