2246.691584
0.061739,1,2
2.036373,1,3
0.054528,1,4
0.190136,1,5
0.344384,1,6
0.031344,1,7
0.243155,1,9
0.066475,1,10
0.026667,1,11
0.84692,1,12
1.36676,2,1
9.708875,2,3
2.045504,2,4
3.158549,2,5
5.747643,2,6
2.455093,2,7
2.659441,2,8
6.718411,2,9
0.32806,2,10
4.885229,2,11
47.871549,2,12
0.08,3,1
6.879595,3,2
12.643851,3,4
5.379379,3,5
18.658416,3,6
3.929344,3,7
10.633992,3,8
2.094957,3,9
1.142144,3,10
5.447664,3,11
26.343357,3,12
1.125035,4,1
7.038048,4,2
50.092725,4,3
13.006949,4,5
27.466451,4,6
17.211907,4,7
2.432445,4,8
20.773285,4,9
9.170685,4,10
9.541467,4,11
52.403877,4,12
1.969573,5,1
2.218608,5,2
19.553968,5,3
2.477315,5,4
6.750419,5,6
2.298901,5,7
95.446128,5,8
6.327771,5,9
1.276128,5,10
1.078643,5,11
3.639864,5,12
0.189875,6,1
22.506888,6,2
72.512616,6,3
9.544547,6,4
4.833227,6,5
7.812152,6,7
42.085109,6,8
25.115373,6,9
1.784659,6,10
12.6642,6,11
57.342939,6,12
0.289805,7,1
3.780379,7,2
29.470312,7,3
7.922179,7,4
3.684232,7,5
10.173755,7,6
2.014936,7,8
8.421339,7,9
0.519616,7,10
3.724168,7,11
11.906016,7,12
0.030171,8,1
9.122283,8,2
78.61688,8,3
13.089563,8,4
13.930109,8,5
22.079117,8,6
9.45736,8,7
45.041915,8,9
8.501291,8,10
13.727949,8,11
50.472403,8,12
0.980848,9,1
21.929277,9,2
69.770059,9,3
28.190381,9,4
20.231741,9,5
32.262515,9,6
15.673973,9,7
35.272739,9,8
3.388776,9,10
22.849696,9,11
50.255867,9,12
0.572165,10,2
6.133213,10,3
7.048931,10,4
0.259923,10,5
1.951128,10,6
0.655576,10,7
36.779611,10,8
1.145979,10,9
53.979045,10,11
0.334715,10,12
0.722749,11,1
7.86408,11,2
66.89384,11,3
5.394293,11,4
5.696427,11,5
17.496491,11,6
4.991011,11,7
17.129691,11,8
19.541189,11,9
5.931352,11,10
8.917749,11,12
1.212256,12,1
95.866387,12,2
97.049429,12,3
42.409035,12,4
15.229683,12,5
31.849541,12,6
19.11832,12,7
64.790344,12,8
136.139099,12,9
4.033539,12,10
29.001832,12,11
succeed
0.0,0.061739,2.036373,0.054528,0.190136,0.344384,0.031344,0.0,0.243155,0.066475,0.026667,0.84692
1.36676,0.0,9.708875,2.045504,3.158549,5.747643,2.455093,2.659441,6.718411,0.32806,4.885229,47.871549
0.08,6.879595,0.0,12.643851,5.379379,18.658416,3.929344,10.633992,2.094957,1.142144,5.447664,26.343357
1.125035,7.038048,50.092725,0.0,13.006949,27.466451,17.211907,2.432445,20.773285,9.170685,9.541467,52.403877
1.969573,2.218608,19.553968,2.477315,0.0,6.750419,2.298901,95.446128,6.327771,1.276128,1.078643,3.639864
0.189875,22.506888,72.512616,9.544547,4.833227,0.0,7.812152,42.085109,25.115373,1.784659,12.6642,57.342939
0.289805,3.780379,29.470312,7.922179,3.684232,10.173755,0.0,2.014936,8.421339,0.519616,3.724168,11.906016
0.030171,9.122283,78.61688,13.089563,13.930109,22.079117,9.45736,0.0,45.041915,8.501291,13.727949,50.472403
0.980848,21.929277,69.770059,28.190381,20.231741,32.262515,15.673973,35.272739,0.0,3.388776,22.849696,50.255867
0.0,0.572165,6.133213,7.048931,0.259923,1.951128,0.655576,36.779611,1.145979,0.0,53.979045,0.334715
0.722749,7.86408,66.89384,5.394293,5.696427,17.496491,4.991011,17.129691,19.541189,5.931352,0.0,8.917749
1.212256,95.866387,97.049429,42.409035,15.229683,31.849541,19.11832,64.790344,136.139099,4.033539,29.001832,0.0
