2886.559005
0.026667,1,2
0.760312,1,3
0.087912,1,4
0.080056,1,5
0.053333,1,6
0.197957,1,7
1.061531,1,8
0.129149,1,9
0.813128,1,11
1.642715,1,12
0.234893,2,1
36.839781,2,3
10.386245,2,4
3.675288,2,5
17.236795,2,6
2.668763,2,7
24.485311,2,8
6.841051,2,9
1.32122,2,10
11.85872,2,11
48.318669,2,12
0.658285,3,1
17.075549,3,2
35.905216,3,4
8.734573,3,5
29.147253,3,6
9.058184,3,7
80.958843,3,8
19.128123,3,9
1.180723,3,10
15.083717,3,11
30.893323,3,12
0.789437,4,1
6.956123,4,2
34.103467,4,3
12.782749,4,5
46.57816,4,6
9.303811,4,7
30.433952,4,8
12.039707,4,9
11.898061,4,10
10.703776,4,11
47.807411,4,12
1.459621,5,1
5.719989,5,2
16.316024,5,3
1.701416,5,4
2.710635,5,6
10.520021,5,7
13.797813,5,8
4.144885,5,9
3.035835,5,10
2.104379,5,11
10.768576,5,12
0.116213,6,1
21.128397,6,2
72.827125,6,3
18.884629,6,4
6.221187,6,5
11.803309,6,7
47.951861,6,8
30.578624,6,9
1.963808,6,10
11.709952,6,11
30.999173,6,12
2.433008,7,2
27.271184,7,3
9.395173,7,4
6.397125,7,5
14.214501,7,6
7.443877,7,8
4.475923,7,9
2.686917,7,10
7.897091,7,11
10.315016,7,12
0.208221,8,1
16.243013,8,2
294.953413,8,3
52.235176,8,4
9.836144,8,5
23.141757,8,6
5.026765,8,7
61.531123,8,9
24.004624,8,10
44.892829,8,11
39.840187,8,12
0.996576,9,1
38.789293,9,2
99.957581,9,3
37.767277,9,4
9.086661,9,5
24.398568,9,6
16.041235,9,7
87.032555,9,8
3.923531,9,10
23.785336,9,11
111.541747,9,12
0.147256,10,2
0.11408,10,3
16.795781,10,4
0.155523,10,5
0.293413,10,6
0.199104,10,7
56.816435,10,8
1.505731,10,9
30.828371,10,11
0.21808,10,12
0.567973,11,1
10.295637,11,2
16.812261,11,3
8.504965,11,4
4.423197,11,5
10.818101,11,6
9.021299,11,7
33.658512,11,8
10.749835,11,9
5.237368,11,10
26.897365,11,12
0.168104,12,1
123.466088,12,2
75.078576,12,3
61.179549,12,4
13.905864,12,5
19.478379,12,6
24.634112,12,7
78.163896,12,8
119.838816,12,9
1.99164,12,10
40.426856,12,11
succeed
0.0,0.026667,0.760312,0.087912,0.080056,0.053333,0.197957,1.061531,0.129149,0.0,0.813128,1.642715
0.234893,0.0,36.839781,10.386245,3.675288,17.236795,2.668763,24.485311,6.841051,1.32122,11.85872,48.318669
0.658285,17.075549,0.0,35.905216,8.734573,29.147253,9.058184,80.958843,19.128123,1.180723,15.083717,30.893323
0.789437,6.956123,34.103467,0.0,12.782749,46.57816,9.303811,30.433952,12.039707,11.898061,10.703776,47.807411
1.459621,5.719989,16.316024,1.701416,0.0,2.710635,10.520021,13.797813,4.144885,3.035835,2.104379,10.768576
0.116213,21.128397,72.827125,18.884629,6.221187,0.0,11.803309,47.951861,30.578624,1.963808,11.709952,30.999173
0.0,2.433008,27.271184,9.395173,6.397125,14.214501,0.0,7.443877,4.475923,2.686917,7.897091,10.315016
0.208221,16.243013,294.953413,52.235176,9.836144,23.141757,5.026765,0.0,61.531123,24.004624,44.892829,39.840187
0.996576,38.789293,99.957581,37.767277,9.086661,24.398568,16.041235,87.032555,0.0,3.923531,23.785336,111.541747
0.0,0.147256,0.11408,16.795781,0.155523,0.293413,0.199104,56.816435,1.505731,0.0,30.828371,0.21808
0.567973,10.295637,16.812261,8.504965,4.423197,10.818101,9.021299,33.658512,10.749835,5.237368,0.0,26.897365
0.168104,123.466088,75.078576,61.179549,13.905864,19.478379,24.634112,78.163896,119.838816,1.99164,40.426856,0.0
