2644.176221
0.481259,1,2
0.422925,1,3
0.08,1,4
0.204155,1,5
0.290392,1,6
0.395067,1,7
0.581472,1,8
0.059616,1,9
0.013491,1,10
0.424195,1,11
0.98952,1,12
0.140925,2,1
13.228133,2,3
3.535515,2,4
6.130309,2,5
24.055109,2,6
1.919715,2,7
16.0779,2,8
7.894632,2,9
0.13502,2,10
9.162427,2,11
32.325787,2,12
0.73164,3,1
10.630493,3,2
21.552747,3,4
3.093813,3,5
34.304992,3,6
8.282277,3,7
58.796872,3,8
16.339837,3,9
0.585837,3,10
6.809443,3,11
25.663304,3,12
0.104587,4,1
4.584341,4,2
41.517816,4,3
18.590384,4,5
36.697608,4,6
17.772323,4,7
69.3744,4,8
9.069928,4,9
11.690741,4,10
20.220557,4,11
35.185589,4,12
3.258008,5,1
11.627243,5,2
10.68192,5,3
1.433549,5,4
3.758776,5,6
2.460235,5,7
10.489573,5,8
1.684115,5,9
3.431109,5,11
2.626859,5,12
0.088075,6,1
12.964112,6,2
39.740989,6,3
9.679928,6,4
1.44984,6,5
8.077013,6,7
48.962483,6,8
15.626099,6,9
0.257336,6,10
10.248909,6,11
19.571109,6,12
0.044803,7,1
1.401576,7,2
15.058976,7,3
10.764472,7,4
10.924003,7,5
30.878272,7,6
6.000101,7,8
2.180341,7,9
3.198899,7,10
4.576883,7,11
7.90352,7,12
0.069629,8,1
19.40252,8,2
92.163163,8,3
24.003357,8,4
12.308547,8,5
30.588165,8,6
5.574379,8,7
43.033043,8,9
18.42216,8,10
51.026861,8,11
391.449813,8,12
0.538995,9,1
31.616728,9,2
50.976315,9,3
31.976731,9,4
12.125171,9,5
26.052795,9,6
12.077299,9,7
78.296728,9,8
0.574069,9,10
31.164547,9,11
88.790485,9,12
0.209832,10,3
24.418579,10,4
0.091179,10,5
0.212163,10,6
0.026667,10,7
28.657672,10,8
0.425941,10,9
27.070928,10,11
0.204715,10,12
0.290861,11,1
8.670696,11,2
18.151995,11,3
2.2416,11,4
4.631131,11,5
9.201765,11,6
3.977787,11,7
36.678755,11,8
6.839419,11,9
5.186136,11,10
10.364659,11,12
1.019864,12,1
89.537712,12,2
89.446131,12,3
43.743261,12,4
9.378749,12,5
61.972344,12,6
9.739776,12,7
57.695971,12,8
122.239832,12,9
1.092339,12,10
37.330043,12,11
succeed
0.0,0.481259,0.422925,0.08,0.204155,0.290392,0.395067,0.581472,0.059616,0.013491,0.424195,0.98952
0.140925,0.0,13.228133,3.535515,6.130309,24.055109,1.919715,16.0779,7.894632,0.13502,9.162427,32.325787
0.73164,10.630493,0.0,21.552747,3.093813,34.304992,8.282277,58.796872,16.339837,0.585837,6.809443,25.663304
0.104587,4.584341,41.517816,0.0,18.590384,36.697608,17.772323,69.3744,9.069928,11.690741,20.220557,35.185589
3.258008,11.627243,10.68192,1.433549,0.0,3.758776,2.460235,10.489573,1.684115,0.0,3.431109,2.626859
0.088075,12.964112,39.740989,9.679928,1.44984,0.0,8.077013,48.962483,15.626099,0.257336,10.248909,19.571109
0.044803,1.401576,15.058976,10.764472,10.924003,30.878272,0.0,6.000101,2.180341,3.198899,4.576883,7.90352
0.069629,19.40252,92.163163,24.003357,12.308547,30.588165,5.574379,0.0,43.033043,18.42216,51.026861,391.449813
0.538995,31.616728,50.976315,31.976731,12.125171,26.052795,12.077299,78.296728,0.0,0.574069,31.164547,88.790485
0.0,0.0,0.209832,24.418579,0.091179,0.212163,0.026667,28.657672,0.425941,0.0,27.070928,0.204715
0.290861,8.670696,18.151995,2.2416,4.631131,9.201765,3.977787,36.678755,6.839419,5.186136,0.0,10.364659
1.019864,89.537712,89.446131,43.743261,9.378749,61.972344,9.739776,57.695971,122.239832,1.092339,37.330043,0.0
