1969.4628460000001
0.740768,1,2
0.193584,1,3
0.071096,1,5
0.470515,1,8
0.631997,1,12
0.088021,2,1
2.98644,2,3
3.817571,2,4
0.617288,2,5
21.954091,2,6
0.386699,2,7
9.734332,2,8
6.876784,2,9
0.78294,2,10
8.735797,2,11
50.414219,2,12
0.502229,3,1
11.688435,3,2
6.834632,3,4
4.674683,3,5
14.000981,3,6
7.133579,3,7
26.24576,3,8
9.016443,3,9
1.913371,3,10
7.73888,3,11
23.017941,3,12
0.11088,4,1
30.110315,4,2
89.853245,4,3
15.633771,4,5
19.560936,4,6
10.412171,4,7
4.741891,4,8
8.523232,4,9
4.985376,4,10
9.173035,4,11
45.719765,4,12
1.780101,5,1
3.858032,5,2
14.279317,5,3
1.037379,5,4
1.223469,5,6
0.944096,5,7
7.340491,5,8
2.529115,5,9
0.932509,5,11
1.902019,5,12
20.409464,6,2
48.576317,6,3
10.269515,6,4
1.469533,6,5
1.458125,6,7
12.400955,6,8
19.532061,6,9
0.130595,6,10
10.846789,6,11
24.892515,6,12
0.08,7,1
4.939731,7,2
20.995491,7,3
4.461283,7,4
3.098989,7,5
11.368944,7,6
5.383392,7,8
2.508413,7,9
2.369181,7,10
2.484275,7,11
6.785304,7,12
14.793837,8,2
109.931851,8,3
8.961992,8,4
8.684363,8,5
12.603493,8,6
4.687333,8,7
25.008555,8,9
19.901872,8,10
17.109651,8,11
76.215125,8,12
0.113232,9,1
15.270952,9,2
28.427731,9,3
19.691539,9,4
2.039992,9,5
14.243907,9,6
2.811117,9,7
66.714341,9,8
0.486357,9,10
14.955779,9,11
43.318899,9,12
0.125384,10,2
0.053333,10,3
5.234731,10,4
0.171757,10,6
0.026667,10,7
32.793731,10,8
0.026667,10,9
38.533291,10,11
0.054699,10,12
0.107349,11,1
6.351093,11,2
19.378813,11,3
2.112493,11,4
1.038541,11,5
3.425667,11,6
1.696048,11,7
9.624784,11,8
35.14824,11,9
2.641829,11,10
6.599091,11,12
0.033352,12,1
169.666459,12,2
60.042291,12,3
39.655507,12,4
23.668461,12,5
27.60604,12,6
9.462715,12,7
99.012357,12,8
128.370141,12,9
0.969069,12,10
29.479235,12,11
succeed
0.0,0.740768,0.193584,0.0,0.071096,0.0,0.0,0.470515,0.0,0.0,0.0,0.631997
0.088021,0.0,2.98644,3.817571,0.617288,21.954091,0.386699,9.734332,6.876784,0.78294,8.735797,50.414219
0.502229,11.688435,0.0,6.834632,4.674683,14.000981,7.133579,26.24576,9.016443,1.913371,7.73888,23.017941
0.11088,30.110315,89.853245,0.0,15.633771,19.560936,10.412171,4.741891,8.523232,4.985376,9.173035,45.719765
1.780101,3.858032,14.279317,1.037379,0.0,1.223469,0.944096,7.340491,2.529115,0.0,0.932509,1.902019
0.0,20.409464,48.576317,10.269515,1.469533,0.0,1.458125,12.400955,19.532061,0.130595,10.846789,24.892515
0.08,4.939731,20.995491,4.461283,3.098989,11.368944,0.0,5.383392,2.508413,2.369181,2.484275,6.785304
0.0,14.793837,109.931851,8.961992,8.684363,12.603493,4.687333,0.0,25.008555,19.901872,17.109651,76.215125
0.113232,15.270952,28.427731,19.691539,2.039992,14.243907,2.811117,66.714341,0.0,0.486357,14.955779,43.318899
0.0,0.125384,0.053333,5.234731,0.0,0.171757,0.026667,32.793731,0.026667,0.0,38.533291,0.054699
0.107349,6.351093,19.378813,2.112493,1.038541,3.425667,1.696048,9.624784,35.14824,2.641829,0.0,6.599091
0.033352,169.666459,60.042291,39.655507,23.668461,27.60604,9.462715,99.012357,128.370141,0.969069,29.479235,0.0
