2105.174963
0.140747,1,3
0.026667,1,4
0.199469,1,5
0.304227,1,6
0.055093,1,7
0.1702,1,8
0.08,1,9
0.033864,1,11
0.222013,1,12
0.088573,2,1
2.302784,2,3
4.340848,2,4
1.84828,2,5
20.44184,2,6
2.511072,2,7
16.753845,2,8
8.933427,2,9
0.317896,2,10
4.794035,2,11
42.537192,2,12
0.980176,3,1
8.824632,3,2
3.592144,3,4
6.873395,3,5
22.395411,3,6
5.738355,3,7
42.160717,3,8
18.472851,3,9
1.347603,3,10
6.431832,3,11
29.721701,3,12
0.166736,4,1
2.928685,4,2
59.004739,4,3
19.902288,4,5
27.561,4,6
31.612965,4,7
18.661963,4,8
25.624133,4,9
12.791064,4,10
15.107563,4,11
34.079221,4,12
0.479469,5,1
10.733859,5,2
8.195104,5,3
1.135579,5,4
0.906389,5,6
0.755235,5,7
9.276443,5,8
1.094016,5,9
1.718077,5,11
2.125627,5,12
0.053333,6,1
34.599989,6,2
47.315669,6,3
10.957056,6,4
22.656925,6,5
18.539163,6,7
18.733904,6,8
16.900336,6,9
0.180648,6,10
20.218619,6,11
15.05024,6,12
0.144213,7,1
2.037192,7,2
14.261293,7,3
8.827957,7,4
3.857661,7,5
12.723021,7,6
2.940389,7,8
2.810699,7,9
1.910261,7,10
7.404549,7,11
7.893075,7,12
0.026667,8,1
10.951171,8,2
108.172963,8,3
8.364765,8,4
14.936403,8,5
9.166152,8,6
2.229131,8,7
60.498629,8,9
10.591587,8,10
37.123248,8,11
16.646717,8,12
0.082,9,1
12.176227,9,2
15.754789,9,3
28.134795,9,4
8.432749,9,5
13.497723,9,6
5.201621,9,7
77.359555,9,8
1.101325,9,10
16.515117,9,11
94.475003,9,12
4.940816,10,4
0.065152,10,5
0.423405,10,6
0.031837,10,7
31.118648,10,8
0.337227,10,9
32.010893,10,11
0.12444,10,12
0.039701,11,1
7.581648,11,2
23.510955,11,3
4.462989,11,4
1.156464,11,5
8.885813,11,6
2.986045,11,7
14.700624,11,8
18.093741,11,9
4.350464,11,10
6.905195,11,12
0.206155,12,1
63.169973,12,2
81.425245,12,3
58.469035,12,4
25.224245,12,5
65.709803,12,6
23.294723,12,7
75.153552,12,8
133.021573,12,9
7.021424,12,10
52.797605,12,11
succeed
0.0,0.0,0.140747,0.026667,0.199469,0.304227,0.055093,0.1702,0.08,0.0,0.033864,0.222013
0.088573,0.0,2.302784,4.340848,1.84828,20.44184,2.511072,16.753845,8.933427,0.317896,4.794035,42.537192
0.980176,8.824632,0.0,3.592144,6.873395,22.395411,5.738355,42.160717,18.472851,1.347603,6.431832,29.721701
0.166736,2.928685,59.004739,0.0,19.902288,27.561,31.612965,18.661963,25.624133,12.791064,15.107563,34.079221
0.479469,10.733859,8.195104,1.135579,0.0,0.906389,0.755235,9.276443,1.094016,0.0,1.718077,2.125627
0.053333,34.599989,47.315669,10.957056,22.656925,0.0,18.539163,18.733904,16.900336,0.180648,20.218619,15.05024
0.144213,2.037192,14.261293,8.827957,3.857661,12.723021,0.0,2.940389,2.810699,1.910261,7.404549,7.893075
0.026667,10.951171,108.172963,8.364765,14.936403,9.166152,2.229131,0.0,60.498629,10.591587,37.123248,16.646717
0.082,12.176227,15.754789,28.134795,8.432749,13.497723,5.201621,77.359555,0.0,1.101325,16.515117,94.475003
0.0,0.0,0.0,4.940816,0.065152,0.423405,0.031837,31.118648,0.337227,0.0,32.010893,0.12444
0.039701,7.581648,23.510955,4.462989,1.156464,8.885813,2.986045,14.700624,18.093741,4.350464,0.0,6.905195
0.206155,63.169973,81.425245,58.469035,25.224245,65.709803,23.294723,75.153552,133.021573,7.021424,52.797605,0.0
