1643.448093
0.038168,1,2
0.099323,1,3
0.026667,1,4
0.12524,1,5
0.026667,1,6
0.026667,1,7
0.045979,1,8
0.447349,1,12
0.167523,2,1
2.955403,2,3
3.311797,2,4
0.207307,2,5
16.035413,2,6
0.502744,2,7
9.681768,2,8
1.345165,2,9
0.013333,2,10
5.083021,2,11
18.486525,2,12
0.067728,3,1
8.378469,3,2
9.106459,3,4
2.689811,3,5
35.328195,3,6
4.753149,3,7
40.055323,3,8
3.214976,3,9
0.090685,3,10
2.979475,3,11
18.553981,3,12
0.162973,4,1
1.556099,4,2
37.906576,4,3
13.696013,4,5
19.105813,4,6
14.992237,4,7
3.017419,4,8
10.934827,4,9
10.192627,4,10
9.843776,4,11
33.485936,4,12
3.238688,5,1
11.098365,5,2
17.237075,5,3
0.721515,5,4
0.227445,5,6
0.520952,5,7
8.595891,5,8
1.293408,5,9
0.988059,5,11
0.762091,5,12
8.919931,6,2
43.373661,6,3
11.347475,6,4
0.212053,6,5
14.017736,6,7
19.384552,6,8
8.67704,6,9
0.072472,6,10
29.80116,6,11
12.058117,6,12
0.552531,7,2
32.606757,7,3
10.455037,7,4
3.288488,7,5
4.385979,7,6
3.850541,7,8
3.784504,7,9
0.158579,7,10
4.334584,7,11
10.287667,7,12
0.726067,8,1
4.485011,8,2
73.942592,8,3
4.822029,8,4
10.655656,8,5
12.573989,8,6
4.020747,8,7
33.984691,8,9
7.897824,8,10
25.338997,8,11
100.672981,8,12
0.095429,9,1
24.290744,9,2
28.995331,9,3
24.482832,9,4
2.702523,9,5
20.596368,9,6
7.844843,9,7
59.274795,9,8
0.880747,9,10
13.106837,9,11
53.396667,9,12
0.08,10,2
0.397747,10,3
1.341968,10,4
0.039424,10,5
0.938093,10,6
0.026667,10,7
27.970429,10,8
0.163861,10,9
22.763816,10,11
0.08,10,12
7.181875,11,2
13.92568,11,3
1.237341,11,4
3.326392,11,5
4.196955,11,6
0.825973,11,7
13.500373,11,8
6.457632,11,9
1.418437,11,10
5.752557,11,12
69.591765,12,2
40.312248,12,3
60.845528,12,4
1.277467,12,5
46.991083,12,6
4.826656,12,7
100.002608,12,8
62.632112,12,9
0.154051,12,10
25.410696,12,11
succeed
0.0,0.038168,0.099323,0.026667,0.12524,0.026667,0.026667,0.045979,0.0,0.0,0.0,0.447349
0.167523,0.0,2.955403,3.311797,0.207307,16.035413,0.502744,9.681768,1.345165,0.013333,5.083021,18.486525
0.067728,8.378469,0.0,9.106459,2.689811,35.328195,4.753149,40.055323,3.214976,0.090685,2.979475,18.553981
0.162973,1.556099,37.906576,0.0,13.696013,19.105813,14.992237,3.017419,10.934827,10.192627,9.843776,33.485936
3.238688,11.098365,17.237075,0.721515,0.0,0.227445,0.520952,8.595891,1.293408,0.0,0.988059,0.762091
0.0,8.919931,43.373661,11.347475,0.212053,0.0,14.017736,19.384552,8.67704,0.072472,29.80116,12.058117
0.0,0.552531,32.606757,10.455037,3.288488,4.385979,0.0,3.850541,3.784504,0.158579,4.334584,10.287667
0.726067,4.485011,73.942592,4.822029,10.655656,12.573989,4.020747,0.0,33.984691,7.897824,25.338997,100.672981
0.095429,24.290744,28.995331,24.482832,2.702523,20.596368,7.844843,59.274795,0.0,0.880747,13.106837,53.396667
0.0,0.08,0.397747,1.341968,0.039424,0.938093,0.026667,27.970429,0.163861,0.0,22.763816,0.08
0.0,7.181875,13.92568,1.237341,3.326392,4.196955,0.825973,13.500373,6.457632,1.418437,0.0,5.752557
0.0,69.591765,40.312248,60.845528,1.277467,46.991083,4.826656,100.002608,62.632112,0.154051,25.410696,0.0
