1957.676708
0.888437,1,3
0.053333,1,5
0.026667,1,6
0.811301,1,8
0.305016,1,9
0.063549,1,11
0.206968,1,12
0.026667,2,1
4.981053,2,3
4.389307,2,4
41.319429,2,5
11.092995,2,6
2.121867,2,7
8.866571,2,8
6.304189,2,9
0.322467,2,10
5.179725,2,11
16.232283,2,12
0.464912,3,1
23.344099,3,2
6.812059,3,4
7.198795,3,5
23.583149,3,6
5.967283,3,7
34.607187,3,8
12.134232,3,9
3.197144,3,10
11.111187,3,11
15.562715,3,12
0.37448,4,1
5.967003,4,2
61.815011,4,3
21.345211,4,5
27.104035,4,6
7.633771,4,7
16.790437,4,8
9.746688,4,9
8.323069,4,10
25.36032,4,11
32.933344,4,12
0.389685,5,1
5.787477,5,2
7.640368,5,3
1.931312,5,4
6.794077,5,6
0.886341,5,7
7.744064,5,8
2.240739,5,9
1.305779,5,11
5.266784,5,12
0.597797,6,1
15.612955,6,2
56.320304,6,3
8.303347,6,4
9.654984,6,5
6.432459,6,7
18.450443,6,8
19.483312,6,9
0.599835,6,10
6.435677,6,11
15.591459,6,12
0.027243,7,1
4.953835,7,2
17.372936,7,3
3.938885,7,4
3.003387,7,5
8.401261,7,6
5.090552,7,8
2.839109,7,9
2.164763,7,10
3.210027,7,11
13.377211,7,12
0.026667,8,1
17.475424,8,2
49.990485,8,3
12.733043,8,4
3.813416,8,5
16.476363,8,6
2.096701,8,7
30.762605,8,9
18.951965,8,10
24.800003,8,11
41.368016,8,12
0.305485,9,1
15.5236,9,2
18.010933,9,3
25.556171,9,4
5.449147,9,5
34.658651,9,6
22.356888,9,7
63.438741,9,8
2.050709,9,10
19.164125,9,11
50.132723,9,12
0.738299,10,2
0.026667,10,3
4.740707,10,4
0.165643,10,6
0.026667,10,7
30.350744,10,8
0.442763,10,9
33.310083,10,11
0.026667,10,12
0.098304,11,1
6.74476,11,2
14.793272,11,3
4.397085,11,4
3.943315,11,5
7.963832,11,6
2.350949,11,7
28.759389,11,8
6.153163,11,9
9.097499,11,10
5.980035,11,12
5.771605,12,1
107.956813,12,2
93.344899,12,3
59.142467,12,4
11.491581,12,5
46.752829,12,6
11.999952,12,7
74.254835,12,8
128.985949,12,9
8.274115,12,10
48.033597,12,11
succeed
0.0,0.0,0.888437,0.0,0.053333,0.026667,0.0,0.811301,0.305016,0.0,0.063549,0.206968
0.026667,0.0,4.981053,4.389307,41.319429,11.092995,2.121867,8.866571,6.304189,0.322467,5.179725,16.232283
0.464912,23.344099,0.0,6.812059,7.198795,23.583149,5.967283,34.607187,12.134232,3.197144,11.111187,15.562715
0.37448,5.967003,61.815011,0.0,21.345211,27.104035,7.633771,16.790437,9.746688,8.323069,25.36032,32.933344
0.389685,5.787477,7.640368,1.931312,0.0,6.794077,0.886341,7.744064,2.240739,0.0,1.305779,5.266784
0.597797,15.612955,56.320304,8.303347,9.654984,0.0,6.432459,18.450443,19.483312,0.599835,6.435677,15.591459
0.027243,4.953835,17.372936,3.938885,3.003387,8.401261,0.0,5.090552,2.839109,2.164763,3.210027,13.377211
0.026667,17.475424,49.990485,12.733043,3.813416,16.476363,2.096701,0.0,30.762605,18.951965,24.800003,41.368016
0.305485,15.5236,18.010933,25.556171,5.449147,34.658651,22.356888,63.438741,0.0,2.050709,19.164125,50.132723
0.0,0.738299,0.026667,4.740707,0.0,0.165643,0.026667,30.350744,0.442763,0.0,33.310083,0.026667
0.098304,6.74476,14.793272,4.397085,3.943315,7.963832,2.350949,28.759389,6.153163,9.097499,0.0,5.980035
5.771605,107.956813,93.344899,59.142467,11.491581,46.752829,11.999952,74.254835,128.985949,8.274115,48.033597,0.0
