2801.820211
0.190349,1,2
0.758755,1,3
0.053333,1,4
0.151821,1,5
0.208555,1,6
0.098925,1,7
0.121429,1,8
0.027696,1,9
0.014077,1,10
0.074229,1,11
1.562493,1,12
0.414565,2,1
18.264088,2,3
5.746808,2,4
3.088827,2,5
17.868923,2,6
3.111032,2,7
17.769629,2,8
7.962043,2,9
0.917597,2,10
3.672981,2,11
55.842187,2,12
0.853299,3,1
19.601736,3,2
10.28936,3,4
13.639957,3,5
46.516752,3,6
31.059936,3,7
42.029205,3,8
16.961605,3,9
5.520621,3,10
7.426787,3,11
41.886611,3,12
0.18752,4,1
33.122112,4,2
78.54356,4,3
31.125293,4,5
25.658315,4,6
40.744187,4,7
39.889392,4,8
19.085611,4,9
30.256933,4,10
12.950837,4,11
46.11264,4,12
2.610251,5,1
3.321248,5,2
15.87704,5,3
3.635816,5,4
3.038885,5,6
2.706152,5,7
2.78244,5,8
6.079293,5,9
2.537811,5,10
0.581923,5,11
4.641264,5,12
0.291736,6,1
23.068205,6,2
66.617365,6,3
9.850021,6,4
27.156931,6,5
13.038112,6,7
21.619451,6,8
24.403288,6,9
1.201016,6,10
21.705861,6,11
11.394989,6,12
0.445408,7,1
8.913845,7,2
18.406331,7,3
12.182424,7,4
5.970608,7,5
20.86104,7,6
4.103931,7,8
5.417803,7,9
2.275811,7,10
8.094925,7,11
22.248968,7,12
0.085643,8,1
44.387768,8,2
95.147013,8,3
15.937987,8,4
9.151909,8,5
48.552968,8,6
5.621904,8,7
41.589971,8,9
32.568949,8,10
20.866301,8,11
39.802203,8,12
1.440917,9,1
30.856165,9,2
67.11108,9,3
39.881648,9,4
15.214299,9,5
32.600973,9,6
11.849755,9,7
63.22968,9,8
4.317419,9,10
17.325696,9,11
92.922011,9,12
0.053333,10,2
0.059637,10,3
8.558797,10,4
0.196915,10,5
0.500736,10,6
0.091395,10,7
42.53036,10,8
0.312629,10,9
27.651139,10,11
0.085739,10,12
0.343435,11,1
13.173531,11,2
48.150157,11,3
13.973349,11,4
2.755885,11,5
10.272371,11,6
4.601907,11,7
12.159723,11,8
12.377957,11,9
3.426008,11,10
50.386387,11,12
12.731888,12,1
111.202589,12,2
73.132125,12,3
67.458165,12,4
16.804632,12,5
87.414715,12,6
34.479805,12,7
75.257557,12,8
194.465781,12,9
4.954491,12,10
33.332011,12,11
succeed
0.0,0.190349,0.758755,0.053333,0.151821,0.208555,0.098925,0.121429,0.027696,0.014077,0.074229,1.562493
0.414565,0.0,18.264088,5.746808,3.088827,17.868923,3.111032,17.769629,7.962043,0.917597,3.672981,55.842187
0.853299,19.601736,0.0,10.28936,13.639957,46.516752,31.059936,42.029205,16.961605,5.520621,7.426787,41.886611
0.18752,33.122112,78.54356,0.0,31.125293,25.658315,40.744187,39.889392,19.085611,30.256933,12.950837,46.11264
2.610251,3.321248,15.87704,3.635816,0.0,3.038885,2.706152,2.78244,6.079293,2.537811,0.581923,4.641264
0.291736,23.068205,66.617365,9.850021,27.156931,0.0,13.038112,21.619451,24.403288,1.201016,21.705861,11.394989
0.445408,8.913845,18.406331,12.182424,5.970608,20.86104,0.0,4.103931,5.417803,2.275811,8.094925,22.248968
0.085643,44.387768,95.147013,15.937987,9.151909,48.552968,5.621904,0.0,41.589971,32.568949,20.866301,39.802203
1.440917,30.856165,67.11108,39.881648,15.214299,32.600973,11.849755,63.22968,0.0,4.317419,17.325696,92.922011
0.0,0.053333,0.059637,8.558797,0.196915,0.500736,0.091395,42.53036,0.312629,0.0,27.651139,0.085739
0.343435,13.173531,48.150157,13.973349,2.755885,10.272371,4.601907,12.159723,12.377957,3.426008,0.0,50.386387
12.731888,111.202589,73.132125,67.458165,16.804632,87.414715,34.479805,75.257557,194.465781,4.954491,33.332011,0.0
