1560.90456
0.106667,1,3
0.053333,1,5
0.217805,1,8
0.727963,1,9
0.167573,1,12
0.040955,2,1
2.638253,2,3
4.185901,2,4
7.123947,2,5
10.319875,2,6
1.71168,2,7
12.364809,2,8
10.458168,2,9
0.094025,2,10
7.082723,2,11
24.432219,2,12
0.026667,3,1
14.311744,3,2
7.432069,3,4
6.982637,3,5
22.424531,3,6
8.078387,3,7
18.498243,3,8
11.171677,3,9
1.688179,3,10
4.989157,3,11
18.123757,3,12
0.08096,4,1
3.77708,4,2
42.735613,4,3
17.050525,4,5
27.188624,4,6
9.870867,4,7
17.276648,4,8
10.967688,4,9
3.718861,4,10
4.845088,4,11
47.039877,4,12
0.408267,5,1
9.420251,5,2
7.929152,5,3
1.476979,5,4
11.280733,5,6
0.624907,5,7
7.513987,5,8
8.628056,5,9
0.512347,5,11
6.627032,5,12
5.948955,6,2
38.245331,6,3
5.61788,6,4
2.844784,6,5
2.379347,6,7
9.611128,6,8
7.198544,6,9
0.405141,6,10
4.442904,6,11
16.441003,6,12
4.071224,7,2
22.126181,7,3
2.634013,7,4
2.741336,7,5
8.637155,7,6
3.397099,7,8
1.699205,7,9
1.819933,7,10
3.026547,7,11
11.576981,7,12
0.087413,8,1
9.733731,8,2
60.405179,8,3
6.110579,8,4
4.134552,8,5
23.368797,8,6
3.228672,8,7
25.737893,8,9
13.637451,8,10
16.705083,8,11
23.036955,8,12
0.235819,9,1
17.30788,9,2
16.004899,9,3
19.831597,9,4
8.145784,9,5
19.932824,9,6
5.888872,9,7
63.019853,9,8
1.011667,9,10
12.463709,9,11
45.341773,9,12
7.32304,10,4
0.026667,10,5
0.245379,10,6
28.085584,10,8
0.026667,10,9
41.077387,10,11
0.026667,10,12
0.117787,11,1
8.388699,11,2
12.708261,11,3
3.176277,11,4
2.130189,11,5
9.374192,11,6
5.064544,11,7
14.377891,11,8
8.176907,11,9
7.290117,11,10
4.281104,11,12
0.113861,12,1
57.653979,12,2
52.843408,12,3
45.839696,12,4
11.552653,12,5
40.533728,12,6
7.992333,12,7
50.920096,12,8
123.424781,12,9
7.280896,12,10
26.189611,12,11
succeed
0.0,0.0,0.106667,0.0,0.053333,0.0,0.0,0.217805,0.727963,0.0,0.0,0.167573
0.040955,0.0,2.638253,4.185901,7.123947,10.319875,1.71168,12.364809,10.458168,0.094025,7.082723,24.432219
0.026667,14.311744,0.0,7.432069,6.982637,22.424531,8.078387,18.498243,11.171677,1.688179,4.989157,18.123757
0.08096,3.77708,42.735613,0.0,17.050525,27.188624,9.870867,17.276648,10.967688,3.718861,4.845088,47.039877
0.408267,9.420251,7.929152,1.476979,0.0,11.280733,0.624907,7.513987,8.628056,0.0,0.512347,6.627032
0.0,5.948955,38.245331,5.61788,2.844784,0.0,2.379347,9.611128,7.198544,0.405141,4.442904,16.441003
0.0,4.071224,22.126181,2.634013,2.741336,8.637155,0.0,3.397099,1.699205,1.819933,3.026547,11.576981
0.087413,9.733731,60.405179,6.110579,4.134552,23.368797,3.228672,0.0,25.737893,13.637451,16.705083,23.036955
0.235819,17.30788,16.004899,19.831597,8.145784,19.932824,5.888872,63.019853,0.0,1.011667,12.463709,45.341773
0.0,0.0,0.0,7.32304,0.026667,0.245379,0.0,28.085584,0.026667,0.0,41.077387,0.026667
0.117787,8.388699,12.708261,3.176277,2.130189,9.374192,5.064544,14.377891,8.176907,7.290117,0.0,4.281104
0.113861,57.653979,52.843408,45.839696,11.552653,40.533728,7.992333,50.920096,123.424781,7.280896,26.189611,0.0
