2979.592227
0.026667,1,2
0.095568,1,3
0.038288,1,5
0.053333,1,6
0.628723,1,8
0.12932,1,9
0.431944,1,11
0.583243,1,12
0.213445,2,1
12.657376,2,3
8.114456,2,4
7.940765,2,5
8.367485,2,6
11.335069,2,7
18.845659,2,8
15.512611,2,9
0.12396,2,10
5.913784,2,11
51.503504,2,12
0.714651,3,1
10.845341,3,2
26.246008,3,4
9.170264,3,5
43.015845,3,6
13.11996,3,7
71.809829,3,8
106.297701,3,9
2.398725,3,10
6.299717,3,11
28.569915,3,12
0.217731,4,1
14.871408,4,2
32.188584,4,3
16.759408,4,5
23.236245,4,6
11.162869,4,7
51.747931,4,8
37.382867,4,9
14.845152,4,10
13.307659,4,11
36.487797,4,12
1.790979,5,1
21.738904,5,2
5.310661,5,3
1.191755,5,4
3.975688,5,6
1.481403,5,7
4.966032,5,8
1.814173,5,9
0.13584,5,10
3.463509,5,11
7.002691,5,12
0.049373,6,1
42.247597,6,2
41.611736,6,3
7.343861,6,4
0.860336,6,5
8.439416,6,7
67.475259,6,8
53.675691,6,9
0.631227,6,10
15.004864,6,11
67.374816,6,12
0.049563,7,1
3.391027,7,2
27.529691,7,3
35.628608,7,4
2.793965,7,5
6.361141,7,6
5.978491,7,8
12.245763,7,9
1.818141,7,10
1.692864,7,11
7.006128,7,12
10.49944,8,1
13.492448,8,2
135.461555,8,3
19.985003,8,4
11.496845,8,5
33.165309,8,6
8.360264,8,7
126.532483,8,9
25.02676,8,10
70.840037,8,11
94.057005,8,12
2.309331,9,1
28.608784,9,2
42.009629,9,3
35.071877,9,4
6.560941,9,5
36.505131,9,6
27.501035,9,7
101.403387,9,8
12.029368,9,10
29.706269,9,11
87.524851,9,12
0.055787,10,2
0.08,10,3
14.585835,10,4
0.141451,10,5
0.3108,10,6
0.314259,10,7
39.971947,10,8
0.675277,10,9
42.191723,10,11
0.190083,10,12
0.187624,11,1
11.223259,11,2
7.133301,11,3
4.236032,11,4
5.373317,11,5
7.28304,11,6
3.377432,11,7
46.462371,11,8
21.969184,11,9
18.485912,11,10
9.352827,11,12
0.026667,12,1
105.004589,12,2
60.761755,12,3
60.073707,12,4
18.434331,12,5
56.409024,12,6
10.280501,12,7
133.982677,12,8
125.224752,12,9
6.002187,12,10
36.350824,12,11
succeed
0.0,0.026667,0.095568,0.0,0.038288,0.053333,0.0,0.628723,0.12932,0.0,0.431944,0.583243
0.213445,0.0,12.657376,8.114456,7.940765,8.367485,11.335069,18.845659,15.512611,0.12396,5.913784,51.503504
0.714651,10.845341,0.0,26.246008,9.170264,43.015845,13.11996,71.809829,106.297701,2.398725,6.299717,28.569915
0.217731,14.871408,32.188584,0.0,16.759408,23.236245,11.162869,51.747931,37.382867,14.845152,13.307659,36.487797
1.790979,21.738904,5.310661,1.191755,0.0,3.975688,1.481403,4.966032,1.814173,0.13584,3.463509,7.002691
0.049373,42.247597,41.611736,7.343861,0.860336,0.0,8.439416,67.475259,53.675691,0.631227,15.004864,67.374816
0.049563,3.391027,27.529691,35.628608,2.793965,6.361141,0.0,5.978491,12.245763,1.818141,1.692864,7.006128
10.49944,13.492448,135.461555,19.985003,11.496845,33.165309,8.360264,0.0,126.532483,25.02676,70.840037,94.057005
2.309331,28.608784,42.009629,35.071877,6.560941,36.505131,27.501035,101.403387,0.0,12.029368,29.706269,87.524851
0.0,0.055787,0.08,14.585835,0.141451,0.3108,0.314259,39.971947,0.675277,0.0,42.191723,0.190083
0.187624,11.223259,7.133301,4.236032,5.373317,7.28304,3.377432,46.462371,21.969184,18.485912,0.0,9.352827
0.026667,105.004589,60.761755,60.073707,18.434331,56.409024,10.280501,133.982677,125.224752,6.002187,36.350824,0.0
