3055.18168
0.141915,1,2
0.923408,1,3
0.182181,1,4
0.086731,1,5
0.149152,1,6
0.570165,1,7
0.219821,1,8
0.449512,1,9
0.026667,1,10
0.280056,1,11
0.695877,1,12
0.441627,2,1
15.800643,2,3
5.173155,2,4
25.230947,2,5
31.038771,2,6
5.211861,2,7
21.500263,2,8
9.140269,2,9
2.255935,2,10
4.684157,2,11
45.681539,2,12
0.212813,3,1
29.942608,3,2
18.129627,3,4
10.315776,3,5
52.975613,3,6
12.366771,3,7
50.52012,3,8
11.181427,3,9
2.660512,3,10
15.246509,3,11
42.093816,3,12
0.180536,4,1
14.697872,4,2
53.607579,4,3
18.122685,4,5
35.061501,4,6
25.211331,4,7
9.901483,4,8
16.71584,4,9
50.348947,4,10
30.991381,4,11
47.225483,4,12
0.441619,5,1
5.629939,5,2
11.268651,5,3
1.372829,5,4
6.165456,5,6
2.061381,5,7
49.52664,5,8
5.814971,5,9
0.553731,5,10
5.142011,5,11
10.753933,5,12
0.108813,6,1
24.079104,6,2
78.865701,6,3
18.513771,6,4
8.641984,6,5
18.963691,6,7
33.869549,6,8
36.608843,6,9
2.5988,6,10
11.580536,6,11
45.718045,6,12
0.341557,7,1
3.106029,7,2
27.760829,7,3
8.954989,7,4
7.851848,7,5
16.850888,7,6
13.921475,7,8
3.182016,7,9
3.127917,7,10
8.222419,7,11
15.312997,7,12
0.192851,8,1
24.094237,8,2
103.222197,8,3
26.476099,8,4
35.332229,8,5
42.538312,8,6
21.664864,8,7
40.934747,8,9
11.887464,8,10
66.960501,8,11
73.268773,8,12
5.28324,9,1
50.310565,9,2
28.530949,9,3
44.047707,9,4
10.195437,9,5
47.424045,9,6
14.361379,9,7
79.984627,9,8
4.777136,9,10
27.644493,9,11
90.738424,9,12
0.026667,10,1
0.789445,10,2
0.676197,10,3
3.434355,10,4
0.21888,10,5
0.352736,10,6
0.115467,10,7
27.194605,10,8
0.203669,10,9
20.002731,10,11
0.446819,10,12
0.302736,11,1
13.432267,11,2
17.741829,11,3
7.633763,11,4
2.866592,11,5
8.805557,11,6
2.897341,11,7
44.971571,11,8
17.836731,11,9
6.148765,11,10
22.485784,11,12
0.411763,12,1
104.175923,12,2
95.19024,12,3
74.516547,12,4
30.539027,12,5
84.591171,12,6
30.122251,12,7
97.066195,12,8
233.543376,12,9
13.306744,12,10
38.755816,12,11
succeed
0.0,0.141915,0.923408,0.182181,0.086731,0.149152,0.570165,0.219821,0.449512,0.026667,0.280056,0.695877
0.441627,0.0,15.800643,5.173155,25.230947,31.038771,5.211861,21.500263,9.140269,2.255935,4.684157,45.681539
0.212813,29.942608,0.0,18.129627,10.315776,52.975613,12.366771,50.52012,11.181427,2.660512,15.246509,42.093816
0.180536,14.697872,53.607579,0.0,18.122685,35.061501,25.211331,9.901483,16.71584,50.348947,30.991381,47.225483
0.441619,5.629939,11.268651,1.372829,0.0,6.165456,2.061381,49.52664,5.814971,0.553731,5.142011,10.753933
0.108813,24.079104,78.865701,18.513771,8.641984,0.0,18.963691,33.869549,36.608843,2.5988,11.580536,45.718045
0.341557,3.106029,27.760829,8.954989,7.851848,16.850888,0.0,13.921475,3.182016,3.127917,8.222419,15.312997
0.192851,24.094237,103.222197,26.476099,35.332229,42.538312,21.664864,0.0,40.934747,11.887464,66.960501,73.268773
5.28324,50.310565,28.530949,44.047707,10.195437,47.424045,14.361379,79.984627,0.0,4.777136,27.644493,90.738424
0.026667,0.789445,0.676197,3.434355,0.21888,0.352736,0.115467,27.194605,0.203669,0.0,20.002731,0.446819
0.302736,13.432267,17.741829,7.633763,2.866592,8.805557,2.897341,44.971571,17.836731,6.148765,0.0,22.485784
0.411763,104.175923,95.19024,74.516547,30.539027,84.591171,30.122251,97.066195,233.543376,13.306744,38.755816,0.0
