2642.102084
0.177493,1,2
0.026667,1,5
0.186088,1,6
3.848496,1,12
0.350189,2,3
0.216483,2,5
32.179827,2,6
0.026667,2,9
0.142221,2,11
181.765584,2,12
34.174448,3,2
0.026667,3,4
0.138219,3,5
39.528437,3,6
12.669397,3,7
0.1504,3,8
33.221072,3,9
220.95748,3,12
8.480192,4,2
67.545192,4,3
46.712264,4,5
41.128688,4,6
21.577061,4,7
0.077259,4,8
19.388589,4,9
33.303645,4,10
0.056099,4,11
43.503653,4,12
32.036491,5,2
2.498573,5,3
0.083501,5,6
0.162608,5,9
104.186472,5,12
15.675632,6,2
139.020547,6,3
9.95948,6,4
0.17664,6,5
19.730893,6,7
0.08,6,8
51.781419,6,9
0.167003,6,10
175.881211,6,12
7.158811,7,2
37.319323,7,3
9.938285,7,4
12.940683,7,5
10.894528,7,6
7.294696,7,9
11.912069,7,12
20.253387,8,2
12.177597,8,3
9.495173,8,4
204.779651,8,5
0.114731,8,6
0.082189,8,7
78.191229,8,9
10.559603,8,10
21.997405,8,11
89.990179,8,12
0.170437,9,2
0.16916,9,3
1.840835,9,5
0.056344,9,6
0.102645,9,8
0.040248,9,10
0.12396,9,11
498.778213,9,12
1.072955,10,2
0.106667,10,3
2.214645,10,4
3.147296,10,5
0.405291,10,7
3.366509,10,8
5.162088,10,9
55.450805,10,11
0.674216,10,12
9.661541,11,2
3.044272,11,3
4.784379,11,4
48.453901,11,5
3.365069,11,7
18.767171,11,8
10.494589,11,9
18.770371,11,10
6.520771,11,12
1.182536,12,2
1.567571,12,3
0.792219,12,5
0.026667,12,6
0.120115,12,8
3.490112,12,9
0.053333,12,10
0.026667,12,11
succeed
0.0,0.177493,0.0,0.0,0.026667,0.186088,0.0,0.0,0.0,0.0,0.0,3.848496
0.0,0.0,0.350189,0.0,0.216483,32.179827,0.0,0.0,0.026667,0.0,0.142221,181.765584
0.0,34.174448,0.0,0.026667,0.138219,39.528437,12.669397,0.1504,33.221072,0.0,0.0,220.95748
0.0,8.480192,67.545192,0.0,46.712264,41.128688,21.577061,0.077259,19.388589,33.303645,0.056099,43.503653
0.0,32.036491,2.498573,0.0,0.0,0.083501,0.0,0.0,0.162608,0.0,0.0,104.186472
0.0,15.675632,139.020547,9.95948,0.17664,0.0,19.730893,0.08,51.781419,0.167003,0.0,175.881211
0.0,7.158811,37.319323,9.938285,12.940683,10.894528,0.0,0.0,7.294696,0.0,0.0,11.912069
0.0,20.253387,12.177597,9.495173,204.779651,0.114731,0.082189,0.0,78.191229,10.559603,21.997405,89.990179
0.0,0.170437,0.16916,0.0,1.840835,0.056344,0.0,0.102645,0.0,0.040248,0.12396,498.778213
0.0,1.072955,0.106667,2.214645,3.147296,0.0,0.405291,3.366509,5.162088,0.0,55.450805,0.674216
0.0,9.661541,3.044272,4.784379,48.453901,0.0,3.365069,18.767171,10.494589,18.770371,0.0,6.520771
0.0,1.182536,1.567571,0.0,0.792219,0.026667,0.0,0.120115,3.490112,0.053333,0.026667,0.0
