1949.779837
0.028563,1,2
0.034168,1,3
0.28784,1,4
0.077059,1,5
0.026667,1,6
0.08,1,7
0.092277,1,8
0.164701,1,9
0.031083,1,11
0.153525,1,12
3.15264,2,1
14.393472,2,3
4.365672,2,4
35.765941,2,5
16.304872,2,6
2.023069,2,7
12.526389,2,8
7.614747,2,9
0.18924,2,10
3.057024,2,11
28.364907,2,12
8.808576,3,2
9.795619,3,4
10.224419,3,5
18.86236,3,6
8.305915,3,7
39.536437,3,8
9.565264,3,9
4.601595,3,10
2.834232,3,11
16.153208,3,12
0.110517,4,1
6.977832,4,2
42.427781,4,3
16.571907,4,5
26.531832,4,6
29.828808,4,7
18.822408,4,8
17.125947,4,9
10.767421,4,10
8.076493,4,11
33.114011,4,12
1.007096,5,1
15.80452,5,2
10.689597,5,3
1.232917,5,4
6.500339,5,6
2.085053,5,7
4.323605,5,8
2.880427,5,9
0.751171,5,10
1.60684,5,11
3.770096,5,12
0.164155,6,1
9.040405,6,2
37.658248,6,3
13.798083,6,4
23.267453,6,5
10.741563,6,7
17.056075,6,8
38.9326,6,9
0.331336,6,10
10.187925,6,11
19.455016,6,12
0.099077,7,1
3.964928,7,2
22.720461,7,3
9.104576,7,4
11.011904,7,5
9.666219,7,6
6.085976,7,8
3.034464,7,9
2.248413,7,10
3.255085,7,11
12.005853,7,12
0.443533,8,1
27.212645,8,2
57.891728,8,3
7.802179,8,4
3.338752,8,5
14.511771,8,6
11.058872,8,7
53.747987,8,9
26.819448,8,10
17.378512,8,11
22.336267,8,12
0.985987,9,1
22.274243,9,2
20.763901,9,3
32.526757,9,4
9.630608,9,5
23.110699,9,6
14.446477,9,7
61.526043,9,8
4.46448,9,10
16.460557,9,11
50.101216,9,12
0.053333,10,2
0.026667,10,3
4.172824,10,4
0.026667,10,5
0.295221,10,6
0.026667,10,7
28.719032,10,8
0.244885,10,9
30.605701,10,11
0.069509,10,12
0.056309,11,1
11.510341,11,2
30.256003,11,3
4.443739,11,4
4.249344,11,5
7.564221,11,6
5.1448,11,7
11.289683,11,8
6.805363,11,9
1.744523,11,10
51.453331,11,12
0.636685,12,1
72.714645,12,2
81.280187,12,3
47.000509,12,4
18.807925,12,5
47.629811,12,6
16.781403,12,7
37.850363,12,8
117.391093,12,9
4.303088,12,10
25.535389,12,11
succeed
0.0,0.028563,0.034168,0.28784,0.077059,0.026667,0.08,0.092277,0.164701,0.0,0.031083,0.153525
3.15264,0.0,14.393472,4.365672,35.765941,16.304872,2.023069,12.526389,7.614747,0.18924,3.057024,28.364907
0.0,8.808576,0.0,9.795619,10.224419,18.86236,8.305915,39.536437,9.565264,4.601595,2.834232,16.153208
0.110517,6.977832,42.427781,0.0,16.571907,26.531832,29.828808,18.822408,17.125947,10.767421,8.076493,33.114011
1.007096,15.80452,10.689597,1.232917,0.0,6.500339,2.085053,4.323605,2.880427,0.751171,1.60684,3.770096
0.164155,9.040405,37.658248,13.798083,23.267453,0.0,10.741563,17.056075,38.9326,0.331336,10.187925,19.455016
0.099077,3.964928,22.720461,9.104576,11.011904,9.666219,0.0,6.085976,3.034464,2.248413,3.255085,12.005853
0.443533,27.212645,57.891728,7.802179,3.338752,14.511771,11.058872,0.0,53.747987,26.819448,17.378512,22.336267
0.985987,22.274243,20.763901,32.526757,9.630608,23.110699,14.446477,61.526043,0.0,4.46448,16.460557,50.101216
0.0,0.053333,0.026667,4.172824,0.026667,0.295221,0.026667,28.719032,0.244885,0.0,30.605701,0.069509
0.056309,11.510341,30.256003,4.443739,4.249344,7.564221,5.1448,11.289683,6.805363,1.744523,0.0,51.453331
0.636685,72.714645,81.280187,47.000509,18.807925,47.629811,16.781403,37.850363,117.391093,4.303088,25.535389,0.0
