3586.889841
0.129123,1,2
0.680189,1,3
0.08,1,4
0.054667,1,5
4.130795,1,6
0.126827,1,7
0.444649,1,8
0.260365,1,9
0.060233,1,10
0.032,1,11
1.074275,1,12
0.174624,2,1
25.601504,2,3
5.100115,2,4
33.802757,2,5
22.833875,2,6
9.4054,2,7
19.846919,2,8
7.446024,2,9
0.544316,2,10
7.640901,2,11
62.92388,2,12
0.965557,3,1
19.38932,3,2
23.390901,3,4
21.918896,3,5
68.643888,3,6
15.713048,3,7
92.697576,3,8
71.878539,3,9
3.173843,3,10
9.286,3,11
56.799344,3,12
0.167077,4,1
13.283096,4,2
62.567397,4,3
18.686747,4,5
37.117733,4,6
17.819923,4,7
24.284725,4,8
30.45492,4,9
30.859331,4,10
26.410992,4,11
45.151032,4,12
0.106667,5,1
8.081229,5,2
16.094333,5,3
3.144123,5,4
12.518304,5,6
4.792243,5,7
10.628795,5,8
4.568056,5,9
0.395933,5,10
5.808336,5,11
5.650493,5,12
0.369659,6,1
22.449848,6,2
78.487467,6,3
5.50824,6,4
4.712493,6,5
8.775696,6,7
34.171709,6,8
40.296744,6,9
3.041517,6,10
9.981205,6,11
27.422979,6,12
0.505648,7,1
3.865771,7,2
49.307357,7,3
7.885765,7,4
4.848781,7,5
10.635861,7,6
10.83888,7,8
13.668333,7,9
0.956568,7,10
2.032904,7,11
11.644352,7,12
2.342821,8,1
33.597661,8,2
172.45496,8,3
28.114067,8,4
30.64896,8,5
38.784568,8,6
11.43772,8,7
104.0254,8,9
16.257245,8,10
31.371261,8,11
114.204365,8,12
0.697515,9,1
64.24816,9,2
89.500475,9,3
32.006733,9,4
24.042877,9,5
61.111493,9,6
21.251195,9,7
96.725184,9,8
8.851973,9,10
34.06092,9,11
189.431576,9,12
0.036339,10,1
4.071381,10,2
5.041763,10,3
5.262536,10,4
0.171669,10,5
1.210448,10,6
0.243544,10,7
31.035795,10,8
2.410771,10,9
37.961984,10,11
0.652504,10,12
0.062293,11,1
11.600117,11,2
28.605283,11,3
3.501221,11,4
6.016093,11,5
11.386285,11,6
4.464032,11,7
40.160787,11,8
19.088763,11,9
7.057117,11,10
26.824835,11,12
0.602533,12,1
154.544421,12,2
97.521568,12,3
61.597245,12,4
40.267552,12,5
68.376144,12,6
29.496011,12,7
139.439088,12,8
177.101784,12,9
6.106933,12,10
43.554261,12,11
succeed
0.0,0.129123,0.680189,0.08,0.054667,4.130795,0.126827,0.444649,0.260365,0.060233,0.032,1.074275
0.174624,0.0,25.601504,5.100115,33.802757,22.833875,9.4054,19.846919,7.446024,0.544316,7.640901,62.92388
0.965557,19.38932,0.0,23.390901,21.918896,68.643888,15.713048,92.697576,71.878539,3.173843,9.286,56.799344
0.167077,13.283096,62.567397,0.0,18.686747,37.117733,17.819923,24.284725,30.45492,30.859331,26.410992,45.151032
0.106667,8.081229,16.094333,3.144123,0.0,12.518304,4.792243,10.628795,4.568056,0.395933,5.808336,5.650493
0.369659,22.449848,78.487467,5.50824,4.712493,0.0,8.775696,34.171709,40.296744,3.041517,9.981205,27.422979
0.505648,3.865771,49.307357,7.885765,4.848781,10.635861,0.0,10.83888,13.668333,0.956568,2.032904,11.644352
2.342821,33.597661,172.45496,28.114067,30.64896,38.784568,11.43772,0.0,104.0254,16.257245,31.371261,114.204365
0.697515,64.24816,89.500475,32.006733,24.042877,61.111493,21.251195,96.725184,0.0,8.851973,34.06092,189.431576
0.036339,4.071381,5.041763,5.262536,0.171669,1.210448,0.243544,31.035795,2.410771,0.0,37.961984,0.652504
0.062293,11.600117,28.605283,3.501221,6.016093,11.386285,4.464032,40.160787,19.088763,7.057117,0.0,26.824835
0.602533,154.544421,97.521568,61.597245,40.267552,68.376144,29.496011,139.439088,177.101784,6.106933,43.554261,0.0
