8983.949025
0.525221,1,2
1.541085,1,3
0.026667,1,4
1.080699,1,5
2.785027,1,6
0.697685,1,7
5.176915,1,9
0.179835,1,10
1.375869,1,12
30.046869,2,3
0.290256,2,4
76.042373,2,5
49.869099,2,6
10.971336,2,7
0.150373,2,8
34.312384,2,9
0.226189,2,10
0.780181,2,11
61.197629,2,12
56.359328,3,2
40.356296,3,4
4997.036533,3,5
76.829837,3,6
22.480053,3,7
0.562808,3,8
49.606792,3,9
0.093035,3,10
1.240669,3,11
47.659224,3,12
13.237645,4,2
54.202875,4,3
62.365728,4,5
39.974053,4,6
41.9336,4,7
0.08,4,8
39.978984,4,9
15.357787,4,10
3.374205,4,11
57.806397,4,12
48.757869,5,2
2.421291,5,3
0.081739,5,4
0.162576,5,6
0.064933,5,7
0.053333,5,8
9.836904,5,9
0.062773,5,10
0.08,5,11
96.019955,5,12
33.412195,6,2
151.003555,6,3
16.048051,6,4
68.188901,6,5
20.05148,6,7
0.230048,6,8
69.617781,6,9
0.996256,6,10
3.325819,6,11
50.091168,6,12
8.465147,7,2
51.906973,7,3
13.515771,7,4
17.693869,7,5
12.907365,7,6
0.08,7,8
9.116363,7,9
0.026667,7,10
0.501664,7,11
22.955072,7,12
37.752101,8,2
20.215691,8,3
31.277365,8,4
221.764155,8,5
2.039531,8,6
7.261741,8,7
84.989392,8,9
23.276187,8,10
25.794477,8,11
87.677472,8,12
69.449133,9,2
106.655339,9,3
47.271672,9,4
178.011533,9,5
78.125635,9,6
29.781083,9,7
1.070424,9,8
0.397035,9,10
8.617728,9,11
167.453821,9,12
1.693147,10,2
0.124437,10,3
5.365995,10,4
10.449112,10,5
0.026667,10,6
0.844627,10,7
36.3262,10,8
5.303976,10,9
51.610928,10,11
9.459664,10,12
15.882792,11,2
3.753693,11,3
9.850795,11,4
65.813555,11,5
0.841232,11,6
11.758461,11,7
25.137664,11,8
19.087701,11,9
6.224931,11,10
24.385021,11,12
102.242475,12,2
102.670077,12,3
0.804864,12,4
323.278213,12,5
91.754053,12,6
33.635795,12,7
0.223563,12,8
183.889405,12,9
0.666216,12,10
6.475192,12,11
succeed
0.0,0.525221,1.541085,0.026667,1.080699,2.785027,0.697685,0.0,5.176915,0.179835,0.0,1.375869
0.0,0.0,30.046869,0.290256,76.042373,49.869099,10.971336,0.150373,34.312384,0.226189,0.780181,61.197629
0.0,56.359328,0.0,40.356296,4997.036533,76.829837,22.480053,0.562808,49.606792,0.093035,1.240669,47.659224
0.0,13.237645,54.202875,0.0,62.365728,39.974053,41.9336,0.08,39.978984,15.357787,3.374205,57.806397
0.0,48.757869,2.421291,0.081739,0.0,0.162576,0.064933,0.053333,9.836904,0.062773,0.08,96.019955
0.0,33.412195,151.003555,16.048051,68.188901,0.0,20.05148,0.230048,69.617781,0.996256,3.325819,50.091168
0.0,8.465147,51.906973,13.515771,17.693869,12.907365,0.0,0.08,9.116363,0.026667,0.501664,22.955072
0.0,37.752101,20.215691,31.277365,221.764155,2.039531,7.261741,0.0,84.989392,23.276187,25.794477,87.677472
0.0,69.449133,106.655339,47.271672,178.011533,78.125635,29.781083,1.070424,0.0,0.397035,8.617728,167.453821
0.0,1.693147,0.124437,5.365995,10.449112,0.026667,0.844627,36.3262,5.303976,0.0,51.610928,9.459664
0.0,15.882792,3.753693,9.850795,65.813555,0.841232,11.758461,25.137664,19.087701,6.224931,0.0,24.385021
0.0,102.242475,102.670077,0.804864,323.278213,91.754053,33.635795,0.223563,183.889405,0.666216,6.475192,0.0
