2025.667802
0.026667,1,2
0.125653,1,3
0.026667,1,4
0.026667,1,5
0.829059,1,8
0.026667,1,9
0.519987,1,12
0.032555,2,1
3.117603,2,3
2.840955,2,4
0.178253,2,5
25.805645,2,6
0.31952,2,7
4.969229,2,8
5.319187,2,9
0.551768,2,10
9.017051,2,11
40.925253,2,12
0.073912,3,1
6.708408,3,2
9.101693,3,4
5.077243,3,5
96.495973,3,6
3.632035,3,7
31.75072,3,8
7.391381,3,9
0.869531,3,10
4.388117,3,11
18.316021,3,12
0.237781,4,1
1.145184,4,2
62.010469,4,3
18.035123,4,5
44.107259,4,6
31.348859,4,7
19.993661,4,8
19.887877,4,9
19.580781,4,10
15.456123,4,11
35.607549,4,12
0.332619,5,1
0.921275,5,2
17.995091,5,3
1.063464,5,4
0.868893,5,6
0.50228,5,7
4.406363,5,8
4.873221,5,9
3.668987,5,11
0.973115,5,12
0.026667,6,1
96.935155,6,2
76.292131,6,3
4.192768,6,4
4.776155,6,5
2.318379,6,7
8.814789,6,8
19.056427,6,9
0.408717,6,10
8.630224,6,11
8.840795,6,12
0.718856,7,2
16.77636,7,3
11.487811,7,4
2.666928,7,5
12.326955,7,6
4.772248,7,8
4.454203,7,9
2.133552,7,10
9.552352,7,11
6.274371,7,12
0.512016,8,1
13.676045,8,2
109.470461,8,3
11.444952,8,4
1.989789,8,5
12.610984,8,6
2.850827,8,7
36.933397,8,9
8.764432,8,10
38.272677,8,11
31.406653,8,12
0.175453,9,1
17.218829,9,2
10.515027,9,3
29.264632,9,4
4.669677,9,5
19.832061,9,6
4.772648,9,7
74.839792,9,8
1.55056,9,10
18.535928,9,11
35.313835,9,12
0.046995,10,2
0.053333,10,3
9.195125,10,4
0.026667,10,5
4.081141,10,6
26.929392,10,8
0.307829,10,9
29.342816,10,11
0.352112,10,12
6.82632,11,2
23.58288,11,3
12.281899,11,4
1.83144,11,5
4.840469,11,6
1.174288,11,7
14.938645,11,8
8.348376,11,9
2.424109,11,10
11.418195,11,12
0.118936,12,1
72.884984,12,2
57.710293,12,3
53.792499,12,4
20.199744,12,5
49.705152,12,6
15.996205,12,7
77.186765,12,8
117.566267,12,9
5.003483,12,10
29.945531,12,11
succeed
0.0,0.026667,0.125653,0.026667,0.026667,0.0,0.0,0.829059,0.026667,0.0,0.0,0.519987
0.032555,0.0,3.117603,2.840955,0.178253,25.805645,0.31952,4.969229,5.319187,0.551768,9.017051,40.925253
0.073912,6.708408,0.0,9.101693,5.077243,96.495973,3.632035,31.75072,7.391381,0.869531,4.388117,18.316021
0.237781,1.145184,62.010469,0.0,18.035123,44.107259,31.348859,19.993661,19.887877,19.580781,15.456123,35.607549
0.332619,0.921275,17.995091,1.063464,0.0,0.868893,0.50228,4.406363,4.873221,0.0,3.668987,0.973115
0.026667,96.935155,76.292131,4.192768,4.776155,0.0,2.318379,8.814789,19.056427,0.408717,8.630224,8.840795
0.0,0.718856,16.77636,11.487811,2.666928,12.326955,0.0,4.772248,4.454203,2.133552,9.552352,6.274371
0.512016,13.676045,109.470461,11.444952,1.989789,12.610984,2.850827,0.0,36.933397,8.764432,38.272677,31.406653
0.175453,17.218829,10.515027,29.264632,4.669677,19.832061,4.772648,74.839792,0.0,1.55056,18.535928,35.313835
0.0,0.046995,0.053333,9.195125,0.026667,4.081141,0.0,26.929392,0.307829,0.0,29.342816,0.352112
0.0,6.82632,23.58288,12.281899,1.83144,4.840469,1.174288,14.938645,8.348376,2.424109,0.0,11.418195
0.118936,72.884984,57.710293,53.792499,20.199744,49.705152,15.996205,77.186765,117.566267,5.003483,29.945531,0.0
