2962.13321
0.274048,1,2
0.771224,1,3
0.32324,1,5
0.725781,1,6
0.055429,1,7
0.679768,1,9
0.733712,1,12
18.540099,2,3
0.026667,2,4
28.628765,2,5
25.68128,2,6
2.737411,2,7
0.026667,2,8
14.427005,2,9
0.026667,2,10
0.504141,2,11
41.735485,2,12
22.831096,3,2
21.94328,3,4
80.78892,3,5
80.008557,3,6
44.280264,3,7
0.409171,3,8
24.936581,3,9
0.585808,3,11
63.900709,3,12
4.903955,4,2
70.079323,4,3
49.494608,4,5
25.628808,4,6
16.587645,4,7
0.026667,4,8
12.015352,4,9
8.139741,4,10
0.24884,4,11
69.127315,4,12
43.278728,5,2
2.045544,5,3
0.028608,5,6
0.026667,5,8
15.582872,5,9
0.353187,5,11
82.706749,5,12
18.239581,6,2
87.543256,6,3
9.507947,6,4
50.737811,6,5
10.548899,6,7
27.901075,6,9
0.128309,6,10
0.933864,6,11
24.002477,6,12
7.062603,7,2
30.599128,7,3
9.87344,7,4
9.116096,7,5
11.345101,7,6
0.054832,7,8
9.740539,7,9
0.053333,7,10
0.225547,7,11
12.013693,7,12
22.387101,8,2
10.501733,8,3
15.413259,8,4
311.616987,8,5
1.261272,8,6
0.712205,8,7
67.283403,8,9
11.688435,8,10
12.916309,8,11
80.265435,8,12
40.957587,9,2
26.203411,9,3
28.929264,9,4
105.669461,9,5
63.061259,9,6
16.179029,9,7
0.289675,9,8
0.155341,9,10
3.110011,9,11
116.029208,9,12
1.464955,10,2
0.929443,10,3
2.739339,10,4
4.644288,10,5
0.027488,10,6
2.894928,10,7
34.465499,10,8
2.064587,10,9
51.759064,10,11
1.628056,10,12
8.368528,11,2
3.952397,11,3
2.775192,11,4
56.378387,11,5
0.153301,11,6
12.606256,11,7
22.592333,11,8
10.851669,11,9
3.994904,11,10
9.126557,11,12
112.353488,12,2
49.881059,12,3
3.719544,12,4
183.210677,12,5
71.000736,12,6
15.223072,12,7
0.567776,12,8
159.563304,12,9
0.026667,12,10
3.055416,12,11
succeed
0.0,0.274048,0.771224,0.0,0.32324,0.725781,0.055429,0.0,0.679768,0.0,0.0,0.733712
0.0,0.0,18.540099,0.026667,28.628765,25.68128,2.737411,0.026667,14.427005,0.026667,0.504141,41.735485
0.0,22.831096,0.0,21.94328,80.78892,80.008557,44.280264,0.409171,24.936581,0.0,0.585808,63.900709
0.0,4.903955,70.079323,0.0,49.494608,25.628808,16.587645,0.026667,12.015352,8.139741,0.24884,69.127315
0.0,43.278728,2.045544,0.0,0.0,0.028608,0.0,0.026667,15.582872,0.0,0.353187,82.706749
0.0,18.239581,87.543256,9.507947,50.737811,0.0,10.548899,0.0,27.901075,0.128309,0.933864,24.002477
0.0,7.062603,30.599128,9.87344,9.116096,11.345101,0.0,0.054832,9.740539,0.053333,0.225547,12.013693
0.0,22.387101,10.501733,15.413259,311.616987,1.261272,0.712205,0.0,67.283403,11.688435,12.916309,80.265435
0.0,40.957587,26.203411,28.929264,105.669461,63.061259,16.179029,0.289675,0.0,0.155341,3.110011,116.029208
0.0,1.464955,0.929443,2.739339,4.644288,0.027488,2.894928,34.465499,2.064587,0.0,51.759064,1.628056
0.0,8.368528,3.952397,2.775192,56.378387,0.153301,12.606256,22.592333,10.851669,3.994904,0.0,9.126557
0.0,112.353488,49.881059,3.719544,183.210677,71.000736,15.223072,0.567776,159.563304,0.026667,3.055416,0.0
