1791.463837
0.053333,1,2
0.099517,1,3
0.784208,1,8
0.026667,1,11
0.252416,1,12
0.637869,2,1
9.564571,2,3
4.399171,2,4
5.316499,2,5
23.419952,2,6
3.734517,2,7
15.019193,2,8
4.188368,2,9
0.022175,2,10
16.380149,2,11
25.846176,2,12
0.026667,3,1
9.9162,3,2
20.067115,3,4
3.516544,3,5
31.077811,3,6
6.855195,3,7
49.961901,3,8
6.074723,3,9
2.103808,3,10
6.428445,3,11
16.96892,3,12
0.168917,4,1
4.167984,4,2
33.203459,4,3
25.186392,4,5
32.142677,4,6
22.565283,4,7
14.085299,4,8
14.373413,4,9
8.756936,4,10
19.072776,4,11
35.985736,4,12
1.792605,5,1
3.786589,5,2
5.003304,5,3
1.356792,5,4
0.941037,5,6
3.492859,5,7
14.983984,5,8
9.721936,5,9
1.062181,5,11
4.994339,5,12
0.060541,6,1
13.388,6,2
40.765168,6,3
7.795803,6,4
0.789299,6,5
1.367643,6,7
18.569544,6,8
22.340181,6,9
0.283293,6,10
10.921784,6,11
15.780291,6,12
0.044309,7,1
1.166125,7,2
15.887037,7,3
14.764205,7,4
5.906323,7,5
12.201133,7,6
6.357592,7,8
1.463544,7,9
2.294376,7,10
4.947669,7,11
11.420144,7,12
0.169384,8,1
9.88732,8,2
66.960264,8,3
22.239093,8,4
3.521579,8,5
26.558029,8,6
4.178357,8,7
26.444784,8,9
12.251797,8,10
32.186917,8,11
33.357829,8,12
0.188008,9,1
22.675923,9,2
13.026275,9,3
3.806339,9,4
7.942784,9,5
8.412432,9,6
8.727995,9,7
50.601504,9,8
5.244861,9,10
19.620779,9,11
33.324283,9,12
0.413216,10,2
0.257856,10,3
9.890595,10,4
0.073344,10,5
0.200765,10,6
0.026667,10,7
27.323456,10,8
0.726245,10,9
29.814101,10,11
0.194333,10,12
0.458005,11,1
7.121304,11,2
9.886037,11,3
4.297352,11,4
1.287749,11,5
11.719608,11,6
2.263243,11,7
24.727928,11,8
8.222584,11,9
4.920696,11,10
4.059659,11,12
0.658181,12,1
83.462504,12,2
62.440536,12,3
60.025672,12,4
8.066357,12,5
36.975651,12,6
12.064432,12,7
92.145155,12,8
108.304877,12,9
5.662392,12,10
34.346189,12,11
succeed
0.0,0.053333,0.099517,0.0,0.0,0.0,0.0,0.784208,0.0,0.0,0.026667,0.252416
0.637869,0.0,9.564571,4.399171,5.316499,23.419952,3.734517,15.019193,4.188368,0.022175,16.380149,25.846176
0.026667,9.9162,0.0,20.067115,3.516544,31.077811,6.855195,49.961901,6.074723,2.103808,6.428445,16.96892
0.168917,4.167984,33.203459,0.0,25.186392,32.142677,22.565283,14.085299,14.373413,8.756936,19.072776,35.985736
1.792605,3.786589,5.003304,1.356792,0.0,0.941037,3.492859,14.983984,9.721936,0.0,1.062181,4.994339
0.060541,13.388,40.765168,7.795803,0.789299,0.0,1.367643,18.569544,22.340181,0.283293,10.921784,15.780291
0.044309,1.166125,15.887037,14.764205,5.906323,12.201133,0.0,6.357592,1.463544,2.294376,4.947669,11.420144
0.169384,9.88732,66.960264,22.239093,3.521579,26.558029,4.178357,0.0,26.444784,12.251797,32.186917,33.357829
0.188008,22.675923,13.026275,3.806339,7.942784,8.412432,8.727995,50.601504,0.0,5.244861,19.620779,33.324283
0.0,0.413216,0.257856,9.890595,0.073344,0.200765,0.026667,27.323456,0.726245,0.0,29.814101,0.194333
0.458005,7.121304,9.886037,4.297352,1.287749,11.719608,2.263243,24.727928,8.222584,4.920696,0.0,4.059659
0.658181,83.462504,62.440536,60.025672,8.066357,36.975651,12.064432,92.145155,108.304877,5.662392,34.346189,0.0
