1928.401295
0.026667,1,2
0.058155,1,3
0.161819,1,5
0.086485,1,6
0.466611,1,7
0.060629,1,8
0.679067,1,9
0.265235,1,12
0.078912,2,1
3.425712,2,3
2.48604,2,4
29.434331,2,5
12.802275,2,6
0.469821,2,7
15.621624,2,8
6.322856,2,9
0.026667,2,10
6.305304,2,11
24.048187,2,12
0.026667,3,1
6.429632,3,2
26.793173,3,4
3.156195,3,5
43.684749,3,6
9.264928,3,7
43.754651,3,8
7.454984,3,9
0.053333,3,10
7.199931,3,11
13.169328,3,12
0.10096,4,1
2.307253,4,2
45.868989,4,3
14.702832,4,5
29.99328,4,6
18.304224,4,7
8.387549,4,8
14.010317,4,9
7.610488,4,10
26.066752,4,11
49.685525,4,12
3.726061,5,1
1.401467,5,2
15.216691,5,3
0.934805,5,4
1.500941,5,6
0.588832,5,7
2.40556,5,8
1.925912,5,9
1.40404,5,11
3.185611,5,12
3.630973,6,1
10.881387,6,2
60.185285,6,3
11.713683,6,4
1.4382,6,5
3.357629,6,7
16.423224,6,8
21.731147,6,9
0.08,6,10
12.764125,6,11
17.385499,6,12
0.026667,7,1
2.58784,7,2
12.579829,7,3
3.912053,7,4
4.705509,7,5
10.222309,7,6
4.406043,7,8
3.312285,7,9
1.747701,7,10
2.539083,7,11
6.62808,7,12
10.001872,8,2
90.324789,8,3
14.458899,8,4
2.348549,8,5
37.437288,8,6
4.281189,8,7
31.833243,8,9
12.163077,8,10
38.647216,8,11
41.185829,8,12
0.074384,9,1
23.355229,9,2
28.264467,9,3
22.978728,9,4
5.497965,9,5
27.942336,9,6
8.748192,9,7
78.124891,9,8
0.455384,9,10
17.587208,9,11
50.694472,9,12
0.189928,10,2
0.140427,10,3
2.039693,10,4
0.101851,10,5
0.304627,10,6
0.053333,10,7
16.294037,10,8
8.448021,10,9
23.890533,10,11
0.053333,10,12
6.295869,11,2
12.432573,11,3
4.935629,11,4
2.032304,11,5
11.912851,11,6
1.698429,11,7
20.238376,11,8
5.352987,11,9
5.696653,11,10
8.205896,11,12
0.026667,12,1
112.348451,12,2
90.33744,12,3
54.664389,12,4
9.634443,12,5
53.757072,12,6
9.958459,12,7
38.248163,12,8
122.084264,12,9
0.242251,12,10
34.976531,12,11
succeed
0.0,0.026667,0.058155,0.0,0.161819,0.086485,0.466611,0.060629,0.679067,0.0,0.0,0.265235
0.078912,0.0,3.425712,2.48604,29.434331,12.802275,0.469821,15.621624,6.322856,0.026667,6.305304,24.048187
0.026667,6.429632,0.0,26.793173,3.156195,43.684749,9.264928,43.754651,7.454984,0.053333,7.199931,13.169328
0.10096,2.307253,45.868989,0.0,14.702832,29.99328,18.304224,8.387549,14.010317,7.610488,26.066752,49.685525
3.726061,1.401467,15.216691,0.934805,0.0,1.500941,0.588832,2.40556,1.925912,0.0,1.40404,3.185611
3.630973,10.881387,60.185285,11.713683,1.4382,0.0,3.357629,16.423224,21.731147,0.08,12.764125,17.385499
0.026667,2.58784,12.579829,3.912053,4.705509,10.222309,0.0,4.406043,3.312285,1.747701,2.539083,6.62808
0.0,10.001872,90.324789,14.458899,2.348549,37.437288,4.281189,0.0,31.833243,12.163077,38.647216,41.185829
0.074384,23.355229,28.264467,22.978728,5.497965,27.942336,8.748192,78.124891,0.0,0.455384,17.587208,50.694472
0.0,0.189928,0.140427,2.039693,0.101851,0.304627,0.053333,16.294037,8.448021,0.0,23.890533,0.053333
0.0,6.295869,12.432573,4.935629,2.032304,11.912851,1.698429,20.238376,5.352987,5.696653,0.0,8.205896
0.026667,112.348451,90.33744,54.664389,9.634443,53.757072,9.958459,38.248163,122.084264,0.242251,34.976531,0.0
