2044.186502
0.026667,1,2
0.160563,1,3
0.085304,1,5
0.281792,1,6
0.070627,1,7
0.142717,1,8
0.318992,1,9
0.441157,1,12
0.062701,2,1
13.904125,2,3
4.835309,2,4
25.130552,2,5
13.413293,2,6
2.349275,2,7
14.333841,2,8
7.771267,2,9
0.015276,2,10
2.913939,2,11
14.6466,2,12
0.026667,3,1
21.036936,3,2
12.551856,3,4
6.616832,3,5
42.563643,3,6
5.331779,3,7
62.08912,3,8
7.992989,3,9
2.138331,3,10
4.980819,3,11
27.037176,3,12
0.130272,4,1
9.842469,4,2
45.69876,4,3
10.238867,4,5
24.278824,4,6
18.172776,4,7
4.455816,4,8
15.533429,4,9
4.905197,4,10
7.252083,4,11
25.561541,4,12
0.843131,5,1
10.548872,5,2
6.350981,5,3
1.13748,5,4
8.797688,5,6
0.795957,5,7
5.013888,5,8
1.531669,5,9
0.317824,5,11
1.196211,5,12
15.778288,6,2
46.125443,6,3
3.336085,6,4
1.860104,6,5
14.916261,6,7
37.123931,6,8
15.622259,6,9
0.813424,6,10
11.396965,6,11
10.307507,6,12
0.099957,7,1
1.909973,7,2
14.442208,7,3
8.043216,7,4
4.006168,7,5
15.601485,7,6
5.302648,7,8
0.868581,7,9
0.174784,7,10
5.032283,7,11
8.332784,7,12
0.126773,8,1
39.031317,8,2
91.554917,8,3
9.581957,8,4
11.830435,8,5
35.126133,8,6
5.409152,8,7
40.330392,8,9
11.113464,8,10
28.377645,8,11
84.719312,8,12
1.181435,9,1
25.937867,9,2
29.013205,9,3
25.876029,9,4
24.766504,9,5
36.498163,9,6
5.379307,9,7
94.013592,9,8
1.384875,9,10
19.086315,9,11
49.619624,9,12
1.164584,10,2
0.350456,10,3
7.760728,10,4
1.647168,10,5
0.358696,10,6
32.577691,10,8
0.193088,10,9
24.373875,10,11
0.026667,10,12
0.026667,11,1
12.409384,11,2
11.420381,11,3
5.597904,11,4
6.938603,11,5
9.432224,11,6
2.37004,11,7
41.736461,11,8
7.19468,11,9
8.621963,11,10
5.153483,11,12
0.939467,12,1
89.363776,12,2
52.449149,12,3
41.856229,12,4
10.945408,12,5
47.093416,12,6
20.964069,12,7
109.559269,12,8
83.099971,12,9
1.653011,12,10
19.981347,12,11
succeed
0.0,0.026667,0.160563,0.0,0.085304,0.281792,0.070627,0.142717,0.318992,0.0,0.0,0.441157
0.062701,0.0,13.904125,4.835309,25.130552,13.413293,2.349275,14.333841,7.771267,0.015276,2.913939,14.6466
0.026667,21.036936,0.0,12.551856,6.616832,42.563643,5.331779,62.08912,7.992989,2.138331,4.980819,27.037176
0.130272,9.842469,45.69876,0.0,10.238867,24.278824,18.172776,4.455816,15.533429,4.905197,7.252083,25.561541
0.843131,10.548872,6.350981,1.13748,0.0,8.797688,0.795957,5.013888,1.531669,0.0,0.317824,1.196211
0.0,15.778288,46.125443,3.336085,1.860104,0.0,14.916261,37.123931,15.622259,0.813424,11.396965,10.307507
0.099957,1.909973,14.442208,8.043216,4.006168,15.601485,0.0,5.302648,0.868581,0.174784,5.032283,8.332784
0.126773,39.031317,91.554917,9.581957,11.830435,35.126133,5.409152,0.0,40.330392,11.113464,28.377645,84.719312
1.181435,25.937867,29.013205,25.876029,24.766504,36.498163,5.379307,94.013592,0.0,1.384875,19.086315,49.619624
0.0,1.164584,0.350456,7.760728,1.647168,0.358696,0.0,32.577691,0.193088,0.0,24.373875,0.026667
0.026667,12.409384,11.420381,5.597904,6.938603,9.432224,2.37004,41.736461,7.19468,8.621963,0.0,5.153483
0.939467,89.363776,52.449149,41.856229,10.945408,47.093416,20.964069,109.559269,83.099971,1.653011,19.981347,0.0
