3909.537955
0.576133,1,2
1.121085,1,3
0.154395,1,4
0.422213,1,5
2.042771,1,6
0.855621,1,7
0.502997,1,8
2.280235,1,9
0.169133,1,10
0.357656,1,11
3.517723,1,12
2.339072,2,1
25.159717,2,3
9.900725,2,4
8.624421,2,5
28.780789,2,6
7.900035,2,7
18.108389,2,8
22.278291,2,9
5.740501,2,10
6.203592,2,11
76.692453,2,12
1.988293,3,1
29.658581,3,2
9.862048,3,4
21.871813,3,5
56.808821,3,6
15.925381,3,7
30.555069,3,8
11.589805,3,9
4.250027,3,10
15.662275,3,11
16.020816,3,12
0.608712,4,1
10.585576,4,2
55.949853,4,3
16.113416,4,5
38.876067,4,6
15.480675,4,7
10.228408,4,8
21.657512,4,9
8.248139,4,10
22.8652,4,11
83.668261,4,12
1.126536,5,1
7.057619,5,2
26.919013,5,3
4.083616,5,4
10.05416,5,6
3.982189,5,7
109.672371,5,8
16.014381,5,9
2.830851,5,10
5.13872,5,11
13.525101,5,12
1.996656,6,1
23.560283,6,2
172.276515,6,3
24.537995,6,4
8.346144,6,5
19.866925,6,7
33.141933,6,8
30.96316,6,9
10.643987,6,10
14.027109,6,11
61.095869,6,12
3.940232,7,1
11.786211,7,2
43.505723,7,3
18.529328,7,4
6.593699,7,5
15.563632,7,6
4.542824,7,8
10.915291,7,9
6.044901,7,10
4.587379,7,11
25.349595,7,12
0.848757,8,1
35.723637,8,2
124.570336,8,3
26.861341,8,4
17.232605,8,5
52.792752,8,6
15.118781,8,7
54.078523,8,9
15.926755,8,10
45.437928,8,11
73.827251,8,12
4.863933,9,1
73.384717,9,2
84.074893,9,3
44.834869,9,4
34.426296,9,5
86.494912,9,6
30.027283,9,7
90.702797,9,8
18.837221,9,10
47.407179,9,11
170.952653,9,12
0.248077,10,1
1.844843,10,2
7.222979,10,3
28.254925,10,4
2.340123,10,5
8.926461,10,6
1.455496,10,7
30.283432,10,8
4.486141,10,9
46.389531,10,11
7.029904,10,12
0.709493,11,1
17.193968,11,2
75.003835,11,3
16.635451,11,4
9.249421,11,5
27.573416,11,6
10.875995,11,7
29.744659,11,8
25.753803,11,9
12.781197,11,10
29.970029,11,12
2.521856,12,1
145.237925,12,2
129.74292,12,3
59.014944,12,4
34.040139,12,5
79.272005,12,6
28.692421,12,7
75.194181,12,8
287.626613,12,9
9.685675,12,10
41.688035,12,11
succeed
0.0,0.576133,1.121085,0.154395,0.422213,2.042771,0.855621,0.502997,2.280235,0.169133,0.357656,3.517723
2.339072,0.0,25.159717,9.900725,8.624421,28.780789,7.900035,18.108389,22.278291,5.740501,6.203592,76.692453
1.988293,29.658581,0.0,9.862048,21.871813,56.808821,15.925381,30.555069,11.589805,4.250027,15.662275,16.020816
0.608712,10.585576,55.949853,0.0,16.113416,38.876067,15.480675,10.228408,21.657512,8.248139,22.8652,83.668261
1.126536,7.057619,26.919013,4.083616,0.0,10.05416,3.982189,109.672371,16.014381,2.830851,5.13872,13.525101
1.996656,23.560283,172.276515,24.537995,8.346144,0.0,19.866925,33.141933,30.96316,10.643987,14.027109,61.095869
3.940232,11.786211,43.505723,18.529328,6.593699,15.563632,0.0,4.542824,10.915291,6.044901,4.587379,25.349595
0.848757,35.723637,124.570336,26.861341,17.232605,52.792752,15.118781,0.0,54.078523,15.926755,45.437928,73.827251
4.863933,73.384717,84.074893,44.834869,34.426296,86.494912,30.027283,90.702797,0.0,18.837221,47.407179,170.952653
0.248077,1.844843,7.222979,28.254925,2.340123,8.926461,1.455496,30.283432,4.486141,0.0,46.389531,7.029904
0.709493,17.193968,75.003835,16.635451,9.249421,27.573416,10.875995,29.744659,25.753803,12.781197,0.0,29.970029
2.521856,145.237925,129.74292,59.014944,34.040139,79.272005,28.692421,75.194181,287.626613,9.685675,41.688035,0.0
