2298.091971
0.095635,1,2
0.199315,1,3
0.026667,1,4
0.026667,1,5
0.053333,1,6
0.301416,1,8
0.106352,1,12
0.037085,2,1
3.520333,2,3
2.834957,2,4
1.816597,2,5
15.871219,2,6
0.689643,2,7
13.6754,2,8
3.798824,2,9
0.215936,2,10
2.578603,2,11
30.158717,2,12
0.128856,3,1
18.379755,3,2
10.272701,3,4
3.864208,3,5
19.333005,3,6
6.330109,3,7
41.198267,3,8
3.954253,3,9
1.050477,3,10
11.456,3,11
58.768755,3,12
0.026667,4,1
2.542749,4,2
30.813269,4,3
21.682624,4,5
22.475821,4,6
31.491845,4,7
22.098325,4,8
7.031296,4,9
17.126264,4,10
13.142419,4,11
36.034736,4,12
0.209013,5,1
14.136168,5,2
8.698301,5,3
1.081253,5,4
0.529859,5,6
3.914331,5,7
14.983605,5,8
1.491619,5,9
2.282304,5,11
12.685104,5,12
20.414477,6,2
46.800643,6,3
3.959003,6,4
0.622088,6,5
2.735768,6,7
37.917085,6,8
24.032605,6,9
0.165715,6,10
5.385648,6,11
28.959107,6,12
2.419147,7,2
10.895613,7,3
8.851683,7,4
6.947645,7,5
8.719592,7,6
9.410424,7,8
3.098072,7,9
0.093336,7,10
0.832725,7,11
7.974107,7,12
0.484549,8,1
20.503483,8,2
71.167749,8,3
25.449323,8,4
7.452955,8,5
23.848397,8,6
12.545325,8,7
76.266752,8,9
9.122997,8,10
25.933003,8,11
146.933517,8,12
0.050989,9,1
31.786349,9,2
28.560592,9,3
22.652989,9,4
10.355939,9,5
18.009011,9,6
4.305507,9,7
78.051277,9,8
0.736669,9,10
20.025557,9,11
66.307368,9,12
0.053333,10,3
9.059648,10,4
0.099011,10,5
0.206301,10,6
0.026667,10,7
41.363291,10,8
0.659907,10,9
29.050755,10,11
0.053333,10,12
0.026667,11,1
8.074309,11,2
12.867843,11,3
3.050885,11,4
0.623672,11,5
4.561216,11,6
2.102976,11,7
20.860451,11,8
7.183792,11,9
3.919952,11,10
4.346856,11,12
0.180949,12,1
119.171901,12,2
71.666096,12,3
57.539085,12,4
15.343768,12,5
60.636163,12,6
22.592776,12,7
111.067163,12,8
207.794696,12,9
0.831808,12,10
37.071264,12,11
succeed
0.0,0.095635,0.199315,0.026667,0.026667,0.053333,0.0,0.301416,0.0,0.0,0.0,0.106352
0.037085,0.0,3.520333,2.834957,1.816597,15.871219,0.689643,13.6754,3.798824,0.215936,2.578603,30.158717
0.128856,18.379755,0.0,10.272701,3.864208,19.333005,6.330109,41.198267,3.954253,1.050477,11.456,58.768755
0.026667,2.542749,30.813269,0.0,21.682624,22.475821,31.491845,22.098325,7.031296,17.126264,13.142419,36.034736
0.209013,14.136168,8.698301,1.081253,0.0,0.529859,3.914331,14.983605,1.491619,0.0,2.282304,12.685104
0.0,20.414477,46.800643,3.959003,0.622088,0.0,2.735768,37.917085,24.032605,0.165715,5.385648,28.959107
0.0,2.419147,10.895613,8.851683,6.947645,8.719592,0.0,9.410424,3.098072,0.093336,0.832725,7.974107
0.484549,20.503483,71.167749,25.449323,7.452955,23.848397,12.545325,0.0,76.266752,9.122997,25.933003,146.933517
0.050989,31.786349,28.560592,22.652989,10.355939,18.009011,4.305507,78.051277,0.0,0.736669,20.025557,66.307368
0.0,0.0,0.053333,9.059648,0.099011,0.206301,0.026667,41.363291,0.659907,0.0,29.050755,0.053333
0.026667,8.074309,12.867843,3.050885,0.623672,4.561216,2.102976,20.860451,7.183792,3.919952,0.0,4.346856
0.180949,119.171901,71.666096,57.539085,15.343768,60.636163,22.592776,111.067163,207.794696,0.831808,37.071264,0.0
