3608.136866
0.357355,1,2
0.867792,1,3
0.272907,1,4
0.170397,1,5
1.760008,1,6
0.594595,1,7
1.288704,1,8
3.019248,1,9
0.026667,1,10
0.055483,1,11
0.322475,1,12
0.715813,2,1
18.566483,2,3
5.748307,2,4
6.814941,2,5
29.941064,2,6
2.090419,2,7
12.617803,2,8
13.773197,2,9
0.475883,2,10
4.526576,2,11
35.751427,2,12
2.392656,3,1
16.220349,3,2
32.578152,3,4
19.946117,3,5
95.376123,3,6
19.691875,3,7
81.564968,3,8
29.00624,3,9
5.008843,3,10
14.542171,3,11
38.367011,3,12
0.371763,4,1
14.299323,4,2
58.343835,4,3
13.681053,4,5
32.323717,4,6
21.569491,4,7
12.825341,4,8
25.801048,4,9
10.834179,4,10
14.489608,4,11
61.571333,4,12
4.073237,5,1
5.391587,5,2
25.03916,5,3
8.607016,5,4
11.544187,5,6
4.743936,5,7
16.911379,5,8
8.139131,5,9
2.236891,5,10
4.154928,5,11
25.128171,5,12
1.113248,6,1
23.66968,6,2
103.217824,6,3
14.887544,6,4
8.223893,6,5
15.145976,6,7
72.439357,6,8
84.969307,6,9
3.319843,6,10
16.879861,6,11
62.54676,6,12
2.747989,7,1
2.761363,7,2
23.690885,7,3
13.224384,7,4
5.885435,7,5
16.149816,7,6
8.800477,7,8
16.216101,7,9
1.01304,7,10
2.284157,7,11
14.755819,7,12
2.142371,8,1
33.029061,8,2
117.102957,8,3
37.071955,8,4
25.035995,8,5
81.471653,8,6
10.721637,8,7
106.907267,8,9
15.627616,8,10
41.050877,8,11
107.841355,8,12
3.002155,9,1
34.669904,9,2
57.928251,9,3
32.441864,9,4
23.017277,9,5
95.0188,9,6
23.100096,9,7
111.524768,9,8
10.261339,9,10
37.388403,9,11
165.91356,9,12
0.068971,10,2
1.288005,10,3
4.649595,10,4
0.824549,10,5
1.302269,10,6
1.153165,10,7
50.143344,10,8
4.927112,10,9
59.721413,10,11
1.033571,10,12
0.458768,11,1
9.162909,11,2
19.378168,11,3
3.954227,11,4
8.730616,11,5
12.365483,11,6
3.283645,11,7
35.883992,11,8
12.962115,11,9
11.781485,11,10
11.836525,11,12
1.761275,12,1
130.118845,12,2
96.553107,12,3
48.355928,12,4
33.346499,12,5
77.139413,12,6
26.640733,12,7
140.092317,12,8
184.564147,12,9
2.960872,12,10
48.94952,12,11
succeed
0.0,0.357355,0.867792,0.272907,0.170397,1.760008,0.594595,1.288704,3.019248,0.026667,0.055483,0.322475
0.715813,0.0,18.566483,5.748307,6.814941,29.941064,2.090419,12.617803,13.773197,0.475883,4.526576,35.751427
2.392656,16.220349,0.0,32.578152,19.946117,95.376123,19.691875,81.564968,29.00624,5.008843,14.542171,38.367011
0.371763,14.299323,58.343835,0.0,13.681053,32.323717,21.569491,12.825341,25.801048,10.834179,14.489608,61.571333
4.073237,5.391587,25.03916,8.607016,0.0,11.544187,4.743936,16.911379,8.139131,2.236891,4.154928,25.128171
1.113248,23.66968,103.217824,14.887544,8.223893,0.0,15.145976,72.439357,84.969307,3.319843,16.879861,62.54676
2.747989,2.761363,23.690885,13.224384,5.885435,16.149816,0.0,8.800477,16.216101,1.01304,2.284157,14.755819
2.142371,33.029061,117.102957,37.071955,25.035995,81.471653,10.721637,0.0,106.907267,15.627616,41.050877,107.841355
3.002155,34.669904,57.928251,32.441864,23.017277,95.0188,23.100096,111.524768,0.0,10.261339,37.388403,165.91356
0.0,0.068971,1.288005,4.649595,0.824549,1.302269,1.153165,50.143344,4.927112,0.0,59.721413,1.033571
0.458768,9.162909,19.378168,3.954227,8.730616,12.365483,3.283645,35.883992,12.962115,11.781485,0.0,11.836525
1.761275,130.118845,96.553107,48.355928,33.346499,77.139413,26.640733,140.092317,184.564147,2.960872,48.94952,0.0
