3678.668927
0.194605,1,2
0.244859,1,3
0.026667,1,4
0.357755,1,5
0.188635,1,6
0.083037,1,7
0.705707,1,8
0.418707,1,9
0.022509,1,10
0.026667,1,11
1.668851,1,12
0.508904,2,1
15.809864,2,3
12.61428,2,4
23.704771,2,5
27.943795,2,6
6.841176,2,7
18.12428,2,8
16.243992,2,9
0.763315,2,10
7.292272,2,11
58.737307,2,12
0.359477,3,1
31.826,3,2
26.269733,3,4
20.646272,3,5
73.467357,3,6
9.973344,3,7
69.963395,3,8
118.471285,3,9
3.708133,3,10
12.136379,3,11
64.683808,3,12
0.462837,4,1
14.673979,4,2
33.118437,4,3
28.123085,4,5
29.691576,4,6
21.598555,4,7
35.570853,4,8
47.149413,4,9
19.252811,4,10
17.135744,4,11
58.686296,4,12
3.925293,5,1
2.951755,5,2
23.334797,5,3
2.306173,5,4
3.913371,5,6
6.051632,5,7
10.009221,5,8
3.208603,5,9
1.289488,5,10
7.916712,5,11
9.241472,5,12
0.438405,6,1
23.245451,6,2
51.146763,6,3
20.945664,6,4
3.921384,6,5
10.589499,6,7
57.822539,6,8
105.927579,6,9
5.244861,6,10
16.627885,6,11
34.326413,6,12
0.190219,7,1
6.367016,7,2
15.439187,7,3
15.529107,7,4
6.327515,7,5
11.339128,7,6
9.224395,7,8
20.531736,7,9
2.452672,7,10
2.188392,7,11
16.282795,7,12
6.286995,8,1
68.134091,8,2
91.00916,8,3
16.606872,8,4
25.463387,8,5
37.540293,8,6
7.992832,8,7
137.370811,8,9
21.799949,8,10
40.364915,8,11
90.37564,8,12
0.520976,9,1
53.607736,9,2
93.329355,9,3
31.431035,9,4
13.604403,9,5
58.843861,9,6
26.915709,9,7
114.924688,9,8
6.433661,9,10
31.231397,9,11
118.852725,9,12
0.213333,10,2
0.514131,10,3
32.316453,10,4
0.147563,10,5
1.778896,10,6
0.147552,10,7
49.356739,10,8
3.726501,10,9
45.643373,10,11
2.594053,10,12
0.267701,11,1
14.840904,11,2
14.886645,11,3
8.230475,11,4
5.866363,11,5
14.159112,11,6
4.091635,11,7
31.862619,11,8
27.731144,11,9
9.231243,11,10
18.129792,11,12
0.774712,12,1
147.088952,12,2
101.486309,12,3
78.743597,12,4
28.951019,12,5
76.930043,12,6
24.380933,12,7
143.217627,12,8
190.776363,12,9
5.401291,12,10
62.793517,12,11
succeed
0.0,0.194605,0.244859,0.026667,0.357755,0.188635,0.083037,0.705707,0.418707,0.022509,0.026667,1.668851
0.508904,0.0,15.809864,12.61428,23.704771,27.943795,6.841176,18.12428,16.243992,0.763315,7.292272,58.737307
0.359477,31.826,0.0,26.269733,20.646272,73.467357,9.973344,69.963395,118.471285,3.708133,12.136379,64.683808
0.462837,14.673979,33.118437,0.0,28.123085,29.691576,21.598555,35.570853,47.149413,19.252811,17.135744,58.686296
3.925293,2.951755,23.334797,2.306173,0.0,3.913371,6.051632,10.009221,3.208603,1.289488,7.916712,9.241472
0.438405,23.245451,51.146763,20.945664,3.921384,0.0,10.589499,57.822539,105.927579,5.244861,16.627885,34.326413
0.190219,6.367016,15.439187,15.529107,6.327515,11.339128,0.0,9.224395,20.531736,2.452672,2.188392,16.282795
6.286995,68.134091,91.00916,16.606872,25.463387,37.540293,7.992832,0.0,137.370811,21.799949,40.364915,90.37564
0.520976,53.607736,93.329355,31.431035,13.604403,58.843861,26.915709,114.924688,0.0,6.433661,31.231397,118.852725
0.0,0.213333,0.514131,32.316453,0.147563,1.778896,0.147552,49.356739,3.726501,0.0,45.643373,2.594053
0.267701,14.840904,14.886645,8.230475,5.866363,14.159112,4.091635,31.862619,27.731144,9.231243,0.0,18.129792
0.774712,147.088952,101.486309,78.743597,28.951019,76.930043,24.380933,143.217627,190.776363,5.401291,62.793517,0.0
