4240.5964
0.268728,1,2
2.549373,1,3
0.49588,1,4
0.232261,1,5
2.014219,1,6
1.263328,1,7
0.365941,1,8
2.302619,1,9
0.141589,1,10
0.304725,1,11
1.410584,1,12
0.83932,2,1
33.484253,2,3
5.376325,2,4
33.733613,2,5
27.420203,2,6
8.236683,2,7
25.332663,2,8
14.86424,2,9
2.286975,2,10
9.305448,2,11
61.20844,2,12
1.946984,3,1
33.563125,3,2
24.639877,3,4
17.723117,3,5
78.100171,3,6
25.701725,3,7
73.535997,3,8
23.643269,3,9
2.207691,3,10
21.899555,3,11
49.821045,3,12
1.474397,4,1
9.281301,4,2
76.746307,4,3
16.318333,4,5
34.821331,4,6
23.519096,4,7
28.147861,4,8
19.547848,4,9
12.656928,4,10
17.595048,4,11
44.423509,4,12
3.605723,5,1
18.968653,5,2
31.173096,5,3
3.88024,5,4
6.299928,5,6
5.737347,5,7
11.342651,5,8
10.944656,5,9
2.320275,5,10
2.711245,5,11
14.316944,5,12
1.600683,6,1
27.035619,6,2
137.071083,6,3
30.120891,6,4
10.86524,6,5
35.134059,6,7
46.607411,6,8
67.017477,6,9
3.732056,6,10
23.103011,6,11
68.174861,6,12
1.116837,7,1
4.077944,7,2
42.187187,7,3
19.292981,7,4
12.268008,7,5
19.155155,7,6
11.480856,7,8
11.158808,7,9
1.857672,7,10
7.022613,7,11
18.692619,7,12
7.225536,8,1
34.931904,8,2
139.079477,8,3
35.425483,8,4
30.920621,8,5
62.255048,8,6
28.126573,8,7
104.198261,8,9
20.625309,8,10
34.117173,8,11
142.954379,8,12
1.536576,9,1
49.445171,9,2
79.218707,9,3
40.352021,9,4
28.452592,9,5
74.770469,9,6
51.012661,9,7
110.085413,9,8
16.257864,9,10
31.408491,9,11
228.030467,9,12
0.306291,10,1
1.487587,10,2
3.791749,10,3
17.458824,10,4
3.2932,10,5
2.507192,10,6
2.078613,10,7
54.257928,10,8
6.449928,10,9
57.768005,10,11
4.716963,10,12
0.51072,11,1
14.477256,11,2
31.808861,11,3
13.261245,11,4
6.129453,11,5
17.803139,11,6
5.483573,11,7
23.293291,11,8
11.710651,11,9
6.208725,11,10
23.956043,11,12
6.143419,12,1
148.539243,12,2
135.660008,12,3
89.394797,12,4
54.274245,12,5
95.574163,12,6
39.085699,12,7
154.751704,12,8
226.836565,12,9
7.636245,12,10
42.685125,12,11
succeed
0.0,0.268728,2.549373,0.49588,0.232261,2.014219,1.263328,0.365941,2.302619,0.141589,0.304725,1.410584
0.83932,0.0,33.484253,5.376325,33.733613,27.420203,8.236683,25.332663,14.86424,2.286975,9.305448,61.20844
1.946984,33.563125,0.0,24.639877,17.723117,78.100171,25.701725,73.535997,23.643269,2.207691,21.899555,49.821045
1.474397,9.281301,76.746307,0.0,16.318333,34.821331,23.519096,28.147861,19.547848,12.656928,17.595048,44.423509
3.605723,18.968653,31.173096,3.88024,0.0,6.299928,5.737347,11.342651,10.944656,2.320275,2.711245,14.316944
1.600683,27.035619,137.071083,30.120891,10.86524,0.0,35.134059,46.607411,67.017477,3.732056,23.103011,68.174861
1.116837,4.077944,42.187187,19.292981,12.268008,19.155155,0.0,11.480856,11.158808,1.857672,7.022613,18.692619
7.225536,34.931904,139.079477,35.425483,30.920621,62.255048,28.126573,0.0,104.198261,20.625309,34.117173,142.954379
1.536576,49.445171,79.218707,40.352021,28.452592,74.770469,51.012661,110.085413,0.0,16.257864,31.408491,228.030467
0.306291,1.487587,3.791749,17.458824,3.2932,2.507192,2.078613,54.257928,6.449928,0.0,57.768005,4.716963
0.51072,14.477256,31.808861,13.261245,6.129453,17.803139,5.483573,23.293291,11.710651,6.208725,0.0,23.956043
6.143419,148.539243,135.660008,89.394797,54.274245,95.574163,39.085699,154.751704,226.836565,7.636245,42.685125,0.0
