2063.520681
0.154099,1,2
0.130211,1,3
0.028493,1,4
0.03568,1,5
0.026667,1,6
0.0544,1,7
0.409235,1,8
0.099229,1,9
0.026667,1,11
0.08,1,12
0.365861,2,1
5.115339,2,3
1.443403,2,4
1.936696,2,5
23.089064,2,6
1.641245,2,7
6.983085,2,8
5.442416,2,9
0.199989,2,10
8.881005,2,11
25.788872,2,12
0.026667,3,1
13.850885,3,2
14.293371,3,4
10.206789,3,5
28.267773,3,6
8.563984,3,7
40.880605,3,8
13.607171,3,9
3.208635,3,10
7.432587,3,11
34.182685,3,12
0.595947,4,1
5.290219,4,2
55.688141,4,3
19.790936,4,5
42.264104,4,6
26.995008,4,7
35.132549,4,8
17.206253,4,9
12.801504,4,10
21.522816,4,11
35.198139,4,12
0.265184,5,1
6.357715,5,2
6.037752,5,3
1.355379,5,4
4.611544,5,6
0.920245,5,7
7.284736,5,8
1.365208,5,9
1.850693,5,11
4.241176,5,12
0.248291,6,1
19.49172,6,2
58.8708,6,3
7.059757,6,4
1.473539,6,5
7.975035,6,7
27.339552,6,8
32.593613,6,9
0.349317,6,10
12.451896,6,11
13.011235,6,12
0.552384,7,1
1.871384,7,2
9.925309,7,3
9.055229,7,4
11.459829,7,5
14.316765,7,6
6.638285,7,8
3.736701,7,9
2.96444,7,10
5.857717,7,11
9.812192,7,12
0.117632,8,1
16.792757,8,2
57.870552,8,3
33.727195,8,4
18.449288,8,5
20.506453,8,6
3.327723,8,7
37.061672,8,9
12.603323,8,10
24.929403,8,11
39.625864,8,12
0.550936,9,1
16.865525,9,2
14.393216,9,3
25.654333,9,4
8.487928,9,5
25.868939,9,6
15.73704,9,7
79.623587,9,8
3.47564,9,10
22.954451,9,11
34.689024,9,12
0.35696,10,2
0.026667,10,3
2.842736,10,4
0.083075,10,5
0.3612,10,6
0.053333,10,7
33.967379,10,8
0.247541,10,9
28.174371,10,11
0.106667,10,12
0.608557,11,1
11.450203,11,2
15.202283,11,3
4.420256,11,4
1.962917,11,5
8.545931,11,6
2.254739,11,7
25.938389,11,8
12.133112,11,9
8.863667,11,10
12.037125,11,12
0.366067,12,1
83.877293,12,2
43.244037,12,3
91.752627,12,4
12.646309,12,5
58.481979,12,6
4.90756,12,7
67.765035,12,8
153.503637,12,9
4.419931,12,10
39.323571,12,11
succeed
0.0,0.154099,0.130211,0.028493,0.03568,0.026667,0.0544,0.409235,0.099229,0.0,0.026667,0.08
0.365861,0.0,5.115339,1.443403,1.936696,23.089064,1.641245,6.983085,5.442416,0.199989,8.881005,25.788872
0.026667,13.850885,0.0,14.293371,10.206789,28.267773,8.563984,40.880605,13.607171,3.208635,7.432587,34.182685
0.595947,5.290219,55.688141,0.0,19.790936,42.264104,26.995008,35.132549,17.206253,12.801504,21.522816,35.198139
0.265184,6.357715,6.037752,1.355379,0.0,4.611544,0.920245,7.284736,1.365208,0.0,1.850693,4.241176
0.248291,19.49172,58.8708,7.059757,1.473539,0.0,7.975035,27.339552,32.593613,0.349317,12.451896,13.011235
0.552384,1.871384,9.925309,9.055229,11.459829,14.316765,0.0,6.638285,3.736701,2.96444,5.857717,9.812192
0.117632,16.792757,57.870552,33.727195,18.449288,20.506453,3.327723,0.0,37.061672,12.603323,24.929403,39.625864
0.550936,16.865525,14.393216,25.654333,8.487928,25.868939,15.73704,79.623587,0.0,3.47564,22.954451,34.689024
0.0,0.35696,0.026667,2.842736,0.083075,0.3612,0.053333,33.967379,0.247541,0.0,28.174371,0.106667
0.608557,11.450203,15.202283,4.420256,1.962917,8.545931,2.254739,25.938389,12.133112,8.863667,0.0,12.037125
0.366067,83.877293,43.244037,91.752627,12.646309,58.481979,4.90756,67.765035,153.503637,4.419931,39.323571,0.0
