3987.472116
1.416677,1,2
1.621373,1,3
1.246533,1,4
0.300053,1,5
2.495424,1,6
1.519029,1,7
0.301517,1,8
0.976877,1,9
0.419979,1,10
0.739363,1,11
2.511792,1,12
2.968147,2,1
50.361075,2,3
18.33588,2,4
9.500339,2,5
49.158611,2,6
21.778547,2,7
21.443451,2,8
25.562045,2,9
2.383341,2,10
12.019808,2,11
92.890536,2,12
4.330437,3,1
18.851117,3,2
9.958829,3,4
20.641155,3,5
34.441749,3,6
11.448445,3,7
32.110043,3,8
12.104368,3,9
3.497523,3,10
21.020237,3,11
31.483827,3,12
0.858848,4,1
14.117048,4,2
66.279069,4,3
17.591768,4,5
31.902061,4,6
31.524659,4,7
12.847429,4,8
27.862339,4,9
18.026803,4,10
16.511128,4,11
59.985627,4,12
0.407523,5,1
6.160656,5,2
24.782563,5,3
7.793603,5,4
13.379616,5,6
6.053763,5,7
103.356675,5,8
11.493608,5,9
2.795781,5,10
5.384677,5,11
11.360123,5,12
2.112048,6,1
50.517816,6,2
158.217749,6,3
43.712667,6,4
16.893024,6,5
17.812949,6,7
23.053045,6,8
45.427272,6,9
6.206795,6,10
16.206365,6,11
51.417851,6,12
0.780443,7,1
18.910931,7,2
37.545885,7,3
16.380227,7,4
6.285488,7,5
16.662901,7,6
7.368517,7,8
10.855315,7,9
3.135483,7,10
5.673859,7,11
22.997299,7,12
4.419613,8,1
30.488099,8,2
142.306043,8,3
23.726163,8,4
17.843259,8,5
45.070197,8,6
11.403296,8,7
72.410301,8,9
21.423696,8,10
27.417835,8,11
71.233467,8,12
10.384093,9,1
73.378779,9,2
98.708016,9,3
56.20524,9,4
49.92872,9,5
99.242112,9,6
35.625104,9,7
67.677363,9,8
13.420067,9,10
38.469608,9,11
101.9904,9,12
0.270192,10,1
0.899568,10,2
6.476,10,3
5.120539,10,4
1.655963,10,5
4.381595,10,6
1.421037,10,7
42.824488,10,8
3.907571,10,9
59.690861,10,11
3.473317,10,12
0.836309,11,1
17.60872,11,2
79.381232,11,3
9.970371,11,4
8.293688,11,5
37.3396,11,6
7.978984,11,7
32.586411,11,8
28.982699,11,9
12.265843,11,10
25.125043,11,12
7.449139,12,1
116.100723,12,2
143.687627,12,3
88.166336,12,4
39.153224,12,5
117.161683,12,6
41.830597,12,7
79.037376,12,8
207.100715,12,9
17.68316,12,10
38.352611,12,11
succeed
0.0,1.416677,1.621373,1.246533,0.300053,2.495424,1.519029,0.301517,0.976877,0.419979,0.739363,2.511792
2.968147,0.0,50.361075,18.33588,9.500339,49.158611,21.778547,21.443451,25.562045,2.383341,12.019808,92.890536
4.330437,18.851117,0.0,9.958829,20.641155,34.441749,11.448445,32.110043,12.104368,3.497523,21.020237,31.483827
0.858848,14.117048,66.279069,0.0,17.591768,31.902061,31.524659,12.847429,27.862339,18.026803,16.511128,59.985627
0.407523,6.160656,24.782563,7.793603,0.0,13.379616,6.053763,103.356675,11.493608,2.795781,5.384677,11.360123
2.112048,50.517816,158.217749,43.712667,16.893024,0.0,17.812949,23.053045,45.427272,6.206795,16.206365,51.417851
0.780443,18.910931,37.545885,16.380227,6.285488,16.662901,0.0,7.368517,10.855315,3.135483,5.673859,22.997299
4.419613,30.488099,142.306043,23.726163,17.843259,45.070197,11.403296,0.0,72.410301,21.423696,27.417835,71.233467
10.384093,73.378779,98.708016,56.20524,49.92872,99.242112,35.625104,67.677363,0.0,13.420067,38.469608,101.9904
0.270192,0.899568,6.476,5.120539,1.655963,4.381595,1.421037,42.824488,3.907571,0.0,59.690861,3.473317
0.836309,17.60872,79.381232,9.970371,8.293688,37.3396,7.978984,32.586411,28.982699,12.265843,0.0,25.125043
7.449139,116.100723,143.687627,88.166336,39.153224,117.161683,41.830597,79.037376,207.100715,17.68316,38.352611,0.0
