1698.214953
1.102045,1,3
0.053333,1,5
0.106485,1,6
0.053333,1,9
0.394573,1,12
0.026667,2,1
3.894747,2,3
3.535173,2,4
0.485685,2,5
19.8534,2,6
0.643619,2,7
12.765523,2,8
4.807581,2,9
0.026667,2,10
2.981445,2,11
37.864208,2,12
0.169099,3,1
4.078883,3,2
24.450144,3,4
3.189467,3,5
9.309773,3,6
17.706819,3,7
40.342349,3,8
2.319565,3,9
0.787251,3,10
4.524688,3,11
22.775371,3,12
0.026667,4,1
10.007795,4,2
29.942368,4,3
14.340333,4,5
31.330517,4,6
10.622949,4,7
9.728251,4,8
12.569021,4,9
9.993704,4,10
10.488411,4,11
29.662187,4,12
1.307648,5,1
6.287987,5,2
7.802904,5,3
1.029784,5,4
0.29592,5,6
0.607384,5,7
3.935128,5,8
2.481491,5,9
0.896747,5,11
3.272533,5,12
0.089299,6,1
14.916437,6,2
37.659907,6,3
7.844685,6,4
0.16,6,5
5.95692,6,7
20.830019,6,8
30.010067,6,9
0.181443,6,10
19.301043,6,11
7.445448,6,12
0.631488,7,2
24.53868,7,3
8.085147,7,4
4.217227,7,5
9.110552,7,6
6.082797,7,8
2.928288,7,9
1.878432,7,10
3.454045,7,11
9.535752,7,12
7.892693,8,2
77.920352,8,3
10.643339,8,4
5.092099,8,5
27.804405,8,6
4.70488,8,7
21.404456,8,9
6.406768,8,10
25.237693,8,11
22.329235,8,12
0.067312,9,1
12.57908,9,2
18.649736,9,3
25.106453,9,4
2.105963,9,5
9.514573,9,6
6.827291,9,7
64.778301,9,8
1.2512,9,10
17.159773,9,11
41.27248,9,12
0.031032,10,2
0.026667,10,3
9.248296,10,4
0.026667,10,5
0.187392,10,6
22.877405,10,8
0.74108,10,9
22.294555,10,11
0.101037,10,12
0.976128,11,1
5.509653,11,2
15.338045,11,3
4.369048,11,4
4.546171,11,5
6.246371,11,6
8.589712,11,7
31.988928,11,8
6.882992,11,9
3.238901,11,10
7.723653,11,12
0.026667,12,1
171.050888,12,2
45.1038,12,3
44.147739,12,4
18.648405,12,5
21.012957,12,6
5.006005,12,7
59.915947,12,8
113.330253,12,9
2.004979,12,10
28.5402,12,11
succeed
0.0,0.0,1.102045,0.0,0.053333,0.106485,0.0,0.0,0.053333,0.0,0.0,0.394573
0.026667,0.0,3.894747,3.535173,0.485685,19.8534,0.643619,12.765523,4.807581,0.026667,2.981445,37.864208
0.169099,4.078883,0.0,24.450144,3.189467,9.309773,17.706819,40.342349,2.319565,0.787251,4.524688,22.775371
0.026667,10.007795,29.942368,0.0,14.340333,31.330517,10.622949,9.728251,12.569021,9.993704,10.488411,29.662187
1.307648,6.287987,7.802904,1.029784,0.0,0.29592,0.607384,3.935128,2.481491,0.0,0.896747,3.272533
0.089299,14.916437,37.659907,7.844685,0.16,0.0,5.95692,20.830019,30.010067,0.181443,19.301043,7.445448
0.0,0.631488,24.53868,8.085147,4.217227,9.110552,0.0,6.082797,2.928288,1.878432,3.454045,9.535752
0.0,7.892693,77.920352,10.643339,5.092099,27.804405,4.70488,0.0,21.404456,6.406768,25.237693,22.329235
0.067312,12.57908,18.649736,25.106453,2.105963,9.514573,6.827291,64.778301,0.0,1.2512,17.159773,41.27248
0.0,0.031032,0.026667,9.248296,0.026667,0.187392,0.0,22.877405,0.74108,0.0,22.294555,0.101037
0.976128,5.509653,15.338045,4.369048,4.546171,6.246371,8.589712,31.988928,6.882992,3.238901,0.0,7.723653
0.026667,171.050888,45.1038,44.147739,18.648405,21.012957,5.006005,59.915947,113.330253,2.004979,28.5402,0.0
