2087.511632
1.352059,1,3
0.053333,1,4
0.026667,1,5
0.392715,1,8
0.092387,1,9
1.823917,1,12
0.155216,2,1
8.127069,2,3
7.361024,2,4
8.116835,2,5
12.192408,2,6
0.655829,2,7
17.250153,2,8
8.946451,2,9
0.069257,2,10
4.049925,2,11
44.856939,2,12
6.58776,3,1
11.159061,3,2
44.407115,3,4
10.145035,3,5
13.343851,3,6
13.981027,3,7
51.812008,3,8
5.430461,3,9
0.098104,3,10
4.736717,3,11
10.546341,3,12
0.054757,4,1
6.543237,4,2
44.424832,4,3
9.69004,4,5
43.424493,4,6
7.577296,4,7
4.204632,4,8
12.733568,4,9
2.370635,4,10
3.584691,4,11
37.607232,4,12
1.138456,5,1
6.033813,5,2
14.130992,5,3
9.217504,5,4
12.094429,5,6
0.408757,5,7
5.963677,5,8
2.686651,5,9
0.781595,5,11
3.696403,5,12
0.065152,6,1
82.766328,6,2
69.805547,6,3
5.943552,6,4
0.641925,6,5
2.155395,6,7
34.390712,6,8
18.966765,6,9
0.364901,6,10
13.0978,6,11
18.002499,6,12
1.113773,7,2
24.012088,7,3
9.390216,7,4
4.509408,7,5
8.971707,7,6
3.849784,7,8
3.771976,7,9
2.040885,7,10
2.514917,7,11
6.54692,7,12
0.35828,8,1
9.080155,8,2
118.342059,8,3
4.263168,8,4
4.571664,8,5
30.876699,8,6
5.14028,8,7
37.22252,8,9
9.040312,8,10
31.673032,8,11
47.285024,8,12
0.026667,9,1
28.62052,9,2
39.298019,9,3
23.024069,9,4
4.898251,9,5
20.726869,9,6
7.304667,9,7
54.106091,9,8
0.685309,9,10
20.446197,9,11
54.569381,9,12
0.231776,10,3
3.522685,10,4
0.231189,10,6
0.026667,10,7
28.016325,10,8
0.183381,10,9
18.627435,10,11
0.163816,10,12
7.377157,11,2
27.169867,11,3
0.786613,11,4
0.901253,11,5
12.116411,11,6
1.113251,11,7
27.236027,11,8
6.817853,11,9
5.911197,11,10
4.8032,11,12
4.600488,12,1
51.734037,12,2
50.346403,12,3
63.397971,12,4
19.584707,12,5
18.567573,12,6
6.772755,12,7
209.059552,12,8
109.155667,12,9
0.308984,12,10
28.128555,12,11
succeed
0.0,0.0,1.352059,0.053333,0.026667,0.0,0.0,0.392715,0.092387,0.0,0.0,1.823917
0.155216,0.0,8.127069,7.361024,8.116835,12.192408,0.655829,17.250153,8.946451,0.069257,4.049925,44.856939
6.58776,11.159061,0.0,44.407115,10.145035,13.343851,13.981027,51.812008,5.430461,0.098104,4.736717,10.546341
0.054757,6.543237,44.424832,0.0,9.69004,43.424493,7.577296,4.204632,12.733568,2.370635,3.584691,37.607232
1.138456,6.033813,14.130992,9.217504,0.0,12.094429,0.408757,5.963677,2.686651,0.0,0.781595,3.696403
0.065152,82.766328,69.805547,5.943552,0.641925,0.0,2.155395,34.390712,18.966765,0.364901,13.0978,18.002499
0.0,1.113773,24.012088,9.390216,4.509408,8.971707,0.0,3.849784,3.771976,2.040885,2.514917,6.54692
0.35828,9.080155,118.342059,4.263168,4.571664,30.876699,5.14028,0.0,37.22252,9.040312,31.673032,47.285024
0.026667,28.62052,39.298019,23.024069,4.898251,20.726869,7.304667,54.106091,0.0,0.685309,20.446197,54.569381
0.0,0.0,0.231776,3.522685,0.0,0.231189,0.026667,28.016325,0.183381,0.0,18.627435,0.163816
0.0,7.377157,27.169867,0.786613,0.901253,12.116411,1.113251,27.236027,6.817853,5.911197,0.0,4.8032
4.600488,51.734037,50.346403,63.397971,19.584707,18.567573,6.772755,209.059552,109.155667,0.308984,28.128555,0.0
