2306.631777
0.209584,1,3
0.073712,1,5
0.026667,1,6
0.342824,1,8
0.08,1,9
0.044477,1,10
0.026667,1,11
0.59636,1,12
0.034077,2,1
3.823101,2,3
5.378992,2,4
37.839093,2,5
12.056955,2,6
1.473637,2,7
16.12126,2,8
4.023333,2,9
0.4039,2,10
9.349469,2,11
31.636016,2,12
0.805197,3,1
16.152203,3,2
17.848419,3,4
14.902504,3,5
127.318925,3,6
7.677955,3,7
30.004848,3,8
16.029269,3,9
1.076021,3,10
7.313085,3,11
41.482816,3,12
0.131627,4,1
7.479539,4,2
67.06104,4,3
20.120181,4,5
25.395149,4,6
17.097088,4,7
38.273219,4,8
10.02248,4,9
16.335176,4,10
13.527229,4,11
35.481688,4,12
3.214352,5,1
1.888208,5,2
11.755416,5,3
1.742421,5,4
2.162811,5,6
1.108597,5,7
7.606251,5,8
2.499365,5,9
0.2116,5,10
0.923387,5,11
13.131565,5,12
10.422293,6,2
56.800957,6,3
14.694323,6,4
8.164685,6,5
2.11708,6,7
21.476952,6,8
23.979608,6,9
0.495632,6,10
13.510152,6,11
33.455749,6,12
0.026667,7,1
2.315861,7,2
10.071117,7,3
4.559533,7,4
3.444853,7,5
11.917267,7,6
3.959845,7,8
1.184307,7,9
8.782491,7,10
3.522091,7,11
12.041384,7,12
0.031856,8,1
18.605693,8,2
57.466035,8,3
12.119549,8,4
8.521435,8,5
10.288141,8,6
4.233093,8,7
38.989672,8,9
22.268443,8,10
25.906157,8,11
90.376512,8,12
1.679197,9,1
27.811331,9,2
14.603435,9,3
25.759965,9,4
14.728792,9,5
25.099733,9,6
7.624923,9,7
60.930832,9,8
4.721928,9,10
14.674037,9,11
46.70532,9,12
0.026667,10,2
0.026667,10,3
8.968507,10,4
0.026667,10,5
0.242592,10,6
42.452712,10,8
0.620499,10,9
38.857939,10,11
7.602459,11,2
7.800595,11,3
13.579133,11,4
4.778184,11,5
8.867437,11,6
1.993888,11,7
18.59536,11,8
5.168445,11,9
11.019475,11,10
7.485099,11,12
0.097483,12,1
115.676109,12,2
65.679267,12,3
62.411859,12,4
16.828029,12,5
63.641835,12,6
13.191821,12,7
128.786589,12,8
138.143019,12,9
2.655365,12,10
39.999395,12,11
succeed
0.0,0.0,0.209584,0.0,0.073712,0.026667,0.0,0.342824,0.08,0.044477,0.026667,0.59636
0.034077,0.0,3.823101,5.378992,37.839093,12.056955,1.473637,16.12126,4.023333,0.4039,9.349469,31.636016
0.805197,16.152203,0.0,17.848419,14.902504,127.318925,7.677955,30.004848,16.029269,1.076021,7.313085,41.482816
0.131627,7.479539,67.06104,0.0,20.120181,25.395149,17.097088,38.273219,10.02248,16.335176,13.527229,35.481688
3.214352,1.888208,11.755416,1.742421,0.0,2.162811,1.108597,7.606251,2.499365,0.2116,0.923387,13.131565
0.0,10.422293,56.800957,14.694323,8.164685,0.0,2.11708,21.476952,23.979608,0.495632,13.510152,33.455749
0.026667,2.315861,10.071117,4.559533,3.444853,11.917267,0.0,3.959845,1.184307,8.782491,3.522091,12.041384
0.031856,18.605693,57.466035,12.119549,8.521435,10.288141,4.233093,0.0,38.989672,22.268443,25.906157,90.376512
1.679197,27.811331,14.603435,25.759965,14.728792,25.099733,7.624923,60.930832,0.0,4.721928,14.674037,46.70532
0.0,0.026667,0.026667,8.968507,0.026667,0.242592,0.0,42.452712,0.620499,0.0,38.857939,0.0
0.0,7.602459,7.800595,13.579133,4.778184,8.867437,1.993888,18.59536,5.168445,11.019475,0.0,7.485099
0.097483,115.676109,65.679267,62.411859,16.828029,63.641835,13.191821,128.786589,138.143019,2.655365,39.999395,0.0
