4078.096342
0.625301,1,2
4.425523,1,3
0.15296,1,4
0.637512,1,5
1.649405,1,6
0.542877,1,7
0.486064,1,8
0.950219,1,9
0.502587,1,10
0.644435,1,11
2.172275,1,12
1.080547,2,1
31.729291,2,3
7.456389,2,4
16.609752,2,5
24.624112,2,6
4.223424,2,7
19.66978,2,8
8.63852,2,9
1.664396,2,10
14.859096,2,11
54.154739,2,12
13.335805,3,1
65.023549,3,2
20.424971,3,4
21.106392,3,5
129.71692,3,6
30.449251,3,7
48.087232,3,8
27.535848,3,9
8.941379,3,10
53.315445,3,11
82.462648,3,12
0.339845,4,1
18.337027,4,2
39.313333,4,3
13.038045,4,5
15.340747,4,6
15.922397,4,7
20.923411,4,8
14.285928,4,9
36.813552,4,10
13.861904,4,11
39.342093,4,12
2.595973,5,1
5.326741,5,2
16.093549,5,3
2.268941,5,4
15.160229,5,6
5.7474,5,7
4.867253,5,8
9.312237,5,9
0.174635,5,10
8.350088,5,11
15.107773,5,12
2.760821,6,1
14.700107,6,2
92.673163,6,3
20.770816,6,4
4.716149,6,5
23.814435,6,7
27.718107,6,8
21.392392,6,9
5.155624,6,10
24.106875,6,11
47.791064,6,12
0.587448,7,1
7.76892,7,2
23.947765,7,3
10.704483,7,4
3.116955,7,5
20.645888,7,6
7.586475,7,8
13.801085,7,9
3.576792,7,10
10.685952,7,11
11.633832,7,12
0.730576,8,1
11.806661,8,2
121.702379,8,3
82.743016,8,4
10.520688,8,5
43.524221,8,6
8.911179,8,7
48.272056,8,9
21.347253,8,10
57.800528,8,11
91.793565,8,12
2.554168,9,1
44.757363,9,2
35.753016,9,3
20.699624,9,4
26.891581,9,5
62.361973,9,6
24.166333,9,7
73.589941,9,8
9.206115,9,10
81.085704,9,11
155.559024,9,12
0.087357,10,2
0.08,10,3
27.509893,10,4
0.026667,10,5
0.580877,10,6
0.026667,10,7
23.887205,10,8
0.146525,10,9
37.529571,10,11
0.199256,10,12
7.372712,11,1
72.632605,11,2
128.315829,11,3
61.919709,11,4
38.924587,11,5
106.024008,11,6
66.474848,11,7
22.287155,11,8
55.815773,11,9
17.837459,11,10
145.273088,11,12
5.238699,12,1
82.718184,12,2
95.77292,12,3
64.992472,12,4
31.123208,12,5
96.816515,12,6
21.010731,12,7
123.381261,12,8
231.148747,12,9
10.787213,12,10
56.300744,12,11
succeed
0.0,0.625301,4.425523,0.15296,0.637512,1.649405,0.542877,0.486064,0.950219,0.502587,0.644435,2.172275
1.080547,0.0,31.729291,7.456389,16.609752,24.624112,4.223424,19.66978,8.63852,1.664396,14.859096,54.154739
13.335805,65.023549,0.0,20.424971,21.106392,129.71692,30.449251,48.087232,27.535848,8.941379,53.315445,82.462648
0.339845,18.337027,39.313333,0.0,13.038045,15.340747,15.922397,20.923411,14.285928,36.813552,13.861904,39.342093
2.595973,5.326741,16.093549,2.268941,0.0,15.160229,5.7474,4.867253,9.312237,0.174635,8.350088,15.107773
2.760821,14.700107,92.673163,20.770816,4.716149,0.0,23.814435,27.718107,21.392392,5.155624,24.106875,47.791064
0.587448,7.76892,23.947765,10.704483,3.116955,20.645888,0.0,7.586475,13.801085,3.576792,10.685952,11.633832
0.730576,11.806661,121.702379,82.743016,10.520688,43.524221,8.911179,0.0,48.272056,21.347253,57.800528,91.793565
2.554168,44.757363,35.753016,20.699624,26.891581,62.361973,24.166333,73.589941,0.0,9.206115,81.085704,155.559024
0.0,0.087357,0.08,27.509893,0.026667,0.580877,0.026667,23.887205,0.146525,0.0,37.529571,0.199256
7.372712,72.632605,128.315829,61.919709,38.924587,106.024008,66.474848,22.287155,55.815773,17.837459,0.0,145.273088
5.238699,82.718184,95.77292,64.992472,31.123208,96.816515,21.010731,123.381261,231.148747,10.787213,56.300744,0.0
