2220.844509
0.209947,1,2
0.240907,1,3
1.752064,1,4
0.053333,1,5
1.561269,1,6
0.026667,1,7
0.169427,1,8
0.49092,1,9
0.071613,1,10
0.848523,1,11
1.834363,1,12
0.053333,2,1
10.327872,2,3
3.085571,2,4
4.112899,2,5
16.100835,2,6
1.560701,2,7
25.740317,2,8
6.758971,2,9
0.841283,2,10
13.902029,2,11
59.363992,2,12
0.332107,3,1
32.777808,3,2
8.271712,3,4
10.515139,3,5
50.893077,3,6
17.828445,3,7
60.337181,3,8
13.05676,3,9
3.654184,3,10
20.044603,3,11
17.655333,3,12
1.224448,4,1
3.986637,4,2
32.234733,4,3
11.482104,4,5
15.376461,4,6
8.253333,4,7
4.392088,4,8
21.41544,4,9
6.794157,4,10
13.413896,4,11
31.290379,4,12
0.261419,5,1
3.364165,5,2
18.337688,5,3
1.033432,5,4
1.503088,5,6
3.21524,5,7
6.699088,5,8
3.468528,5,9
0.026667,5,10
4.868781,5,11
6.046069,5,12
0.130325,6,1
14.107893,6,2
80.930693,6,3
16.061797,6,4
1.760768,6,5
6.680883,6,7
18.274461,6,8
14.479179,6,9
0.303355,6,10
29.369525,6,11
17.473568,6,12
0.076816,7,1
5.321016,7,2
30.349805,7,3
7.481541,7,4
2.71232,7,5
15.924528,7,6
5.815229,7,8
3.986307,7,9
2.751003,7,10
7.770128,7,11
8.186616,7,12
0.057699,8,1
14.300861,8,2
117.344304,8,3
14.838595,8,4
3.385611,8,5
9.518701,8,6
6.599683,8,7
34.327224,8,9
25.9858,8,10
50.499536,8,11
43.652632,8,12
0.854245,9,1
25.081688,9,2
27.724851,9,3
12.311264,9,4
4.643789,9,5
13.153635,9,6
9.089811,9,7
59.31276,9,8
0.697933,9,10
19.323093,9,11
54.629403,9,12
0.053333,10,3
1.392507,10,4
0.343147,10,6
0.026667,10,7
8.868491,10,8
0.055283,10,9
25.646261,10,11
0.603424,10,12
0.865653,11,1
38.411675,11,2
52.265333,11,3
2.480592,11,4
10.582368,11,5
42.694347,11,6
16.271093,11,7
31.343941,11,8
15.362299,11,9
1.733659,11,10
66.353992,11,12
0.339037,12,1
90.962507,12,2
58.330075,12,3
52.508229,12,4
8.207259,12,5
20.848981,12,6
10.826651,12,7
61.572912,12,8
134.998016,12,9
1.455029,12,10
44.999848,12,11
succeed
0.0,0.209947,0.240907,1.752064,0.053333,1.561269,0.026667,0.169427,0.49092,0.071613,0.848523,1.834363
0.053333,0.0,10.327872,3.085571,4.112899,16.100835,1.560701,25.740317,6.758971,0.841283,13.902029,59.363992
0.332107,32.777808,0.0,8.271712,10.515139,50.893077,17.828445,60.337181,13.05676,3.654184,20.044603,17.655333
1.224448,3.986637,32.234733,0.0,11.482104,15.376461,8.253333,4.392088,21.41544,6.794157,13.413896,31.290379
0.261419,3.364165,18.337688,1.033432,0.0,1.503088,3.21524,6.699088,3.468528,0.026667,4.868781,6.046069
0.130325,14.107893,80.930693,16.061797,1.760768,0.0,6.680883,18.274461,14.479179,0.303355,29.369525,17.473568
0.076816,5.321016,30.349805,7.481541,2.71232,15.924528,0.0,5.815229,3.986307,2.751003,7.770128,8.186616
0.057699,14.300861,117.344304,14.838595,3.385611,9.518701,6.599683,0.0,34.327224,25.9858,50.499536,43.652632
0.854245,25.081688,27.724851,12.311264,4.643789,13.153635,9.089811,59.31276,0.0,0.697933,19.323093,54.629403
0.0,0.0,0.053333,1.392507,0.0,0.343147,0.026667,8.868491,0.055283,0.0,25.646261,0.603424
0.865653,38.411675,52.265333,2.480592,10.582368,42.694347,16.271093,31.343941,15.362299,1.733659,0.0,66.353992
0.339037,90.962507,58.330075,52.508229,8.207259,20.848981,10.826651,61.572912,134.998016,1.455029,44.999848,0.0
