10312.810196999999
2.014571,1,2
1.488808,1,3
0.228411,1,4
0.233123,1,5
1.907173,1,6
0.602232,1,7
0.192633,1,8
1.179221,1,9
0.14366,1,10
2.072787,1,11
3.972163,1,12
0.973733,2,1
25.199376,2,3
7.088285,2,4
34.191123,2,5
39.441971,2,6
10.943072,2,7
20.306227,2,8
25.007331,2,9
1.834277,2,10
28.080448,2,11
67.635117,2,12
1.480899,3,1
34.139461,3,2
15.14548,3,4
23.599448,3,5
107.063064,3,6
18.767224,3,7
45.389765,3,8
19.968995,3,9
3.610795,3,10
52.891776,3,11
58.97756,3,12
0.560645,4,1
9.802576,4,2
53.737437,4,3
23.762781,4,5
18.4286,4,6
16.959936,4,7
37.253493,4,8
13.796173,4,9
25.19632,4,10
55.685264,4,11
32.901291,4,12
0.888901,5,1
6.506189,5,2
18.655336,5,3
3.739499,5,4
8.617549,5,6
9.869933,5,7
50.787813,5,8
5.257219,5,9
1.248309,5,10
18.748341,5,11
16.661955,5,12
7.083963,6,1
20.357629,6,2
85.562384,6,3
18.104744,6,4
9.388037,6,5
20.572696,6,7
18.893499,6,8
27.452608,6,9
9.788141,6,10
47.309341,6,11
33.587752,6,12
1.230576,7,1
10.777712,7,2
43.58168,7,3
29.842872,7,4
6.671853,7,5
30.312901,7,6
7.33508,7,8
10.322875,7,9
1.565011,7,10
22.581717,7,11
15.563693,7,12
0.259019,8,1
31.576813,8,2
6366.517333,8,3
21.35836,8,4
17.978611,8,5
29.734917,8,6
16.153941,8,7
47.209147,8,9
26.784827,8,10
85.799248,8,11
74.848445,8,12
3.018912,9,1
52.993472,9,2
40.858163,9,3
42.992971,9,4
24.025741,9,5
59.269197,9,6
17.311456,9,7
77.791976,9,8
11.140893,9,10
35.525563,9,11
145.919944,9,12
4.231485,10,2
1.371488,10,3
21.751123,10,4
0.093501,10,5
0.831989,10,6
0.088667,10,7
14.825069,10,8
0.471555,10,9
22.890685,10,11
0.400725,10,12
4.518181,11,1
61.833923,11,2
94.627669,11,3
53.157229,11,4
39.689352,11,5
87.988555,11,6
50.739949,11,7
14.243936,11,8
23.144856,11,9
16.89792,11,10
102.166293,11,12
3.925429,12,1
108.964333,12,2
122.604923,12,3
77.111093,12,4
29.078352,12,5
96.614675,12,6
38.367283,12,7
103.611003,12,8
231.882997,12,9
12.792349,12,10
80.102128,12,11
succeed
0.0,2.014571,1.488808,0.228411,0.233123,1.907173,0.602232,0.192633,1.179221,0.14366,2.072787,3.972163
0.973733,0.0,25.199376,7.088285,34.191123,39.441971,10.943072,20.306227,25.007331,1.834277,28.080448,67.635117
1.480899,34.139461,0.0,15.14548,23.599448,107.063064,18.767224,45.389765,19.968995,3.610795,52.891776,58.97756
0.560645,9.802576,53.737437,0.0,23.762781,18.4286,16.959936,37.253493,13.796173,25.19632,55.685264,32.901291
0.888901,6.506189,18.655336,3.739499,0.0,8.617549,9.869933,50.787813,5.257219,1.248309,18.748341,16.661955
7.083963,20.357629,85.562384,18.104744,9.388037,0.0,20.572696,18.893499,27.452608,9.788141,47.309341,33.587752
1.230576,10.777712,43.58168,29.842872,6.671853,30.312901,0.0,7.33508,10.322875,1.565011,22.581717,15.563693
0.259019,31.576813,6366.517333,21.35836,17.978611,29.734917,16.153941,0.0,47.209147,26.784827,85.799248,74.848445
3.018912,52.993472,40.858163,42.992971,24.025741,59.269197,17.311456,77.791976,0.0,11.140893,35.525563,145.919944
0.0,4.231485,1.371488,21.751123,0.093501,0.831989,0.088667,14.825069,0.471555,0.0,22.890685,0.400725
4.518181,61.833923,94.627669,53.157229,39.689352,87.988555,50.739949,14.243936,23.144856,16.89792,0.0,102.166293
3.925429,108.964333,122.604923,77.111093,29.078352,96.614675,38.367283,103.611003,231.882997,12.792349,80.102128,0.0
