4502.643122
0.416229,1,2
2.766029,1,3
1.511712,1,5
0.815307,1,6
0.521048,1,7
2.089595,1,9
0.058667,1,11
1.881168,1,12
51.06064,2,3
0.168059,2,4
44.110923,2,5
28.479053,2,6
10.433949,2,7
0.026667,2,8
26.624859,2,9
0.026667,2,10
0.733309,2,11
76.358304,2,12
78.609731,3,2
44.253907,3,4
97.052429,3,5
54.585051,3,6
19.430221,3,7
0.08544,3,8
38.347525,3,9
0.026667,3,10
1.110659,3,11
118.826192,3,12
20.091749,4,2
45.248856,4,3
46.01288,4,5
54.476947,4,6
10.352797,4,7
0.173843,4,8
21.422203,4,9
16.047304,4,10
0.08,4,11
48.283819,4,12
361.299173,5,2
1.668925,5,3
0.053333,5,4
0.059253,5,6
0.026667,5,7
0.026667,5,8
8.857941,5,9
0.11436,5,11
105.210691,5,12
26.273909,6,2
116.47292,6,3
33.88612,6,4
112.161101,6,5
18.479536,6,7
69.546531,6,9
0.542387,6,10
0.204653,6,11
60.146656,6,12
7.776235,7,2
34.168517,7,3
14.893941,7,4
19.938605,7,5
17.804328,7,6
0.026667,7,8
14.763789,7,9
0.026667,7,10
0.214536,7,11
19.172699,7,12
356.603947,8,2
9.688093,8,3
35.302088,8,4
173.000349,8,5
0.269837,8,6
3.966107,8,7
58.468731,8,9
18.521736,8,10
24.650752,8,11
100.6532,8,12
75.356107,9,2
98.953725,9,3
36.736747,9,4
161.424725,9,5
53.494605,9,6
37.172808,9,7
0.053333,9,8
0.227368,9,10
4.356152,9,11
173.445299,9,12
0.610171,10,2
0.08,10,3
10.559757,10,4
6.618691,10,5
0.468669,10,7
34.044723,10,8
5.264,10,9
57.929589,10,11
1.227421,10,12
22.734539,11,2
2.023549,11,3
11.831288,11,4
53.591091,11,5
0.299629,11,6
7.549075,11,7
45.920573,11,8
17.047539,11,9
8.857789,11,10
12.179533,11,12
113.317381,12,2
107.302797,12,3
13.437971,12,4
263.809312,12,5
47.309261,12,6
18.177003,12,7
0.133333,12,8
205.524187,12,9
0.852541,12,10
5.178789,12,11
succeed
0.0,0.416229,2.766029,0.0,1.511712,0.815307,0.521048,0.0,2.089595,0.0,0.058667,1.881168
0.0,0.0,51.06064,0.168059,44.110923,28.479053,10.433949,0.026667,26.624859,0.026667,0.733309,76.358304
0.0,78.609731,0.0,44.253907,97.052429,54.585051,19.430221,0.08544,38.347525,0.026667,1.110659,118.826192
0.0,20.091749,45.248856,0.0,46.01288,54.476947,10.352797,0.173843,21.422203,16.047304,0.08,48.283819
0.0,361.299173,1.668925,0.053333,0.0,0.059253,0.026667,0.026667,8.857941,0.0,0.11436,105.210691
0.0,26.273909,116.47292,33.88612,112.161101,0.0,18.479536,0.0,69.546531,0.542387,0.204653,60.146656
0.0,7.776235,34.168517,14.893941,19.938605,17.804328,0.0,0.026667,14.763789,0.026667,0.214536,19.172699
0.0,356.603947,9.688093,35.302088,173.000349,0.269837,3.966107,0.0,58.468731,18.521736,24.650752,100.6532
0.0,75.356107,98.953725,36.736747,161.424725,53.494605,37.172808,0.053333,0.0,0.227368,4.356152,173.445299
0.0,0.610171,0.08,10.559757,6.618691,0.0,0.468669,34.044723,5.264,0.0,57.929589,1.227421
0.0,22.734539,2.023549,11.831288,53.591091,0.299629,7.549075,45.920573,17.047539,8.857789,0.0,12.179533
0.0,113.317381,107.302797,13.437971,263.809312,47.309261,18.177003,0.133333,205.524187,0.852541,5.178789,0.0
