3766.389017
0.400779,1,2
0.970272,1,3
0.878613,1,5
0.221643,1,6
0.133357,1,7
0.5456,1,9
2.176472,1,12
31.303648,2,3
0.028387,2,4
34.809576,2,5
22.373875,2,6
4.568877,2,7
0.026667,2,8
19.880861,2,9
0.030816,2,10
0.306245,2,11
64.442925,2,12
19.000573,3,2
14.856875,3,4
127.214173,3,5
38.640888,3,6
11.214168,3,7
0.118251,3,8
37.606067,3,9
1.368512,3,11
39.97536,3,12
9.438723,4,2
74.179923,4,3
37.721493,4,5
27.783299,4,6
14.355549,4,7
19.513864,4,9
11.987072,4,10
0.053333,4,11
41.900667,4,12
60.690027,5,2
2.477621,5,3
0.137531,5,6
10.832251,5,9
0.852528,5,10
0.170275,5,11
103.638437,5,12
22.777184,6,2
197.977443,6,3
8.916277,6,4
34.186096,6,5
10.092501,6,7
0.053333,6,8
48.108413,6,9
0.541544,6,10
0.885795,6,11
31.09332,6,12
14.048472,7,2
40.958053,7,3
2.901171,7,4
12.780651,7,5
23.228723,7,6
17.409357,7,9
0.03696,7,10
0.467368,7,11
10.242971,7,12
53.60284,8,2
19.092459,8,3
9.15264,8,4
239.755168,8,5
0.611509,8,6
0.671192,8,7
92.234763,8,9
16.322045,8,10
18.123517,8,11
94.970957,8,12
50.680493,9,2
103.676973,9,3
35.870184,9,4
340.514587,9,5
39.139339,9,6
25.131176,9,7
0.026667,9,8
0.053333,9,10
3.040987,9,11
126.313512,9,12
0.757227,10,2
0.341205,10,3
2.171715,10,4
3.334059,10,5
0.507669,10,7
42.900467,10,8
0.679992,10,9
44.718397,10,11
0.865587,10,12
26.786701,11,2
5.408461,11,3
5.674803,11,4
55.874627,11,5
0.376557,11,6
3.922261,11,7
20.581291,11,8
7.957669,11,9
18.531549,11,10
12.594595,11,12
105.415893,12,2
96.643701,12,3
3.033496,12,4
192.446699,12,5
51.975848,12,6
19.355461,12,7
0.102667,12,8
404.09872,12,9
0.026667,12,10
4.788987,12,11
succeed
0.0,0.400779,0.970272,0.0,0.878613,0.221643,0.133357,0.0,0.5456,0.0,0.0,2.176472
0.0,0.0,31.303648,0.028387,34.809576,22.373875,4.568877,0.026667,19.880861,0.030816,0.306245,64.442925
0.0,19.000573,0.0,14.856875,127.214173,38.640888,11.214168,0.118251,37.606067,0.0,1.368512,39.97536
0.0,9.438723,74.179923,0.0,37.721493,27.783299,14.355549,0.0,19.513864,11.987072,0.053333,41.900667
0.0,60.690027,2.477621,0.0,0.0,0.137531,0.0,0.0,10.832251,0.852528,0.170275,103.638437
0.0,22.777184,197.977443,8.916277,34.186096,0.0,10.092501,0.053333,48.108413,0.541544,0.885795,31.09332
0.0,14.048472,40.958053,2.901171,12.780651,23.228723,0.0,0.0,17.409357,0.03696,0.467368,10.242971
0.0,53.60284,19.092459,9.15264,239.755168,0.611509,0.671192,0.0,92.234763,16.322045,18.123517,94.970957
0.0,50.680493,103.676973,35.870184,340.514587,39.139339,25.131176,0.026667,0.0,0.053333,3.040987,126.313512
0.0,0.757227,0.341205,2.171715,3.334059,0.0,0.507669,42.900467,0.679992,0.0,44.718397,0.865587
0.0,26.786701,5.408461,5.674803,55.874627,0.376557,3.922261,20.581291,7.957669,18.531549,0.0,12.594595
0.0,105.415893,96.643701,3.033496,192.446699,51.975848,19.355461,0.102667,404.09872,0.026667,4.788987,0.0
