1804.641523
0.08,1,2
0.498387,1,3
0.026667,1,4
0.026667,1,6
0.096712,1,8
0.384797,1,9
0.013333,1,10
0.171768,1,12
0.112056,2,1
4.110264,2,3
2.902299,2,4
55.493467,2,5
12.7848,2,6
0.474467,2,7
10.327631,2,8
4.307787,2,9
0.104895,2,10
3.396637,2,11
22.65676,2,12
0.279853,3,1
10.840784,3,2
6.498227,3,4
6.414237,3,5
46.969659,3,6
5.433133,3,7
24.322053,3,8
14.781061,3,9
0.426613,3,10
1.992819,3,11
40.761208,3,12
0.309867,4,1
3.184659,4,2
42.717904,4,3
19.956357,4,5
25.011347,4,6
13.216237,4,7
5.035483,4,8
10.317419,4,9
4.18096,4,10
15.343592,4,11
41.44492,4,12
0.146304,5,1
2.005211,5,2
9.200528,5,3
0.674083,5,4
3.968827,5,6
1.457856,5,7
1.648965,5,8
2.470725,5,9
0.08,5,10
0.408411,5,11
1.626056,5,12
0.026667,6,1
4.801733,6,2
40.435344,6,3
4.805341,6,4
1.1404,6,5
1.940917,6,7
11.073413,6,8
11.423933,6,9
0.085336,6,10
4.023829,6,11
24.789915,6,12
0.026667,7,1
1.716168,7,2
15.015805,7,3
3.965333,7,4
2.744928,7,5
11.64992,7,6
3.849181,7,8
0.969168,7,9
1.882699,7,10
3.773453,7,11
14.93572,7,12
0.121165,8,1
12.410259,8,2
58.182384,8,3
9.890168,8,4
3.685787,8,5
8.432837,8,6
4.148957,8,7
17.953453,8,9
32.174683,8,10
34.308885,8,11
48.581952,8,12
0.991243,9,1
27.418395,9,2
14.726061,9,3
30.186091,9,4
3.086653,9,5
16.592944,9,6
4.893376,9,7
52.676733,9,8
1.490931,9,10
10.207531,9,11
52.552408,9,12
1.386133,10,4
0.026667,10,5
0.186408,10,6
30.549416,10,8
43.525053,10,11
0.026667,10,12
0.039477,11,1
12.646347,11,2
12.237677,11,3
1.794096,11,4
1.910672,11,5
1.264805,11,6
2.728533,11,7
10.044115,11,8
30.535331,11,9
1.961051,11,10
2.835648,11,12
0.096053,12,1
94.782053,12,2
66.984395,12,3
41.201909,12,4
8.563355,12,5
29.880568,12,6
5.566648,12,7
101.941397,12,8
180.536763,12,9
0.555939,12,10
29.950829,12,11
succeed
0.0,0.08,0.498387,0.026667,0.0,0.026667,0.0,0.096712,0.384797,0.013333,0.0,0.171768
0.112056,0.0,4.110264,2.902299,55.493467,12.7848,0.474467,10.327631,4.307787,0.104895,3.396637,22.65676
0.279853,10.840784,0.0,6.498227,6.414237,46.969659,5.433133,24.322053,14.781061,0.426613,1.992819,40.761208
0.309867,3.184659,42.717904,0.0,19.956357,25.011347,13.216237,5.035483,10.317419,4.18096,15.343592,41.44492
0.146304,2.005211,9.200528,0.674083,0.0,3.968827,1.457856,1.648965,2.470725,0.08,0.408411,1.626056
0.026667,4.801733,40.435344,4.805341,1.1404,0.0,1.940917,11.073413,11.423933,0.085336,4.023829,24.789915
0.026667,1.716168,15.015805,3.965333,2.744928,11.64992,0.0,3.849181,0.969168,1.882699,3.773453,14.93572
0.121165,12.410259,58.182384,9.890168,3.685787,8.432837,4.148957,0.0,17.953453,32.174683,34.308885,48.581952
0.991243,27.418395,14.726061,30.186091,3.086653,16.592944,4.893376,52.676733,0.0,1.490931,10.207531,52.552408
0.0,0.0,0.0,1.386133,0.026667,0.186408,0.0,30.549416,0.0,0.0,43.525053,0.026667
0.039477,12.646347,12.237677,1.794096,1.910672,1.264805,2.728533,10.044115,30.535331,1.961051,0.0,2.835648
0.096053,94.782053,66.984395,41.201909,8.563355,29.880568,5.566648,101.941397,180.536763,0.555939,29.950829,0.0
