3724.664772
0.026667,1,2
1.327467,1,3
1.227515,1,5
0.67468,1,6
0.071915,1,7
1.554275,1,9
2.594704,1,12
56.930803,2,3
0.026667,2,4
76.525016,2,5
32.896411,2,6
6.306728,2,7
0.026667,2,8
20.721653,2,9
0.026667,2,10
0.286685,2,11
82.087419,2,12
30.332149,3,2
27.954939,3,4
147.050037,3,5
57.917616,3,6
18.330888,3,7
0.167549,3,8
57.270003,3,9
0.053333,3,10
6.037515,3,11
42.179992,3,12
6.238981,4,2
87.232576,4,3
36.659269,4,5
25.908341,4,6
14.024941,4,7
1.209131,4,8
20.07964,4,9
13.197232,4,10
0.820813,4,11
44.616141,4,12
51.498792,5,2
1.082171,5,3
8.617701,5,9
0.053333,5,11
105.175421,5,12
17.771965,6,2
147.516307,6,3
14.633411,6,4
87.23136,6,5
27.037859,6,7
0.035669,6,8
57.221637,6,9
0.293251,6,10
0.516837,6,11
35.669168,6,12
8.685075,7,2
39.781176,7,3
9.367872,7,4
23.982808,7,5
12.884296,7,6
0.053333,7,8
8.430147,7,9
0.106667,7,11
17.109176,7,12
46.626056,8,2
15.056296,8,3
28.561245,8,4
181.434773,8,5
0.472528,8,6
0.202683,8,7
88.107741,8,9
15.348139,8,10
27.111509,8,11
97.298053,8,12
49.131243,9,2
118.357648,9,3
39.103885,9,4
186.503536,9,5
44.431088,9,6
20.186925,9,7
0.275269,9,8
0.14284,9,10
4.114456,9,11
102.794245,9,12
0.442123,10,2
0.140456,10,3
7.285912,10,4
10.40476,10,5
0.026667,10,6
0.495195,10,7
35.305715,10,8
8.183453,10,9
48.916019,10,11
0.806933,10,12
14.944288,11,2
4.362872,11,3
7.046707,11,4
42.476995,11,5
0.176032,11,6
4.892464,11,7
30.905853,11,8
16.110805,11,9
5.433456,11,10
11.789064,11,12
132.04592,12,2
131.607707,12,3
0.026667,12,4
308.15064,12,5
38.541904,12,6
22.854643,12,7
0.081643,12,8
171.177344,12,9
0.109664,12,10
9.314256,12,11
succeed
0.0,0.026667,1.327467,0.0,1.227515,0.67468,0.071915,0.0,1.554275,0.0,0.0,2.594704
0.0,0.0,56.930803,0.026667,76.525016,32.896411,6.306728,0.026667,20.721653,0.026667,0.286685,82.087419
0.0,30.332149,0.0,27.954939,147.050037,57.917616,18.330888,0.167549,57.270003,0.053333,6.037515,42.179992
0.0,6.238981,87.232576,0.0,36.659269,25.908341,14.024941,1.209131,20.07964,13.197232,0.820813,44.616141
0.0,51.498792,1.082171,0.0,0.0,0.0,0.0,0.0,8.617701,0.0,0.053333,105.175421
0.0,17.771965,147.516307,14.633411,87.23136,0.0,27.037859,0.035669,57.221637,0.293251,0.516837,35.669168
0.0,8.685075,39.781176,9.367872,23.982808,12.884296,0.0,0.053333,8.430147,0.0,0.106667,17.109176
0.0,46.626056,15.056296,28.561245,181.434773,0.472528,0.202683,0.0,88.107741,15.348139,27.111509,97.298053
0.0,49.131243,118.357648,39.103885,186.503536,44.431088,20.186925,0.275269,0.0,0.14284,4.114456,102.794245
0.0,0.442123,0.140456,7.285912,10.40476,0.026667,0.495195,35.305715,8.183453,0.0,48.916019,0.806933
0.0,14.944288,4.362872,7.046707,42.476995,0.176032,4.892464,30.905853,16.110805,5.433456,0.0,11.789064
0.0,132.04592,131.607707,0.026667,308.15064,38.541904,22.854643,0.081643,171.177344,0.109664,9.314256,0.0
