1575.722088
0.248157,1,2
0.026667,1,3
0.323885,1,4
0.026667,1,5
0.109051,1,6
0.274624,1,7
1.204095,1,8
1.020528,1,9
0.026785,1,10
0.1334,1,11
0.136384,1,12
1.038781,2,1
3.062931,2,3
7.498691,2,4
0.835643,2,5
8.353155,2,6
0.502584,2,7
11.226128,2,8
4.354149,2,9
0.056128,2,10
4.508211,2,11
18.290925,2,12
0.324235,3,1
4.392179,3,2
9.640973,3,4
18.864939,3,5
33.804584,3,6
13.841237,3,7
31.732651,3,8
9.471651,3,9
4.150917,3,10
7.373296,3,11
12.757685,3,12
0.177536,4,1
3.328109,4,2
41.993256,4,3
17.896557,4,5
23.834821,4,6
30.196509,4,7
9.24096,4,8
19.052947,4,9
10.050008,4,10
16.930851,4,11
36.123653,4,12
0.099907,5,1
2.173477,5,2
4.226707,5,3
0.972805,5,4
1.092851,5,6
0.643403,5,7
4.146301,5,8
4.193971,5,9
0.895987,5,11
9.450067,5,12
0.471176,6,1
10.301125,6,2
21.841176,6,3
10.85332,6,4
26.004325,6,5
1.925429,6,7
17.010325,6,8
19.380875,6,9
0.118352,6,10
10.363117,6,11
6.950736,6,12
0.080555,7,1
0.893683,7,2
5.609504,7,3
7.697272,7,4
3.407589,7,5
10.1594,7,6
2.873627,7,8
1.492155,7,9
2.720064,7,10
3.582984,7,11
10.70192,7,12
0.861565,8,1
6.294371,8,2
45.401123,8,3
5.920192,8,4
8.65928,8,5
8.406133,8,6
4.885949,8,7
21.765784,8,9
11.39516,8,10
22.934736,8,11
15.596144,8,12
0.884768,9,1
18.045067,9,2
10.898691,9,3
26.056104,9,4
7.003872,9,5
11.690709,9,6
4.669448,9,7
72.71348,9,8
0.694528,9,10
8.931795,9,11
23.296011,9,12
0.026667,10,2
0.053333,10,3
7.087936,10,4
0.026667,10,5
0.263344,10,6
0.034592,10,7
29.731229,10,8
0.295979,10,9
31.982925,10,11
0.08,10,12
0.464811,11,1
10.319253,11,2
31.505507,11,3
2.844397,11,4
1.696693,11,5
4.718744,11,6
2.834115,11,7
11.473933,11,8
10.670669,11,9
9.808651,11,10
5.17264,11,12
4.226315,12,1
85.09256,12,2
53.84668,12,3
45.446845,12,4
10.764131,12,5
42.172989,12,6
6.745603,12,7
46.211419,12,8
129.257123,12,9
2.613653,12,10
30.476467,12,11
succeed
0.0,0.248157,0.026667,0.323885,0.026667,0.109051,0.274624,1.204095,1.020528,0.026785,0.1334,0.136384
1.038781,0.0,3.062931,7.498691,0.835643,8.353155,0.502584,11.226128,4.354149,0.056128,4.508211,18.290925
0.324235,4.392179,0.0,9.640973,18.864939,33.804584,13.841237,31.732651,9.471651,4.150917,7.373296,12.757685
0.177536,3.328109,41.993256,0.0,17.896557,23.834821,30.196509,9.24096,19.052947,10.050008,16.930851,36.123653
0.099907,2.173477,4.226707,0.972805,0.0,1.092851,0.643403,4.146301,4.193971,0.0,0.895987,9.450067
0.471176,10.301125,21.841176,10.85332,26.004325,0.0,1.925429,17.010325,19.380875,0.118352,10.363117,6.950736
0.080555,0.893683,5.609504,7.697272,3.407589,10.1594,0.0,2.873627,1.492155,2.720064,3.582984,10.70192
0.861565,6.294371,45.401123,5.920192,8.65928,8.406133,4.885949,0.0,21.765784,11.39516,22.934736,15.596144
0.884768,18.045067,10.898691,26.056104,7.003872,11.690709,4.669448,72.71348,0.0,0.694528,8.931795,23.296011
0.0,0.026667,0.053333,7.087936,0.026667,0.263344,0.034592,29.731229,0.295979,0.0,31.982925,0.08
0.464811,10.319253,31.505507,2.844397,1.696693,4.718744,2.834115,11.473933,10.670669,9.808651,0.0,5.17264
4.226315,85.09256,53.84668,45.446845,10.764131,42.172989,6.745603,46.211419,129.257123,2.613653,30.476467,0.0
