3315.693937
0.509851,1,2
0.402867,1,3
0.026667,1,4
0.289483,1,5
0.225037,1,6
0.387403,1,8
0.091344,1,9
0.013333,1,10
0.133333,1,11
0.543523,1,12
0.433323,2,1
15.49204,2,3
7.051288,2,4
4.037896,2,5
16.350373,2,6
3.48376,2,7
40.228456,2,8
9.032888,2,9
5.908344,2,10
8.342573,2,11
64.881003,2,12
0.119637,3,1
21.06588,3,2
18.904173,3,4
14.553323,3,5
82.309504,3,6
13.145797,3,7
53.564733,3,8
17.497669,3,9
2.417803,3,10
16.444253,3,11
80.172315,3,12
0.20288,4,1
25.532707,4,2
64.412117,4,3
15.054995,4,5
22.844925,4,6
12.78108,4,7
7.015661,4,8
24.541325,4,9
10.638208,4,10
7.890227,4,11
44.003109,4,12
0.336997,5,1
18.20692,5,2
22.340355,5,3
1.891355,5,4
4.342307,5,6
2.074533,5,7
5.311584,5,8
7.709181,5,9
0.198989,5,10
2.537187,5,11
6.304859,5,12
0.284037,6,1
25.944981,6,2
113.473317,6,3
10.252496,6,4
4.63496,6,5
9.299256,6,7
40.771352,6,8
31.790893,6,9
3.645309,6,10
17.949203,6,11
50.799875,6,12
0.053333,7,1
3.337112,7,2
31.397832,7,3
9.402261,7,4
3.562275,7,5
19.405637,7,6
6.863779,7,8
7.73152,7,9
8.627669,7,10
1.859408,7,11
14.770683,7,12
2.396021,8,1
31.331381,8,2
125.341024,8,3
37.249699,8,4
23.201928,8,5
50.171181,8,6
11.320736,8,7
91.214605,8,9
18.075744,8,10
54.681651,8,11
119.073669,8,12
1.218635,9,1
51.071907,9,2
79.818317,9,3
42.177515,9,4
28.075997,9,5
69.236363,9,6
27.411003,9,7
98.504456,9,8
6.145829,9,10
28.392184,9,11
138.573928,9,12
0.16256,10,2
1.711845,10,3
17.733773,10,4
1.198656,10,5
0.885149,10,6
0.460021,10,7
33.50836,10,8
1.422104,10,9
53.922048,10,11
0.336053,10,12
0.53836,11,1
12.910912,11,2
19.853597,11,3
6.170216,11,4
5.638539,11,5
19.454109,11,6
6.286893,11,7
38.541933,11,8
20.754251,11,9
6.770656,11,10
22.686963,11,12
1.028589,12,1
134.235907,12,2
93.835173,12,3
53.915909,12,4
23.586443,12,5
81.861987,12,6
31.463808,12,7
114.032229,12,8
117.419675,12,9
4.995496,12,10
33.599389,12,11
succeed
0.0,0.509851,0.402867,0.026667,0.289483,0.225037,0.0,0.387403,0.091344,0.013333,0.133333,0.543523
0.433323,0.0,15.49204,7.051288,4.037896,16.350373,3.48376,40.228456,9.032888,5.908344,8.342573,64.881003
0.119637,21.06588,0.0,18.904173,14.553323,82.309504,13.145797,53.564733,17.497669,2.417803,16.444253,80.172315
0.20288,25.532707,64.412117,0.0,15.054995,22.844925,12.78108,7.015661,24.541325,10.638208,7.890227,44.003109
0.336997,18.20692,22.340355,1.891355,0.0,4.342307,2.074533,5.311584,7.709181,0.198989,2.537187,6.304859
0.284037,25.944981,113.473317,10.252496,4.63496,0.0,9.299256,40.771352,31.790893,3.645309,17.949203,50.799875
0.053333,3.337112,31.397832,9.402261,3.562275,19.405637,0.0,6.863779,7.73152,8.627669,1.859408,14.770683
2.396021,31.331381,125.341024,37.249699,23.201928,50.171181,11.320736,0.0,91.214605,18.075744,54.681651,119.073669
1.218635,51.071907,79.818317,42.177515,28.075997,69.236363,27.411003,98.504456,0.0,6.145829,28.392184,138.573928
0.0,0.16256,1.711845,17.733773,1.198656,0.885149,0.460021,33.50836,1.422104,0.0,53.922048,0.336053
0.53836,12.910912,19.853597,6.170216,5.638539,19.454109,6.286893,38.541933,20.754251,6.770656,0.0,22.686963
1.028589,134.235907,93.835173,53.915909,23.586443,81.861987,31.463808,114.032229,117.419675,4.995496,33.599389,0.0
