3728.3008409999998
0.734779,1,2
1.891171,1,3
0.026667,1,4
0.026667,1,5
0.187261,1,6
0.193944,1,7
0.082,1,8
0.106667,1,9
1.225389,1,11
5.414003,1,12
0.594008,2,1
25.928939,2,3
11.061139,2,4
7.983419,2,5
25.20772,2,6
6.490032,2,7
21.2162,2,8
6.720899,2,9
1.235051,2,10
26.826803,2,11
95.982251,2,12
1.838653,3,1
35.635667,3,2
14.86256,3,4
13.165733,3,5
107.667536,3,6
20.414613,3,7
35.355445,3,8
18.7864,3,9
5.623731,3,10
42.562003,3,11
44.837957,3,12
0.278293,4,1
8.221723,4,2
171.383323,4,3
34.143235,4,5
11.949221,4,6
20.916299,4,7
17.463421,4,8
14.475331,4,9
21.838435,4,10
32.795955,4,11
26.494568,4,12
0.753925,5,1
5.379005,5,2
28.504867,5,3
1.748749,5,4
10.993971,5,6
13.427856,5,7
4.500787,5,8
2.838867,5,9
1.990181,5,10
16.165712,5,11
7.798605,5,12
0.397208,6,1
18.383189,6,2
80.975469,6,3
8.807747,6,4
5.323917,6,5
14.920827,6,7
13.403749,6,8
22.085651,6,9
2.489608,6,10
32.736531,6,11
26.271069,6,12
1.299923,7,1
6.340131,7,2
39.469725,7,3
4.966299,7,4
5.954739,7,5
25.406552,7,6
3.698931,7,8
6.659581,7,9
2.072784,7,10
15.187019,7,11
65.190219,7,12
0.553531,8,1
13.291773,8,2
108.772445,8,3
18.509819,8,4
10.104344,8,5
22.302136,8,6
5.931179,8,7
44.636035,8,9
16.209379,8,10
63.095376,8,11
77.564811,8,12
1.104973,9,1
53.907603,9,2
38.919773,9,3
18.071643,9,4
11.027021,9,5
34.938376,9,6
17.775765,9,7
71.014715,9,8
3.748573,9,10
30.185144,9,11
148.074515,9,12
0.386933,10,2
0.158549,10,3
13.399576,10,4
0.12324,10,5
0.977312,10,6
14.136344,10,8
0.070197,10,9
24.665152,10,11
0.140763,10,12
3.672589,11,1
84.918368,11,2
107.465861,11,3
39.101315,11,4
55.765592,11,5
88.398504,11,6
74.924683,11,7
18.930187,11,8
24.595483,11,9
13.515808,11,10
99.928115,11,12
6.985872,12,1
156.403733,12,2
100.597613,12,3
91.491235,12,4
30.908464,12,5
56.264088,12,6
41.745211,12,7
77.867549,12,8
176.955475,12,9
15.167469,12,10
62.912128,12,11
succeed
0.0,0.734779,1.891171,0.026667,0.026667,0.187261,0.193944,0.082,0.106667,0.0,1.225389,5.414003
0.594008,0.0,25.928939,11.061139,7.983419,25.20772,6.490032,21.2162,6.720899,1.235051,26.826803,95.982251
1.838653,35.635667,0.0,14.86256,13.165733,107.667536,20.414613,35.355445,18.7864,5.623731,42.562003,44.837957
0.278293,8.221723,171.383323,0.0,34.143235,11.949221,20.916299,17.463421,14.475331,21.838435,32.795955,26.494568
0.753925,5.379005,28.504867,1.748749,0.0,10.993971,13.427856,4.500787,2.838867,1.990181,16.165712,7.798605
0.397208,18.383189,80.975469,8.807747,5.323917,0.0,14.920827,13.403749,22.085651,2.489608,32.736531,26.271069
1.299923,6.340131,39.469725,4.966299,5.954739,25.406552,0.0,3.698931,6.659581,2.072784,15.187019,65.190219
0.553531,13.291773,108.772445,18.509819,10.104344,22.302136,5.931179,0.0,44.636035,16.209379,63.095376,77.564811
1.104973,53.907603,38.919773,18.071643,11.027021,34.938376,17.775765,71.014715,0.0,3.748573,30.185144,148.074515
0.0,0.386933,0.158549,13.399576,0.12324,0.977312,0.0,14.136344,0.070197,0.0,24.665152,0.140763
3.672589,84.918368,107.465861,39.101315,55.765592,88.398504,74.924683,18.930187,24.595483,13.515808,0.0,99.928115
6.985872,156.403733,100.597613,91.491235,30.908464,56.264088,41.745211,77.867549,176.955475,15.167469,62.912128,0.0
