3520.41588
0.198715,1,2
0.119763,1,3
0.118149,1,5
0.20456,1,6
0.096731,1,7
0.32764,1,8
0.08,1,9
0.026667,1,11
0.765235,1,12
0.276453,2,1
14.935341,2,3
4.865147,2,4
2.413355,2,5
16.704531,2,6
1.335544,2,7
19.386432,2,8
11.870856,2,9
0.441669,2,10
5.602411,2,11
35.066091,2,12
0.554253,3,1
18.816563,3,2
34.539029,3,4
19.746509,3,5
42.778397,3,6
16.83972,3,7
73.394504,3,8
13.022229,3,9
0.733109,3,10
7.343955,3,11
36.732008,3,12
0.135413,4,1
10.214637,4,2
38.123931,4,3
8.353992,4,5
37.247021,4,6
20.741651,4,7
21.257024,4,8
14.456976,4,9
24.711536,4,10
14.222981,4,11
56.385435,4,12
1.118773,5,1
17.270453,5,2
25.692123,5,3
3.257776,5,4
1.794837,5,6
5.825581,5,7
6.033955,5,8
7.904797,5,9
0.148843,5,10
3.857323,5,11
4.133149,5,12
0.2372,6,1
23.015312,6,2
97.831341,6,3
10.113795,6,4
7.948624,6,5
18.332213,6,7
39.133363,6,8
29.407691,6,9
0.649768,6,10
32.597907,6,11
24.456824,6,12
0.468475,7,1
4.887827,7,2
19.580373,7,3
16.217203,7,4
3.541957,7,5
24.223669,7,6
5.134992,7,8
7.322032,7,9
1.974371,7,10
4.641267,7,11
12.626461,7,12
0.313453,8,1
21.854973,8,2
123.558621,8,3
26.311424,8,4
11.063155,8,5
35.895928,8,6
7.837893,8,7
69.491712,8,9
19.493952,8,10
47.186837,8,11
640.17672,8,12
1.425456,9,1
48.101459,9,2
59.784325,9,3
31.142419,9,4
12.074677,9,5
32.861853,9,6
17.447576,9,7
57.891307,9,8
2.040768,9,10
26.691973,9,11
97.358088,9,12
0.053333,10,2
0.395256,10,3
10.826547,10,4
0.952715,10,5
0.536331,10,6
40.094323,10,8
2.189643,10,9
30.77964,10,11
0.437333,10,12
0.160269,11,1
12.553424,11,2
23.072477,11,3
11.790771,11,4
4.186925,11,5
22.934123,11,6
8.557259,11,7
31.677763,11,8
15.278707,11,9
7.960099,11,10
21.524848,11,12
5.779744,12,1
131.877813,12,2
124.143904,12,3
63.994485,12,4
9.168976,12,5
73.288552,12,6
20.922221,12,7
96.1332,12,8
206.824373,12,9
3.830371,12,10
61.919448,12,11
succeed
0.0,0.198715,0.119763,0.0,0.118149,0.20456,0.096731,0.32764,0.08,0.0,0.026667,0.765235
0.276453,0.0,14.935341,4.865147,2.413355,16.704531,1.335544,19.386432,11.870856,0.441669,5.602411,35.066091
0.554253,18.816563,0.0,34.539029,19.746509,42.778397,16.83972,73.394504,13.022229,0.733109,7.343955,36.732008
0.135413,10.214637,38.123931,0.0,8.353992,37.247021,20.741651,21.257024,14.456976,24.711536,14.222981,56.385435
1.118773,17.270453,25.692123,3.257776,0.0,1.794837,5.825581,6.033955,7.904797,0.148843,3.857323,4.133149
0.2372,23.015312,97.831341,10.113795,7.948624,0.0,18.332213,39.133363,29.407691,0.649768,32.597907,24.456824
0.468475,4.887827,19.580373,16.217203,3.541957,24.223669,0.0,5.134992,7.322032,1.974371,4.641267,12.626461
0.313453,21.854973,123.558621,26.311424,11.063155,35.895928,7.837893,0.0,69.491712,19.493952,47.186837,640.17672
1.425456,48.101459,59.784325,31.142419,12.074677,32.861853,17.447576,57.891307,0.0,2.040768,26.691973,97.358088
0.0,0.053333,0.395256,10.826547,0.952715,0.536331,0.0,40.094323,2.189643,0.0,30.77964,0.437333
0.160269,12.553424,23.072477,11.790771,4.186925,22.934123,8.557259,31.677763,15.278707,7.960099,0.0,21.524848
5.779744,131.877813,124.143904,63.994485,9.168976,73.288552,20.922221,96.1332,206.824373,3.830371,61.919448,0.0
