3364.087527
0.059477,1,2
0.510744,1,3
0.761605,1,5
0.145333,1,6
0.38748,1,7
0.262117,1,9
0.026667,1,10
2.150715,1,12
34.9612,2,3
34.508472,2,5
35.388624,2,6
7.249925,2,7
20.487272,2,9
2.325421,2,10
0.417984,2,11
87.641384,2,12
26.1724,3,2
34.566144,3,4
63.662357,3,5
59.438224,3,6
16.787696,3,7
0.08,3,8
50.967504,3,9
0.108533,3,10
0.693901,3,11
34.415181,3,12
11.715227,4,2
76.446483,4,3
28.981995,4,5
32.177203,4,6
16.856528,4,7
2.20224,4,8
27.693795,4,9
15.554525,4,10
0.086629,4,11
46.686005,4,12
55.296067,5,2
2.052544,5,3
0.028,5,4
0.174512,5,6
0.106667,5,7
0.026667,5,8
8.55844,5,9
0.08,5,10
0.133333,5,11
110.423507,5,12
12.191523,6,2
124.28672,6,3
14.014005,6,4
87.658219,6,5
19.680803,6,7
0.150912,6,8
57.172525,6,9
0.520405,6,10
0.256075,6,11
42.558029,6,12
9.636896,7,2
37.081616,7,3
9.825141,7,4
23.412733,7,5
18.686365,7,6
0.026667,7,8
15.060693,7,9
0.026667,7,10
0.119616,7,11
14.415944,7,12
42.891389,8,2
15.947056,8,3
26.424515,8,4
163.177077,8,5
1.523256,8,6
2.848488,8,7
70.199648,8,9
11.806787,8,10
25.376,8,11
100.858027,8,12
40.198411,9,2
104.694296,9,3
37.524408,9,4
92.021763,9,5
49.541267,9,6
23.861517,9,7
0.262472,9,8
0.026667,9,10
1.611323,9,11
99.983088,9,12
1.183867,10,2
0.083627,10,3
9.547709,10,4
15.412971,10,5
0.026667,10,6
0.74024,10,7
31.034251,10,8
7.379963,10,9
45.4294,10,11
0.665059,10,12
15.987104,11,2
4.005227,11,3
4.717952,11,4
50.449699,11,5
0.609971,11,6
5.804221,11,7
17.681395,11,8
17.386733,11,9
4.322683,11,10
13.120373,11,12
155.511579,12,2
161.239165,12,3
0.062208,12,4
206.350117,12,5
54.827315,12,6
21.892467,12,7
0.053333,12,8
168.084709,12,9
0.220269,12,10
3.241517,12,11
succeed
0.0,0.059477,0.510744,0.0,0.761605,0.145333,0.38748,0.0,0.262117,0.026667,0.0,2.150715
0.0,0.0,34.9612,0.0,34.508472,35.388624,7.249925,0.0,20.487272,2.325421,0.417984,87.641384
0.0,26.1724,0.0,34.566144,63.662357,59.438224,16.787696,0.08,50.967504,0.108533,0.693901,34.415181
0.0,11.715227,76.446483,0.0,28.981995,32.177203,16.856528,2.20224,27.693795,15.554525,0.086629,46.686005
0.0,55.296067,2.052544,0.028,0.0,0.174512,0.106667,0.026667,8.55844,0.08,0.133333,110.423507
0.0,12.191523,124.28672,14.014005,87.658219,0.0,19.680803,0.150912,57.172525,0.520405,0.256075,42.558029
0.0,9.636896,37.081616,9.825141,23.412733,18.686365,0.0,0.026667,15.060693,0.026667,0.119616,14.415944
0.0,42.891389,15.947056,26.424515,163.177077,1.523256,2.848488,0.0,70.199648,11.806787,25.376,100.858027
0.0,40.198411,104.694296,37.524408,92.021763,49.541267,23.861517,0.262472,0.0,0.026667,1.611323,99.983088
0.0,1.183867,0.083627,9.547709,15.412971,0.026667,0.74024,31.034251,7.379963,0.0,45.4294,0.665059
0.0,15.987104,4.005227,4.717952,50.449699,0.609971,5.804221,17.681395,17.386733,4.322683,0.0,13.120373
0.0,155.511579,161.239165,0.062208,206.350117,54.827315,21.892467,0.053333,168.084709,0.220269,3.241517,0.0
