2062.886177
0.042437,1,2
0.090133,1,3
0.206069,1,4
0.089296,1,5
0.075669,1,6
0.296331,1,8
0.026667,1,9
0.035461,1,10
0.788245,1,11
0.238608,1,12
0.254736,2,1
9.004624,2,3
5.861008,2,4
0.773352,2,5
12.730837,2,6
0.478117,2,7
15.477309,2,8
2.145472,2,9
4.971651,2,11
31.225003,2,12
0.200947,3,1
12.960973,3,2
30.103749,3,4
4.205421,3,5
27.957899,3,6
4.225056,3,7
40.126632,3,8
20.357056,3,9
4.503749,3,10
8.155936,3,11
12.540437,3,12
0.262099,4,1
3.416933,4,2
56.379771,4,3
24.700488,4,5
26.518928,4,6
29.261235,4,7
13.294835,4,8
18.550144,4,9
10.743957,4,10
14.955069,4,11
40.041309,4,12
2.815229,5,1
9.85376,5,2
8.15108,5,3
1.70024,5,4
1.167427,5,6
1.315997,5,7
2.662229,5,8
2.845453,5,9
0.26196,5,10
2.07516,5,11
1.366483,5,12
30.823035,6,2
50.332445,6,3
8.167731,6,4
0.707565,6,5
8.569648,6,7
16.40028,6,8
20.254211,6,9
0.45732,6,10
17.772813,6,11
11.14388,6,12
1.750755,7,2
19.092872,7,3
9.008264,7,4
4.349877,7,5
18.510104,7,6
3.915395,7,8
1.426432,7,9
2.300048,7,10
3.90436,7,11
6.550171,7,12
0.117216,8,1
12.420917,8,2
87.151099,8,3
13.920739,8,4
2.029499,8,5
11.176635,8,6
4.710467,8,7
66.397459,8,9
20.942587,8,10
27.462016,8,11
110.591685,8,12
0.257315,9,1
17.28736,9,2
33.588363,9,3
29.448496,9,4
14.531971,9,5
18.410325,9,6
3.395216,9,7
57.166395,9,8
6.005072,9,10
28.580717,9,11
27.941403,9,12
0.559579,10,2
1.552131,10,4
0.277675,10,6
34.53376,10,8
11.933013,10,9
41.265304,10,11
0.026667,10,12
0.10352,11,1
7.277435,11,2
18.602891,11,3
2.871701,11,4
1.509243,11,5
4.96912,11,6
1.650389,11,7
17.945744,11,8
7.386733,11,9
3.451024,11,10
5.163549,11,12
0.430677,12,1
93.843528,12,2
72.259981,12,3
51.560061,12,4
16.614957,12,5
43.312173,12,6
22.707717,12,7
101.217296,12,8
110.175523,12,9
0.754501,12,10
37.471461,12,11
succeed
0.0,0.042437,0.090133,0.206069,0.089296,0.075669,0.0,0.296331,0.026667,0.035461,0.788245,0.238608
0.254736,0.0,9.004624,5.861008,0.773352,12.730837,0.478117,15.477309,2.145472,0.0,4.971651,31.225003
0.200947,12.960973,0.0,30.103749,4.205421,27.957899,4.225056,40.126632,20.357056,4.503749,8.155936,12.540437
0.262099,3.416933,56.379771,0.0,24.700488,26.518928,29.261235,13.294835,18.550144,10.743957,14.955069,40.041309
2.815229,9.85376,8.15108,1.70024,0.0,1.167427,1.315997,2.662229,2.845453,0.26196,2.07516,1.366483
0.0,30.823035,50.332445,8.167731,0.707565,0.0,8.569648,16.40028,20.254211,0.45732,17.772813,11.14388
0.0,1.750755,19.092872,9.008264,4.349877,18.510104,0.0,3.915395,1.426432,2.300048,3.90436,6.550171
0.117216,12.420917,87.151099,13.920739,2.029499,11.176635,4.710467,0.0,66.397459,20.942587,27.462016,110.591685
0.257315,17.28736,33.588363,29.448496,14.531971,18.410325,3.395216,57.166395,0.0,6.005072,28.580717,27.941403
0.0,0.559579,0.0,1.552131,0.0,0.277675,0.0,34.53376,11.933013,0.0,41.265304,0.026667
0.10352,7.277435,18.602891,2.871701,1.509243,4.96912,1.650389,17.945744,7.386733,3.451024,0.0,5.163549
0.430677,93.843528,72.259981,51.560061,16.614957,43.312173,22.707717,101.217296,110.175523,0.754501,37.471461,0.0
