3544.801859
0.302371,1,2
0.353269,1,3
1.233541,1,5
1.125155,1,6
0.118344,1,7
1.074915,1,9
2.278541,1,12
38.799352,2,3
0.115408,2,4
85.238989,2,5
50.839568,2,6
4.50636,2,7
0.053333,2,8
21.491056,2,9
0.026667,2,10
0.633296,2,11
40.036685,2,12
30.576445,3,2
23.088421,3,4
123.626605,3,5
87.191704,3,6
14.455899,3,7
0.148243,3,8
101.487045,3,9
0.026667,3,10
2.342467,3,11
39.679741,3,12
6.915157,4,2
35.233957,4,3
37.831539,4,5
29.182923,4,6
9.57956,4,7
37.039243,4,9
9.192109,4,10
1.525285,4,11
48.915016,4,12
29.7422,5,2
0.693373,5,3
0.026667,5,4
0.053333,5,6
6.625443,5,9
0.329499,5,11
108.162805,5,12
34.105355,6,2
111.85352,6,3
22.017384,6,4
65.044552,6,5
24.632336,6,7
115.080608,6,9
0.1358,6,10
3.076072,6,11
36.950512,6,12
5.598312,7,2
16.622821,7,3
9.062592,7,4
16.112363,7,5
10.724403,7,6
19.515232,7,9
0.239253,7,11
10.274312,7,12
26.682893,8,2
5.688024,8,3
17.284461,8,4
193.953381,8,5
0.340037,8,6
0.151376,8,7
110.206664,8,9
12.464664,8,10
23.871352,8,11
95.243656,8,12
38.455112,9,2
93.585933,9,3
46.201197,9,4
142.709675,9,5
54.821347,9,6
23.643813,9,7
6.966312,9,8
0.106667,9,10
8.186021,9,11
133.735616,9,12
5.444264,10,2
0.08,10,3
2.05956,10,4
7.861384,10,5
0.035875,10,6
1.240685,10,7
39.961693,10,8
7.549677,10,9
50.679789,10,11
1.437667,10,12
10.607376,11,2
0.753984,11,3
6.771467,11,4
31.880915,11,5
0.408565,11,6
4.178781,11,7
22.883021,11,8
53.598067,11,9
8.327147,11,10
31.238195,11,12
110.273413,12,2
88.066829,12,3
4.916837,12,4
291.493493,12,5
33.0382,12,6
13.794496,12,7
0.626229,12,8
141.937968,12,9
0.053333,12,10
6.361125,12,11
succeed
0.0,0.302371,0.353269,0.0,1.233541,1.125155,0.118344,0.0,1.074915,0.0,0.0,2.278541
0.0,0.0,38.799352,0.115408,85.238989,50.839568,4.50636,0.053333,21.491056,0.026667,0.633296,40.036685
0.0,30.576445,0.0,23.088421,123.626605,87.191704,14.455899,0.148243,101.487045,0.026667,2.342467,39.679741
0.0,6.915157,35.233957,0.0,37.831539,29.182923,9.57956,0.0,37.039243,9.192109,1.525285,48.915016
0.0,29.7422,0.693373,0.026667,0.0,0.053333,0.0,0.0,6.625443,0.0,0.329499,108.162805
0.0,34.105355,111.85352,22.017384,65.044552,0.0,24.632336,0.0,115.080608,0.1358,3.076072,36.950512
0.0,5.598312,16.622821,9.062592,16.112363,10.724403,0.0,0.0,19.515232,0.0,0.239253,10.274312
0.0,26.682893,5.688024,17.284461,193.953381,0.340037,0.151376,0.0,110.206664,12.464664,23.871352,95.243656
0.0,38.455112,93.585933,46.201197,142.709675,54.821347,23.643813,6.966312,0.0,0.106667,8.186021,133.735616
0.0,5.444264,0.08,2.05956,7.861384,0.035875,1.240685,39.961693,7.549677,0.0,50.679789,1.437667
0.0,10.607376,0.753984,6.771467,31.880915,0.408565,4.178781,22.883021,53.598067,8.327147,0.0,31.238195
0.0,110.273413,88.066829,4.916837,291.493493,33.0382,13.794496,0.626229,141.937968,0.053333,6.361125,0.0
