1787.3144929999999
0.026667,1,2
0.419829,1,3
0.100579,1,5
0.333525,1,6
0.132928,1,8
0.124403,1,9
0.118133,1,11
0.926387,1,12
0.026667,2,1
4.945525,2,3
4.079837,2,4
36.760653,2,5
15.258411,2,6
1.787651,2,7
9.526696,2,8
3.976808,2,9
4.953408,2,10
3.876445,2,11
40.927984,2,12
6.17304,3,1
10.336131,3,2
10.147267,3,4
2.910688,3,5
19.11092,3,6
7.613107,3,7
21.776051,3,8
7.176653,3,9
0.12652,3,10
4.046765,3,11
13.818525,3,12
0.184043,4,1
1.528381,4,2
48.348155,4,3
15.000144,4,5
28.246592,4,6
9.643704,4,7
4.447827,4,8
10.426187,4,9
6.506488,4,10
3.662707,4,11
34.061781,4,12
1.480389,5,1
4.895893,5,2
15.125715,5,3
1.479904,5,4
2.863525,5,6
2.156867,5,7
8.822064,5,8
1.643448,5,9
1.327931,5,11
1.74444,5,12
0.098125,6,1
5.343731,6,2
79.860461,6,3
10.33524,6,4
23.157773,6,5
1.551699,6,7
14.938317,6,8
16.47272,6,9
0.190432,6,10
16.122536,6,11
21.861061,6,12
3.476349,7,2
33.334848,7,3
7.370387,7,4
2.454672,7,5
20.795216,7,6
4.431781,7,8
3.763669,7,9
1.955568,7,10
3.284357,7,11
4.799547,7,12
12.969787,8,2
89.880184,8,3
5.741872,8,4
1.936024,8,5
13.344637,8,6
2.975792,8,7
38.701899,8,9
14.263515,8,10
17.877496,8,11
15.865083,8,12
0.406464,9,1
17.881523,9,2
22.523163,9,3
25.877205,9,4
6.728421,9,5
19.158464,9,6
5.566379,9,7
63.361528,9,8
0.670147,9,10
18.093013,9,11
44.053131,9,12
0.057379,10,2
0.453165,10,4
0.0594,10,5
0.240624,10,6
29.266739,10,8
0.378709,10,9
32.849061,10,11
0.465472,10,12
6.799488,11,2
45.242205,11,3
0.940235,11,4
1.039707,11,5
5.933939,11,6
2.070187,11,7
9.401333,11,8
8.646051,11,9
3.514613,11,10
4.568755,11,12
0.222301,12,1
92.334344,12,2
79.798171,12,3
48.262325,12,4
18.343867,12,5
37.809099,12,6
6.482696,12,7
34.175176,12,8
124.284728,12,9
0.876867,12,10
44.189253,12,11
succeed
0.0,0.026667,0.419829,0.0,0.100579,0.333525,0.0,0.132928,0.124403,0.0,0.118133,0.926387
0.026667,0.0,4.945525,4.079837,36.760653,15.258411,1.787651,9.526696,3.976808,4.953408,3.876445,40.927984
6.17304,10.336131,0.0,10.147267,2.910688,19.11092,7.613107,21.776051,7.176653,0.12652,4.046765,13.818525
0.184043,1.528381,48.348155,0.0,15.000144,28.246592,9.643704,4.447827,10.426187,6.506488,3.662707,34.061781
1.480389,4.895893,15.125715,1.479904,0.0,2.863525,2.156867,8.822064,1.643448,0.0,1.327931,1.74444
0.098125,5.343731,79.860461,10.33524,23.157773,0.0,1.551699,14.938317,16.47272,0.190432,16.122536,21.861061
0.0,3.476349,33.334848,7.370387,2.454672,20.795216,0.0,4.431781,3.763669,1.955568,3.284357,4.799547
0.0,12.969787,89.880184,5.741872,1.936024,13.344637,2.975792,0.0,38.701899,14.263515,17.877496,15.865083
0.406464,17.881523,22.523163,25.877205,6.728421,19.158464,5.566379,63.361528,0.0,0.670147,18.093013,44.053131
0.0,0.057379,0.0,0.453165,0.0594,0.240624,0.0,29.266739,0.378709,0.0,32.849061,0.465472
0.0,6.799488,45.242205,0.940235,1.039707,5.933939,2.070187,9.401333,8.646051,3.514613,0.0,4.568755
0.222301,92.334344,79.798171,48.262325,18.343867,37.809099,6.482696,34.175176,124.284728,0.876867,44.189253,0.0
