2876.053188
0.13744,1,2
0.111787,1,3
0.067797,1,4
0.172013,1,5
0.126712,1,6
0.540024,1,7
0.104461,1,8
0.995376,1,9
0.355581,1,12
0.476592,2,1
13.669341,2,3
9.083459,2,4
31.440613,2,5
21.385688,2,6
8.515069,2,7
18.096796,2,8
5.982101,2,9
1.272311,2,10
8.329173,2,11
36.843864,2,12
0.053333,3,1
14.845165,3,2
12.812237,3,4
19.478864,3,5
90.759755,3,6
21.570627,3,7
36.743152,3,8
20.712235,3,9
5.153419,3,10
9.066077,3,11
51.050299,3,12
0.541051,4,1
13.901069,4,2
81.92996,4,3
19.884131,4,5
38.247221,4,6
27.492216,4,7
23.208,4,8
21.230045,4,9
20.910555,4,10
18.716064,4,11
39.781157,4,12
1.840739,5,1
19.259045,5,2
10.352691,5,3
1.604952,5,4
4.609379,5,6
8.35192,5,7
5.844304,5,8
6.370795,5,9
0.260317,5,10
2.655315,5,11
6.035552,5,12
0.053333,6,1
10.292816,6,2
79.510347,6,3
18.917272,6,4
29.532544,6,5
8.125088,6,7
15.837957,6,8
34.415987,6,9
2.641189,6,10
23.434888,6,11
28.112955,6,12
2.432323,7,1
3.890387,7,2
14.563288,7,3
16.867821,7,4
5.048989,7,5
17.086549,7,6
10.794024,7,8
4.998083,7,9
3.55328,7,10
10.671701,7,11
13.277283,7,12
0.141941,8,1
31.131736,8,2
97.398957,8,3
32.663544,8,4
8.247997,8,5
26.001995,8,6
10.099392,8,7
52.814997,8,9
29.467675,8,10
24.212963,8,11
61.324552,8,12
0.69712,9,1
37.975197,9,2
52.086565,9,3
46.909451,9,4
27.901597,9,5
53.428261,9,6
12.104525,9,7
61.542357,9,8
9.234077,9,10
15.906864,9,11
103.365579,9,12
0.08,10,2
0.054667,10,3
3.334736,10,4
3.840427,10,5
0.344155,10,6
0.053333,10,7
27.199973,10,8
0.620496,10,9
34.179757,10,11
0.110429,10,12
0.116541,11,1
11.995984,11,2
56.822197,11,3
14.399029,11,4
5.158784,11,5
14.772221,11,6
4.347115,11,7
17.591613,11,8
12.190296,11,9
3.903304,11,10
18.442101,11,12
2.439573,12,1
95.474611,12,2
81.719371,12,3
70.560592,12,4
42.02584,12,5
87.867659,12,6
23.679203,12,7
49.559096,12,8
177.76668,12,9
14.515805,12,10
39.194315,12,11
succeed
0.0,0.13744,0.111787,0.067797,0.172013,0.126712,0.540024,0.104461,0.995376,0.0,0.0,0.355581
0.476592,0.0,13.669341,9.083459,31.440613,21.385688,8.515069,18.096796,5.982101,1.272311,8.329173,36.843864
0.053333,14.845165,0.0,12.812237,19.478864,90.759755,21.570627,36.743152,20.712235,5.153419,9.066077,51.050299
0.541051,13.901069,81.92996,0.0,19.884131,38.247221,27.492216,23.208,21.230045,20.910555,18.716064,39.781157
1.840739,19.259045,10.352691,1.604952,0.0,4.609379,8.35192,5.844304,6.370795,0.260317,2.655315,6.035552
0.053333,10.292816,79.510347,18.917272,29.532544,0.0,8.125088,15.837957,34.415987,2.641189,23.434888,28.112955
2.432323,3.890387,14.563288,16.867821,5.048989,17.086549,0.0,10.794024,4.998083,3.55328,10.671701,13.277283
0.141941,31.131736,97.398957,32.663544,8.247997,26.001995,10.099392,0.0,52.814997,29.467675,24.212963,61.324552
0.69712,37.975197,52.086565,46.909451,27.901597,53.428261,12.104525,61.542357,0.0,9.234077,15.906864,103.365579
0.0,0.08,0.054667,3.334736,3.840427,0.344155,0.053333,27.199973,0.620496,0.0,34.179757,0.110429
0.116541,11.995984,56.822197,14.399029,5.158784,14.772221,4.347115,17.591613,12.190296,3.903304,0.0,18.442101
2.439573,95.474611,81.719371,70.560592,42.02584,87.867659,23.679203,49.559096,177.76668,14.515805,39.194315,0.0
