2726.659046
0.897392,1,2
0.615419,1,3
0.106667,1,4
0.527251,1,5
0.111171,1,6
0.08,1,7
0.244672,1,8
1.546707,1,9
0.013333,1,10
0.604888,1,11
0.482704,1,12
0.565928,2,1
13.824808,2,3
2.181552,2,4
5.055597,2,5
12.294512,2,6
1.902333,2,7
13.134176,2,8
16.547699,2,9
0.349205,2,10
6.521528,2,11
49.778597,2,12
0.548341,3,1
169.017795,3,2
12.195773,3,4
8.012461,3,5
58.635003,3,6
18.089165,3,7
46.077219,3,8
18.033979,3,9
10.029733,3,10
16.959691,3,11
35.768648,3,12
0.026667,4,1
3.081347,4,2
51.738672,4,3
14.432296,4,5
11.368512,4,6
28.533003,4,7
9.420968,4,8
8.509491,4,9
18.859304,4,10
20.669043,4,11
20.026597,4,12
4.144168,5,1
3.65648,5,2
19.018627,5,3
0.771936,5,4
5.908539,5,6
8.194221,5,7
2.632928,5,8
4.353973,5,9
4.705136,5,11
2.705947,5,12
0.299728,6,1
8.391235,6,2
86.416837,6,3
5.223045,6,4
1.911888,6,5
5.549995,6,7
9.543816,6,8
12.538333,6,9
0.917816,6,10
19.111717,6,11
17.192115,6,12
0.268797,7,1
3.166947,7,2
25.458939,7,3
8.928157,7,4
2.684781,7,5
13.683008,7,6
5.236816,7,8
13.020499,7,9
1.722379,7,10
7.021563,7,11
10.301165,7,12
0.106277,8,1
5.73392,8,2
130.673883,8,3
7.698021,8,4
8.780048,8,5
14.332816,8,6
3.695445,8,7
51.620216,8,9
17.763851,8,10
47.099195,8,11
44.51784,8,12
1.327576,9,1
25.471563,9,2
46.852467,9,3
13.208715,9,4
8.802197,9,5
24.614957,9,6
10.535061,9,7
80.310349,9,8
6.084949,9,10
25.128336,9,11
77.685688,9,12
0.106667,10,3
4.575595,10,4
0.408357,10,6
33.686083,10,8
0.249328,10,9
18.791701,10,11
0.689661,11,1
32.33324,11,2
56.357152,11,3
15.524861,11,4
22.205229,11,5
28.653811,11,6
31.619805,11,7
53.544016,11,8
13.884085,11,9
3.163125,11,10
64.937045,11,12
1.758907,12,1
111.581811,12,2
87.003952,12,3
65.739995,12,4
25.61424,12,5
53.975517,12,6
16.172344,12,7
110.882133,12,8
158.615219,12,9
2.748488,12,10
37.691931,12,11
succeed
0.0,0.897392,0.615419,0.106667,0.527251,0.111171,0.08,0.244672,1.546707,0.013333,0.604888,0.482704
0.565928,0.0,13.824808,2.181552,5.055597,12.294512,1.902333,13.134176,16.547699,0.349205,6.521528,49.778597
0.548341,169.017795,0.0,12.195773,8.012461,58.635003,18.089165,46.077219,18.033979,10.029733,16.959691,35.768648
0.026667,3.081347,51.738672,0.0,14.432296,11.368512,28.533003,9.420968,8.509491,18.859304,20.669043,20.026597
4.144168,3.65648,19.018627,0.771936,0.0,5.908539,8.194221,2.632928,4.353973,0.0,4.705136,2.705947
0.299728,8.391235,86.416837,5.223045,1.911888,0.0,5.549995,9.543816,12.538333,0.917816,19.111717,17.192115
0.268797,3.166947,25.458939,8.928157,2.684781,13.683008,0.0,5.236816,13.020499,1.722379,7.021563,10.301165
0.106277,5.73392,130.673883,7.698021,8.780048,14.332816,3.695445,0.0,51.620216,17.763851,47.099195,44.51784
1.327576,25.471563,46.852467,13.208715,8.802197,24.614957,10.535061,80.310349,0.0,6.084949,25.128336,77.685688
0.0,0.0,0.106667,4.575595,0.0,0.408357,0.0,33.686083,0.249328,0.0,18.791701,0.0
0.689661,32.33324,56.357152,15.524861,22.205229,28.653811,31.619805,53.544016,13.884085,3.163125,0.0,64.937045
1.758907,111.581811,87.003952,65.739995,25.61424,53.975517,16.172344,110.882133,158.615219,2.748488,37.691931,0.0
