2543.43094
0.026667,1,2
0.869288,1,3
0.091933,1,5
0.026667,1,7
0.73792,1,8
0.106016,1,9
0.013333,1,10
0.711229,1,12
0.032184,2,1
10.351872,2,3
5.230179,2,4
27.425605,2,5
12.551896,2,6
0.425989,2,7
21.626848,2,8
7.392037,2,9
1.326453,2,10
7.113576,2,11
36.528141,2,12
0.186208,3,1
5.248261,3,2
12.991587,3,4
8.761149,3,5
43.700843,3,6
9.937579,3,7
83.503792,3,8
72.951323,3,9
0.730512,3,10
8.274723,3,11
15.41108,3,12
0.04896,4,1
3.392229,4,2
54.330453,4,3
22.535,4,5
31.39824,4,6
20.085901,4,7
18.460701,4,8
21.745264,4,9
16.055829,4,10
28.4202,4,11
34.045445,4,12
2.858859,5,1
3.059789,5,2
24.725467,5,3
1.150832,5,4
1.846021,5,6
0.983648,5,7
10.854965,5,8
6.900261,5,9
4.043163,5,11
3.768147,5,12
0.064256,6,1
33.358483,6,2
70.578928,6,3
6.428589,6,4
1.537936,6,5
2.898448,6,7
40.551211,6,8
36.182592,6,9
1.153539,6,10
6.865976,6,11
38.572608,6,12
1.068816,7,2
23.12292,7,3
4.407832,7,4
3.951392,7,5
12.434693,7,6
8.308245,7,8
6.39792,7,9
0.101573,7,10
1.163621,7,11
9.548779,7,12
0.792408,8,1
12.505155,8,2
121.736011,8,3
11.56184,8,4
7.424645,8,5
22.158691,8,6
5.147056,8,7
106.490403,8,9
7.541507,8,10
47.683621,8,11
89.939373,8,12
0.625547,9,1
12.498229,9,2
55.339509,9,3
25.649248,9,4
13.222832,9,5
28.288501,9,6
10.176197,9,7
108.795043,9,8
3.4514,9,10
36.075213,9,11
52.78016,9,12
7.380989,10,2
0.744619,10,3
7.975048,10,4
0.033536,10,5
0.166192,10,6
0.026667,10,7
41.493965,10,8
0.321269,10,9
36.910645,10,11
0.08,10,12
0.051093,11,1
8.489387,11,2
19.373029,11,3
2.698699,11,4
3.366291,11,5
5.264168,11,6
2.644563,11,7
23.329144,11,8
14.285797,11,9
5.091528,11,10
4.403016,11,12
0.232229,12,1
77.176235,12,2
71.242109,12,3
39.295648,12,4
26.192325,12,5
46.007603,12,6
20.543293,12,7
134.680811,12,8
109.258816,12,9
2.703984,12,10
38.393032,12,11
succeed
0.0,0.026667,0.869288,0.0,0.091933,0.0,0.026667,0.73792,0.106016,0.013333,0.0,0.711229
0.032184,0.0,10.351872,5.230179,27.425605,12.551896,0.425989,21.626848,7.392037,1.326453,7.113576,36.528141
0.186208,5.248261,0.0,12.991587,8.761149,43.700843,9.937579,83.503792,72.951323,0.730512,8.274723,15.41108
0.04896,3.392229,54.330453,0.0,22.535,31.39824,20.085901,18.460701,21.745264,16.055829,28.4202,34.045445
2.858859,3.059789,24.725467,1.150832,0.0,1.846021,0.983648,10.854965,6.900261,0.0,4.043163,3.768147
0.064256,33.358483,70.578928,6.428589,1.537936,0.0,2.898448,40.551211,36.182592,1.153539,6.865976,38.572608
0.0,1.068816,23.12292,4.407832,3.951392,12.434693,0.0,8.308245,6.39792,0.101573,1.163621,9.548779
0.792408,12.505155,121.736011,11.56184,7.424645,22.158691,5.147056,0.0,106.490403,7.541507,47.683621,89.939373
0.625547,12.498229,55.339509,25.649248,13.222832,28.288501,10.176197,108.795043,0.0,3.4514,36.075213,52.78016
0.0,7.380989,0.744619,7.975048,0.033536,0.166192,0.026667,41.493965,0.321269,0.0,36.910645,0.08
0.051093,8.489387,19.373029,2.698699,3.366291,5.264168,2.644563,23.329144,14.285797,5.091528,0.0,4.403016
0.232229,77.176235,71.242109,39.295648,26.192325,46.007603,20.543293,134.680811,109.258816,2.703984,38.393032,0.0
