3295.315056
0.134909,1,2
0.212443,1,3
0.124,1,4
0.159395,1,5
0.055205,1,6
0.168256,1,7
0.672501,1,8
0.053333,1,9
1.01612,1,12
1.705669,2,1
14.726024,2,3
6.743309,2,4
2.595005,2,5
11.841696,2,6
4.406232,2,7
18.970159,2,8
8.145507,2,9
1.555633,2,10
11.8902,2,11
71.072197,2,12
0.572757,3,1
29.808709,3,2
10.726843,3,4
5.661277,3,5
43.100901,3,6
15.421336,3,7
71.793016,3,8
13.018005,3,9
2.630469,3,10
13.735192,3,11
37.33988,3,12
0.096069,4,1
13.293291,4,2
49.798912,4,3
11.789832,4,5
8.640789,4,6
23.757331,4,7
10.288283,4,8
33.2934,4,9
19.695824,4,10
17.29868,4,11
20.654963,4,12
4.488856,5,1
21.481405,5,2
19.334157,5,3
4.645717,5,4
2.226755,5,6
1.868293,5,7
6.645811,5,8
8.737573,5,9
0.85536,5,10
8.422213,5,11
7.380427,5,12
1.217984,6,1
19.514619,6,2
75.861261,6,3
16.227229,6,4
8.9334,6,5
11.1168,6,7
71.637723,6,8
47.896003,6,9
6.204067,6,10
9.114845,6,11
33.617227,6,12
0.725501,7,1
4.299669,7,2
26.901075,7,3
4.516336,7,4
3.001072,7,5
14.999059,7,6
8.974635,7,8
4.173805,7,9
0.483648,7,10
1.826883,7,11
27.518499,7,12
0.817864,8,1
44.835597,8,2
140.6922,8,3
36.163477,8,4
22.517309,8,5
45.563808,8,6
15.787635,8,7
101.427544,8,9
25.531824,8,10
45.707083,8,11
118.49296,8,12
0.146672,9,1
55.422877,9,2
47.579968,9,3
41.386883,9,4
14.86196,9,5
49.203131,9,6
18.166443,9,7
89.606976,9,8
6.592896,9,10
34.244491,9,11
146.638883,9,12
8.057581,10,2
1.018005,10,3
4.974533,10,4
0.728715,10,5
0.476717,10,6
2.180093,10,7
11.236715,10,8
1.175957,10,9
7.228771,10,11
1.043112,10,12
0.276392,11,1
13.956019,11,2
26.980416,11,3
9.713384,11,4
8.850149,11,5
17.679629,11,6
9.082936,11,7
46.648776,11,8
9.787579,11,9
9.320251,11,10
17.423957,11,12
0.401971,12,1
225.312392,12,2
93.951125,12,3
68.302368,12,4
29.30156,12,5
57.851285,12,6
24.892139,12,7
154.478435,12,8
189.007373,12,9
4.189552,12,10
44.887229,12,11
succeed
0.0,0.134909,0.212443,0.124,0.159395,0.055205,0.168256,0.672501,0.053333,0.0,0.0,1.01612
1.705669,0.0,14.726024,6.743309,2.595005,11.841696,4.406232,18.970159,8.145507,1.555633,11.8902,71.072197
0.572757,29.808709,0.0,10.726843,5.661277,43.100901,15.421336,71.793016,13.018005,2.630469,13.735192,37.33988
0.096069,13.293291,49.798912,0.0,11.789832,8.640789,23.757331,10.288283,33.2934,19.695824,17.29868,20.654963
4.488856,21.481405,19.334157,4.645717,0.0,2.226755,1.868293,6.645811,8.737573,0.85536,8.422213,7.380427
1.217984,19.514619,75.861261,16.227229,8.9334,0.0,11.1168,71.637723,47.896003,6.204067,9.114845,33.617227
0.725501,4.299669,26.901075,4.516336,3.001072,14.999059,0.0,8.974635,4.173805,0.483648,1.826883,27.518499
0.817864,44.835597,140.6922,36.163477,22.517309,45.563808,15.787635,0.0,101.427544,25.531824,45.707083,118.49296
0.146672,55.422877,47.579968,41.386883,14.86196,49.203131,18.166443,89.606976,0.0,6.592896,34.244491,146.638883
0.0,8.057581,1.018005,4.974533,0.728715,0.476717,2.180093,11.236715,1.175957,0.0,7.228771,1.043112
0.276392,13.956019,26.980416,9.713384,8.850149,17.679629,9.082936,46.648776,9.787579,9.320251,0.0,17.423957
0.401971,225.312392,93.951125,68.302368,29.30156,57.851285,24.892139,154.478435,189.007373,4.189552,44.887229,0.0
