1529.106856
0.113664,1,2
0.070616,1,3
0.032619,1,5
0.183347,1,8
0.053333,1,9
0.157421,1,12
0.306272,2,1
2.590853,2,3
5.514371,2,4
1.320861,2,5
14.984757,2,6
3.405749,2,7
10.302479,2,8
3.265139,2,9
0.358676,2,10
12.291827,2,11
28.045144,2,12
0.026667,3,1
3.911445,3,2
16.488539,3,4
3.807819,3,5
32.19572,3,6
17.720432,3,7
34.451408,3,8
5.327965,3,9
0.142587,3,10
5.139333,3,11
27.499035,3,12
0.079477,4,1
6.697787,4,2
32.926635,4,3
9.676861,4,5
25.267608,4,6
8.290504,4,7
13.096707,4,8
10.163237,4,9
3.811549,4,10
5.160045,4,11
31.117232,4,12
1.661101,5,1
1.143723,5,2
4.610784,5,3
0.614832,5,4
2.960832,5,6
1.311171,5,7
13.885789,5,8
1.862789,5,9
0.342077,5,11
1.227061,5,12
12.817808,6,2
21.436512,6,3
15.185776,6,4
0.235517,6,5
10.578589,6,7
6.431904,6,8
19.858565,6,9
0.136288,6,10
5.581427,6,11
7.268717,6,12
1.334504,7,2
12.475392,7,3
7.669123,7,4
2.333189,7,5
7.799197,7,6
7.673645,7,8
3.516589,7,9
1.062891,7,10
2.27748,7,11
9.383301,7,12
0.026667,8,1
8.518904,8,2
53.732515,8,3
18.091155,8,4
3.097077,8,5
13.668093,8,6
5.288499,8,7
30.870835,8,9
7.527043,8,10
29.128683,8,11
13.044899,8,12
0.924333,9,1
8.067387,9,2
12.457656,9,3
21.563853,9,4
2.640891,9,5
14.693085,9,6
9.223531,9,7
61.00504,9,8
0.697517,9,10
10.348987,9,11
118.049947,9,12
0.053333,10,2
0.026667,10,3
10.739501,10,4
0.029227,10,5
0.186016,10,6
27.53684,10,8
0.332757,10,9
21.604792,10,11
6.654752,11,2
16.268715,11,3
0.761997,11,4
0.949819,11,5
3.144285,11,6
1.591912,11,7
12.950467,11,8
7.502776,11,9
4.012259,11,10
8.058205,11,12
68.163261,12,2
28.885288,12,3
41.245211,12,4
21.097336,12,5
29.428469,12,6
13.340384,12,7
66.751768,12,8
103.292515,12,9
3.206851,12,10
27.952563,12,11
succeed
0.0,0.113664,0.070616,0.0,0.032619,0.0,0.0,0.183347,0.053333,0.0,0.0,0.157421
0.306272,0.0,2.590853,5.514371,1.320861,14.984757,3.405749,10.302479,3.265139,0.358676,12.291827,28.045144
0.026667,3.911445,0.0,16.488539,3.807819,32.19572,17.720432,34.451408,5.327965,0.142587,5.139333,27.499035
0.079477,6.697787,32.926635,0.0,9.676861,25.267608,8.290504,13.096707,10.163237,3.811549,5.160045,31.117232
1.661101,1.143723,4.610784,0.614832,0.0,2.960832,1.311171,13.885789,1.862789,0.0,0.342077,1.227061
0.0,12.817808,21.436512,15.185776,0.235517,0.0,10.578589,6.431904,19.858565,0.136288,5.581427,7.268717
0.0,1.334504,12.475392,7.669123,2.333189,7.799197,0.0,7.673645,3.516589,1.062891,2.27748,9.383301
0.026667,8.518904,53.732515,18.091155,3.097077,13.668093,5.288499,0.0,30.870835,7.527043,29.128683,13.044899
0.924333,8.067387,12.457656,21.563853,2.640891,14.693085,9.223531,61.00504,0.0,0.697517,10.348987,118.049947
0.0,0.053333,0.026667,10.739501,0.029227,0.186016,0.0,27.53684,0.332757,0.0,21.604792,0.0
0.0,6.654752,16.268715,0.761997,0.949819,3.144285,1.591912,12.950467,7.502776,4.012259,0.0,8.058205
0.0,68.163261,28.885288,41.245211,21.097336,29.428469,13.340384,66.751768,103.292515,3.206851,27.952563,0.0
