3882.302803
0.281792,1,2
2.501851,1,3
0.206093,1,4
0.221536,1,5
0.560981,1,6
0.478312,1,7
0.395904,1,8
0.378315,1,9
0.058187,1,10
0.173323,1,11
3.348899,1,12
0.444491,2,1
15.876165,2,3
9.917448,2,4
4.129893,2,5
46.055861,2,6
9.895483,2,7
19.055541,2,8
14.752461,2,9
0.708829,2,10
6.353136,2,11
55.001635,2,12
2.9518,3,1
24.992643,3,2
48.455197,3,4
26.816677,3,5
97.718352,3,6
17.350595,3,7
61.20532,3,8
26.087005,3,9
3.100797,3,10
14.155781,3,11
45.676224,3,12
0.703219,4,1
12.247821,4,2
53.888784,4,3
11.813563,4,5
28.157267,4,6
11.342629,4,7
32.234035,4,8
15.589885,4,9
11.946808,4,10
13.115709,4,11
53.300592,4,12
2.981381,5,1
4.126299,5,2
27.415104,5,3
6.835659,5,4
8.634437,5,6
7.095736,5,7
11.975464,5,8
10.56896,5,9
1.767333,5,10
3.198645,5,11
15.05636,5,12
2.132651,6,1
47.903421,6,2
158.247053,6,3
21.095659,6,4
10.414408,6,5
16.835843,6,7
60.205581,6,8
65.253589,6,9
6.891064,6,10
13.895528,6,11
98.609757,6,12
0.619163,7,1
3.452475,7,2
35.183584,7,3
11.356304,7,4
5.453309,7,5
22.92932,7,6
12.565245,7,8
9.659989,7,9
1.258653,7,10
1.781552,7,11
11.863773,7,12
2.282339,8,1
26.283125,8,2
110.529187,8,3
24.065149,8,4
41.306459,8,5
84.395064,8,6
23.391328,8,7
90.131565,8,9
20.245272,8,10
45.312752,8,11
134.959352,8,12
2.392288,9,1
38.048653,9,2
77.42856,9,3
49.165752,9,4
21.246112,9,5
62.956981,9,6
38.376051,9,7
110.417704,9,8
8.097381,9,10
30.672739,9,11
184.095557,9,12
0.488027,10,2
1.725995,10,3
15.494925,10,4
0.618237,10,5
2.028435,10,6
3.273272,10,7
48.148339,10,8
2.404392,10,9
50.276883,10,11
0.439373,10,12
0.154629,11,1
10.693144,11,2
23.918939,11,3
10.224907,11,4
5.952403,11,5
12.798619,11,6
3.774184,11,7
49.682627,11,8
12.044605,11,9
9.415093,11,10
22.162187,11,12
2.274277,12,1
145.157656,12,2
123.770835,12,3
57.013968,12,4
13.040333,12,5
57.726683,12,6
28.085597,12,7
133.202563,12,8
231.754283,12,9
11.150312,12,10
46.697573,12,11
succeed
0.0,0.281792,2.501851,0.206093,0.221536,0.560981,0.478312,0.395904,0.378315,0.058187,0.173323,3.348899
0.444491,0.0,15.876165,9.917448,4.129893,46.055861,9.895483,19.055541,14.752461,0.708829,6.353136,55.001635
2.9518,24.992643,0.0,48.455197,26.816677,97.718352,17.350595,61.20532,26.087005,3.100797,14.155781,45.676224
0.703219,12.247821,53.888784,0.0,11.813563,28.157267,11.342629,32.234035,15.589885,11.946808,13.115709,53.300592
2.981381,4.126299,27.415104,6.835659,0.0,8.634437,7.095736,11.975464,10.56896,1.767333,3.198645,15.05636
2.132651,47.903421,158.247053,21.095659,10.414408,0.0,16.835843,60.205581,65.253589,6.891064,13.895528,98.609757
0.619163,3.452475,35.183584,11.356304,5.453309,22.92932,0.0,12.565245,9.659989,1.258653,1.781552,11.863773
2.282339,26.283125,110.529187,24.065149,41.306459,84.395064,23.391328,0.0,90.131565,20.245272,45.312752,134.959352
2.392288,38.048653,77.42856,49.165752,21.246112,62.956981,38.376051,110.417704,0.0,8.097381,30.672739,184.095557
0.0,0.488027,1.725995,15.494925,0.618237,2.028435,3.273272,48.148339,2.404392,0.0,50.276883,0.439373
0.154629,10.693144,23.918939,10.224907,5.952403,12.798619,3.774184,49.682627,12.044605,9.415093,0.0,22.162187
2.274277,145.157656,123.770835,57.013968,13.040333,57.726683,28.085597,133.202563,231.754283,11.150312,46.697573,0.0
