3212.205043
0.038747,1,2
0.479293,1,3
0.026667,1,4
0.118437,1,5
0.233483,1,6
0.041376,1,7
0.117955,1,8
0.571936,1,9
0.131693,1,11
0.106667,1,12
0.320781,2,1
14.772763,2,3
6.986912,2,4
19.956171,2,5
14.077331,2,6
4.629691,2,7
24.921724,2,8
11.194752,2,9
0.239193,2,10
3.70348,2,11
34.786587,2,12
0.174883,3,1
15.391605,3,2
20.657368,3,4
27.31248,3,5
55.533821,3,6
15.142453,3,7
99.911493,3,8
20.854515,3,9
3.505787,3,10
14.124627,3,11
29.376883,3,12
0.119947,4,1
3.767053,4,2
56.75172,4,3
18.742829,4,5
33.413107,4,6
20.504133,4,7
29.500371,4,8
39.927624,4,9
8.810395,4,10
11.841083,4,11
36.721755,4,12
4.018381,5,1
23.432064,5,2
14.006187,5,3
1.363325,5,4
2.957283,5,6
6.240323,5,7
14.113059,5,8
4.968859,5,9
0.026667,5,10
7.399376,5,11
4.960955,5,12
0.347211,6,1
14.19728,6,2
79.107717,6,3
25.632693,6,4
16.261349,6,5
6.682189,6,7
46.59876,6,8
36.177211,6,9
2.056504,6,10
15.949725,6,11
47.20264,6,12
1.948832,7,2
32.809024,7,3
14.574541,7,4
8.081595,7,5
9.821027,7,6
16.457336,7,8
12.883411,7,9
0.273536,7,10
2.5684,7,11
9.983605,7,12
2.530469,8,1
26.455211,8,2
126.768341,8,3
11.429429,8,4
28.122677,8,5
35.544459,8,6
19.396131,8,7
132.039117,8,9
12.570675,8,10
84.605685,8,11
115.458261,8,12
0.729725,9,1
33.374805,9,2
58.353043,9,3
46.415835,9,4
9.658781,9,5
51.926917,9,6
16.578781,9,7
112.397264,9,8
10.082899,9,10
44.828643,9,11
74.959691,9,12
0.357328,10,2
1.694845,10,3
5.85024,10,4
0.057363,10,5
0.767419,10,6
0.080392,10,7
37.572528,10,8
3.825224,10,9
37.864757,10,11
4.093896,10,12
12.194211,11,2
18.117464,11,3
4.945888,11,4
2.670579,11,5
10.412208,11,6
2.192995,11,7
63.342736,11,8
11.224365,11,9
7.297099,11,10
5.683925,11,12
3.607637,12,1
114.560493,12,2
73.645341,12,3
65.993389,12,4
15.075419,12,5
74.901845,12,6
15.256464,12,7
153.468771,12,8
158.638317,12,9
10.177643,12,10
59.764787,12,11
succeed
0.0,0.038747,0.479293,0.026667,0.118437,0.233483,0.041376,0.117955,0.571936,0.0,0.131693,0.106667
0.320781,0.0,14.772763,6.986912,19.956171,14.077331,4.629691,24.921724,11.194752,0.239193,3.70348,34.786587
0.174883,15.391605,0.0,20.657368,27.31248,55.533821,15.142453,99.911493,20.854515,3.505787,14.124627,29.376883
0.119947,3.767053,56.75172,0.0,18.742829,33.413107,20.504133,29.500371,39.927624,8.810395,11.841083,36.721755
4.018381,23.432064,14.006187,1.363325,0.0,2.957283,6.240323,14.113059,4.968859,0.026667,7.399376,4.960955
0.347211,14.19728,79.107717,25.632693,16.261349,0.0,6.682189,46.59876,36.177211,2.056504,15.949725,47.20264
0.0,1.948832,32.809024,14.574541,8.081595,9.821027,0.0,16.457336,12.883411,0.273536,2.5684,9.983605
2.530469,26.455211,126.768341,11.429429,28.122677,35.544459,19.396131,0.0,132.039117,12.570675,84.605685,115.458261
0.729725,33.374805,58.353043,46.415835,9.658781,51.926917,16.578781,112.397264,0.0,10.082899,44.828643,74.959691
0.0,0.357328,1.694845,5.85024,0.057363,0.767419,0.080392,37.572528,3.825224,0.0,37.864757,4.093896
0.0,12.194211,18.117464,4.945888,2.670579,10.412208,2.192995,63.342736,11.224365,7.297099,0.0,5.683925
3.607637,114.560493,73.645341,65.993389,15.075419,74.901845,15.256464,153.468771,158.638317,10.177643,59.764787,0.0
