2624.729694
0.116731,1,2
0.026667,1,3
0.037459,1,5
0.158152,1,6
4.297997,1,12
0.133333,2,3
0.144851,2,5
30.426272,2,6
0.053333,2,9
0.122371,2,11
176.745587,2,12
28.055728,3,2
0.08,3,5
40.862952,3,6
12.365387,3,7
0.106667,3,8
33.066205,3,9
0.026667,3,10
208.936683,3,12
10.509931,4,2
73.036509,4,3
40.384373,4,5
42.907688,4,6
20.942013,4,7
21.439149,4,9
34.044285,4,10
0.053333,4,11
40.079789,4,12
34.017125,5,2
1.929243,5,3
0.08028,5,9
121.451859,5,12
17.689843,6,2
135.708077,6,3
9.020797,6,4
0.211915,6,5
19.334688,6,7
53.011467,6,9
0.201403,6,10
128.336883,6,12
5.189168,7,2
37.758853,7,3
8.142253,7,4
11.815899,7,5
10.669763,7,6
0.053333,7,8
7.707776,7,9
0.026667,7,10
10.031152,7,12
27.529747,8,2
16.724904,8,3
13.151147,8,4
204.311656,8,5
0.224848,8,6
0.305181,8,7
77.264355,8,9
21.020339,8,10
24.200019,8,11
102.032024,8,12
0.174883,9,2
0.39152,9,3
1.889867,9,5
0.139131,9,6
0.14832,9,8
0.112165,9,10
0.071853,9,11
503.45064,9,12
0.885709,10,2
0.166837,10,3
4.986472,10,4
3.797507,10,5
0.254304,10,7
2.388888,10,8
4.873888,10,9
53.962859,10,11
0.442645,10,12
8.906216,11,2
5.209152,11,3
4.621859,11,4
48.95916,11,5
0.026667,11,6
3.106824,11,7
20.194043,11,8
11.630485,11,9
12.077579,11,10
7.298389,11,12
0.659381,12,2
0.711096,12,3
0.026667,12,4
0.755837,12,5
0.471915,12,6
0.191008,12,8
3.379819,12,9
0.053333,12,10
succeed
0.0,0.116731,0.026667,0.0,0.037459,0.158152,0.0,0.0,0.0,0.0,0.0,4.297997
0.0,0.0,0.133333,0.0,0.144851,30.426272,0.0,0.0,0.053333,0.0,0.122371,176.745587
0.0,28.055728,0.0,0.0,0.08,40.862952,12.365387,0.106667,33.066205,0.026667,0.0,208.936683
0.0,10.509931,73.036509,0.0,40.384373,42.907688,20.942013,0.0,21.439149,34.044285,0.053333,40.079789
0.0,34.017125,1.929243,0.0,0.0,0.0,0.0,0.0,0.08028,0.0,0.0,121.451859
0.0,17.689843,135.708077,9.020797,0.211915,0.0,19.334688,0.0,53.011467,0.201403,0.0,128.336883
0.0,5.189168,37.758853,8.142253,11.815899,10.669763,0.0,0.053333,7.707776,0.026667,0.0,10.031152
0.0,27.529747,16.724904,13.151147,204.311656,0.224848,0.305181,0.0,77.264355,21.020339,24.200019,102.032024
0.0,0.174883,0.39152,0.0,1.889867,0.139131,0.0,0.14832,0.0,0.112165,0.071853,503.45064
0.0,0.885709,0.166837,4.986472,3.797507,0.0,0.254304,2.388888,4.873888,0.0,53.962859,0.442645
0.0,8.906216,5.209152,4.621859,48.95916,0.026667,3.106824,20.194043,11.630485,12.077579,0.0,7.298389
0.0,0.659381,0.711096,0.026667,0.755837,0.471915,0.0,0.191008,3.379819,0.053333,0.0,0.0
