2885.680844
0.109571,1,2
0.590392,1,3
0.184381,1,5
0.053333,1,6
0.065643,1,7
0.341301,1,8
2.399501,1,9
0.070581,1,10
0.053333,1,11
0.657861,1,12
0.196381,2,1
9.871893,2,3
11.687355,2,4
49.161299,2,5
36.350731,2,6
3.315936,2,7
15.539061,2,8
10.238115,2,9
0.56652,2,10
7.279603,2,11
34.295893,2,12
0.333211,3,1
26.554195,3,2
63.651848,3,4
15.638725,3,5
80.004544,3,6
16.314419,3,7
29.580115,3,8
13.46484,3,9
1.304536,3,10
14.012243,3,11
35.908165,3,12
0.319253,4,1
21.751296,4,2
87.462779,4,3
23.524384,4,5
34.066368,4,6
18.808763,4,7
40.421115,4,8
14.955371,4,9
9.976899,4,10
21.267936,4,11
64.236035,4,12
2.24228,5,1
4.958035,5,2
17.052027,5,3
3.502877,5,4
3.8732,5,6
2.230661,5,7
3.105211,5,8
4.844381,5,9
0.445888,5,10
1.633603,5,11
5.118611,5,12
0.104477,6,1
17.222581,6,2
76.952669,6,3
9.0034,6,4
21.113755,6,5
18.430152,6,7
31.776821,6,8
24.3528,6,9
5.469133,6,10
6.417104,6,11
33.291856,6,12
0.136952,7,1
2.519139,7,2
21.184085,7,3
10.979539,7,4
11.953827,7,5
24.665325,7,6
6.927243,7,8
3.947277,7,9
3.455952,7,10
7.421605,7,11
11.674637,7,12
0.082384,8,1
16.902461,8,2
109.022272,8,3
13.059544,8,4
6.920608,8,5
14.738771,8,6
9.383493,8,7
34.990461,8,9
19.677691,8,10
24.382619,8,11
86.877339,8,12
0.517128,9,1
27.694773,9,2
44.388635,9,3
32.38588,9,4
12.240971,9,5
51.456453,9,6
12.996349,9,7
65.688789,9,8
5.833867,9,10
16.044347,9,11
82.028509,9,12
0.807827,10,2
0.111069,10,3
15.013496,10,4
0.053333,10,5
0.33432,10,6
0.026667,10,7
30.198771,10,8
0.444139,10,9
33.557661,10,11
0.887021,10,12
0.097904,11,1
14.247229,11,2
38.382888,11,3
10.73272,11,4
12.512811,11,5
15.421907,11,6
7.476653,11,7
14.080003,11,8
22.758003,11,9
3.635619,11,10
21.66152,11,12
8.310832,12,1
127.783941,12,2
117.385336,12,3
63.79744,12,4
20.762869,12,5
58.377328,12,6
16.16016,12,7
116.180915,12,8
168.044603,12,9
4.682208,12,10
39.84748,12,11
succeed
0.0,0.109571,0.590392,0.0,0.184381,0.053333,0.065643,0.341301,2.399501,0.070581,0.053333,0.657861
0.196381,0.0,9.871893,11.687355,49.161299,36.350731,3.315936,15.539061,10.238115,0.56652,7.279603,34.295893
0.333211,26.554195,0.0,63.651848,15.638725,80.004544,16.314419,29.580115,13.46484,1.304536,14.012243,35.908165
0.319253,21.751296,87.462779,0.0,23.524384,34.066368,18.808763,40.421115,14.955371,9.976899,21.267936,64.236035
2.24228,4.958035,17.052027,3.502877,0.0,3.8732,2.230661,3.105211,4.844381,0.445888,1.633603,5.118611
0.104477,17.222581,76.952669,9.0034,21.113755,0.0,18.430152,31.776821,24.3528,5.469133,6.417104,33.291856
0.136952,2.519139,21.184085,10.979539,11.953827,24.665325,0.0,6.927243,3.947277,3.455952,7.421605,11.674637
0.082384,16.902461,109.022272,13.059544,6.920608,14.738771,9.383493,0.0,34.990461,19.677691,24.382619,86.877339
0.517128,27.694773,44.388635,32.38588,12.240971,51.456453,12.996349,65.688789,0.0,5.833867,16.044347,82.028509
0.0,0.807827,0.111069,15.013496,0.053333,0.33432,0.026667,30.198771,0.444139,0.0,33.557661,0.887021
0.097904,14.247229,38.382888,10.73272,12.512811,15.421907,7.476653,14.080003,22.758003,3.635619,0.0,21.66152
8.310832,127.783941,117.385336,63.79744,20.762869,58.377328,16.16016,116.180915,168.044603,4.682208,39.84748,0.0
