3663.943021
0.650259,1,2
1.472851,1,3
1.861232,1,5
0.148992,1,6
0.131723,1,7
0.170224,1,9
0.026667,1,11
1.808592,1,12
33.133227,2,3
59.824712,2,5
25.810549,2,6
4.957955,2,7
0.094149,2,8
20.329837,2,9
1.093565,2,11
36.176051,2,12
43.618603,3,2
41.508845,3,4
137.947131,3,5
74.199195,3,6
37.279011,3,7
0.226333,3,8
66.914723,3,9
1.993581,3,11
47.914563,3,12
6.696976,4,2
49.410571,4,3
37.819115,4,5
40.561853,4,6
14.081021,4,7
0.026667,4,8
24.951507,4,9
11.675941,4,10
2.062645,4,11
40.666675,4,12
36.226027,5,2
2.174384,5,3
0.120123,5,6
0.026667,5,8
9.115829,5,9
0.160517,5,11
97.221736,5,12
23.390051,6,2
113.491699,6,3
14.448496,6,4
76.728125,6,5
9.101051,6,7
66.407968,6,9
0.466944,6,10
1.668595,6,11
42.72388,6,12
5.716824,7,2
29.278771,7,3
8.847664,7,4
21.088456,7,5
12.084896,7,6
7.223725,7,9
0.715296,7,11
16.250912,7,12
31.323189,8,2
4.585387,8,3
26.043243,8,4
238.275205,8,5
0.480859,8,6
0.899965,8,7
80.260901,8,9
8.238621,8,10
33.940349,8,11
90.297984,8,12
35.123472,9,2
115.525531,9,3
38.640595,9,4
158.189904,9,5
95.018421,9,6
22.963589,9,7
0.785856,9,8
1.765549,9,10
6.458083,9,11
140.367208,9,12
0.70168,10,2
0.118699,10,3
11.244333,10,4
12.792629,10,5
0.071659,10,6
0.881125,10,7
43.770469,10,8
2.211699,10,9
53.966947,10,11
1.846088,10,12
7.872637,11,2
2.139203,11,3
4.059072,11,4
33.11252,11,5
0.026667,11,6
4.130472,11,7
29.092861,11,8
11.268688,11,9
4.590096,11,10
11.623387,11,12
132.99008,12,2
129.861109,12,3
5.76576,12,4
313.860027,12,5
83.328123,12,6
20.788677,12,7
0.325845,12,8
145.216488,12,9
0.08,12,10
5.097893,12,11
succeed
0.0,0.650259,1.472851,0.0,1.861232,0.148992,0.131723,0.0,0.170224,0.0,0.026667,1.808592
0.0,0.0,33.133227,0.0,59.824712,25.810549,4.957955,0.094149,20.329837,0.0,1.093565,36.176051
0.0,43.618603,0.0,41.508845,137.947131,74.199195,37.279011,0.226333,66.914723,0.0,1.993581,47.914563
0.0,6.696976,49.410571,0.0,37.819115,40.561853,14.081021,0.026667,24.951507,11.675941,2.062645,40.666675
0.0,36.226027,2.174384,0.0,0.0,0.120123,0.0,0.026667,9.115829,0.0,0.160517,97.221736
0.0,23.390051,113.491699,14.448496,76.728125,0.0,9.101051,0.0,66.407968,0.466944,1.668595,42.72388
0.0,5.716824,29.278771,8.847664,21.088456,12.084896,0.0,0.0,7.223725,0.0,0.715296,16.250912
0.0,31.323189,4.585387,26.043243,238.275205,0.480859,0.899965,0.0,80.260901,8.238621,33.940349,90.297984
0.0,35.123472,115.525531,38.640595,158.189904,95.018421,22.963589,0.785856,0.0,1.765549,6.458083,140.367208
0.0,0.70168,0.118699,11.244333,12.792629,0.071659,0.881125,43.770469,2.211699,0.0,53.966947,1.846088
0.0,7.872637,2.139203,4.059072,33.11252,0.026667,4.130472,29.092861,11.268688,4.590096,0.0,11.623387
0.0,132.99008,129.861109,5.76576,313.860027,83.328123,20.788677,0.325845,145.216488,0.08,5.097893,0.0
