2544.7221720000002
0.026667,1,2
0.08,1,3
0.120693,1,4
0.115387,1,5
0.214099,1,6
0.047816,1,7
0.203419,1,8
0.287456,1,9
0.013333,1,10
0.026667,1,11
0.426323,1,12
0.12392,2,1
8.287219,2,3
6.171741,2,4
6.611237,2,5
18.856667,2,6
14.976789,2,7
16.624905,2,8
5.079405,2,9
1.992665,2,10
3.971131,2,11
28.035285,2,12
0.429149,3,1
14.240467,3,2
10.888904,3,4
16.862163,3,5
47.851091,3,6
13.515648,3,7
37.123907,3,8
39.053421,3,9
2.80264,3,10
6.413677,3,11
27.440733,3,12
0.241595,4,1
1.942125,4,2
69.24152,4,3
19.98696,4,5
38.188595,4,6
32.159155,4,7
9.299408,4,8
21.196685,4,9
17.950869,4,10
25.428387,4,11
57.114973,4,12
3.423229,5,1
5.37988,5,2
14.155243,5,3
2.778776,5,4
7.04492,5,6
4.065685,5,7
4.693469,5,8
5.116112,5,9
0.283315,5,10
1.520515,5,11
7.183315,5,12
0.201275,6,1
23.563283,6,2
62.169949,6,3
17.112429,6,4
33.315565,6,5
13.115101,6,7
18.026344,6,8
15.841664,6,9
2.236237,6,10
17.315917,6,11
22.155221,6,12
0.418307,7,1
4.092267,7,2
18.996093,7,3
15.002448,7,4
4.499288,7,5
16.095136,7,6
4.175685,7,8
2.8022,7,9
2.794461,7,10
4.99852,7,11
16.756227,7,12
0.113523,8,1
32.446168,8,2
90.21316,8,3
16.933112,8,4
10.243403,8,5
20.662813,8,6
7.522557,8,7
52.358504,8,9
30.250195,8,10
22.552653,8,11
38.856931,8,12
0.966499,9,1
27.142832,9,2
30.519605,9,3
38.056816,9,4
10.171507,9,5
53.648323,9,6
13.665797,9,7
59.354203,9,8
3.742712,9,10
18.371923,9,11
79.747971,9,12
0.111408,10,2
0.026667,10,3
5.379232,10,4
0.320643,10,5
0.391525,10,6
29.558259,10,8
0.264235,10,9
25.391515,10,11
0.263477,10,12
0.510293,11,1
12.053501,11,2
40.341973,11,3
6.445389,11,4
4.449421,11,5
20.504715,11,6
4.076539,11,7
14.863571,11,8
17.723885,11,9
4.759381,11,10
15.011381,11,12
0.876507,12,1
112.546064,12,2
77.942501,12,3
52.618819,12,4
34.828171,12,5
62.216739,12,6
38.113155,12,7
43.6476,12,8
188.946531,12,9
4.105469,12,10
75.899427,12,11
succeed
0.0,0.026667,0.08,0.120693,0.115387,0.214099,0.047816,0.203419,0.287456,0.013333,0.026667,0.426323
0.12392,0.0,8.287219,6.171741,6.611237,18.856667,14.976789,16.624905,5.079405,1.992665,3.971131,28.035285
0.429149,14.240467,0.0,10.888904,16.862163,47.851091,13.515648,37.123907,39.053421,2.80264,6.413677,27.440733
0.241595,1.942125,69.24152,0.0,19.98696,38.188595,32.159155,9.299408,21.196685,17.950869,25.428387,57.114973
3.423229,5.37988,14.155243,2.778776,0.0,7.04492,4.065685,4.693469,5.116112,0.283315,1.520515,7.183315
0.201275,23.563283,62.169949,17.112429,33.315565,0.0,13.115101,18.026344,15.841664,2.236237,17.315917,22.155221
0.418307,4.092267,18.996093,15.002448,4.499288,16.095136,0.0,4.175685,2.8022,2.794461,4.99852,16.756227
0.113523,32.446168,90.21316,16.933112,10.243403,20.662813,7.522557,0.0,52.358504,30.250195,22.552653,38.856931
0.966499,27.142832,30.519605,38.056816,10.171507,53.648323,13.665797,59.354203,0.0,3.742712,18.371923,79.747971
0.0,0.111408,0.026667,5.379232,0.320643,0.391525,0.0,29.558259,0.264235,0.0,25.391515,0.263477
0.510293,12.053501,40.341973,6.445389,4.449421,20.504715,4.076539,14.863571,17.723885,4.759381,0.0,15.011381
0.876507,112.546064,77.942501,52.618819,34.828171,62.216739,38.113155,43.6476,188.946531,4.105469,75.899427,0.0
