1703.908613
0.2034,1,2
0.343541,1,3
0.026667,1,4
0.126184,1,5
0.08,1,6
0.053333,1,7
0.299664,1,8
0.122811,1,9
0.013333,1,10
0.209,1,11
0.783659,1,12
0.177827,2,1
8.233576,2,3
5.338251,2,4
0.756872,2,5
19.315381,2,6
1.53732,2,7
17.137796,2,8
7.312261,2,9
0.109479,2,10
4.756915,2,11
48.815328,2,12
0.315557,3,1
9.860499,3,2
4.471163,3,4
4.956832,3,5
38.258389,3,6
16.864717,3,7
85.925931,3,8
8.32172,3,9
1.849093,3,10
7.839072,3,11
12.203709,3,12
0.205736,4,1
4.501171,4,2
24.934187,4,3
15.975499,4,5
9.96932,4,6
8.261557,4,7
14.354365,4,8
10.944797,4,9
5.274629,4,10
11.815675,4,11
19.075837,4,12
1.336621,5,1
0.976565,5,2
9.189365,5,3
1.090861,5,4
1.618419,5,6
3.631701,5,7
2.951211,5,8
1.444085,5,9
2.25236,5,11
3.346915,5,12
0.179499,6,1
4.167293,6,2
45.327955,6,3
3.549029,6,4
0.990496,6,5
1.965936,6,7
10.026317,6,8
4.407688,6,9
0.352027,6,10
16.299203,6,11
7.930259,6,12
0.117509,7,1
0.774573,7,2
17.517544,7,3
9.208147,7,4
4.767328,7,5
14.910728,7,6
3.007821,7,8
2.779536,7,9
2.76144,7,10
4.434896,7,11
11.630285,7,12
0.159563,8,1
6.889568,8,2
52.496819,8,3
27.255165,8,4
1.667683,8,5
4.961163,8,6
5.139293,8,7
20.504829,8,9
11.541648,8,10
23.707997,8,11
43.143301,8,12
1.827624,9,1
16.816064,9,2
21.291803,9,3
9.19676,9,4
7.338285,9,5
10.962933,9,6
8.629157,9,7
58.32644,9,8
0.963483,9,10
14.845819,9,11
39.422477,9,12
0.06,10,2
17.451336,10,4
0.026667,10,5
0.39784,10,6
14.857704,10,8
0.098504,10,9
25.984965,10,11
0.08,10,12
0.620552,11,1
11.877848,11,2
18.899917,11,3
6.368099,11,4
2.979613,11,5
8.053803,11,6
6.144643,11,7
28.927821,11,8
10.601669,11,9
1.286003,11,10
13.358301,11,12
0.615205,12,1
110.686875,12,2
47.565077,12,3
39.115336,12,4
14.760016,12,5
42.015493,12,6
9.739872,12,7
143.179859,12,8
75.608059,12,9
7.208144,12,10
31.375853,12,11
succeed
0.0,0.2034,0.343541,0.026667,0.126184,0.08,0.053333,0.299664,0.122811,0.013333,0.209,0.783659
0.177827,0.0,8.233576,5.338251,0.756872,19.315381,1.53732,17.137796,7.312261,0.109479,4.756915,48.815328
0.315557,9.860499,0.0,4.471163,4.956832,38.258389,16.864717,85.925931,8.32172,1.849093,7.839072,12.203709
0.205736,4.501171,24.934187,0.0,15.975499,9.96932,8.261557,14.354365,10.944797,5.274629,11.815675,19.075837
1.336621,0.976565,9.189365,1.090861,0.0,1.618419,3.631701,2.951211,1.444085,0.0,2.25236,3.346915
0.179499,4.167293,45.327955,3.549029,0.990496,0.0,1.965936,10.026317,4.407688,0.352027,16.299203,7.930259
0.117509,0.774573,17.517544,9.208147,4.767328,14.910728,0.0,3.007821,2.779536,2.76144,4.434896,11.630285
0.159563,6.889568,52.496819,27.255165,1.667683,4.961163,5.139293,0.0,20.504829,11.541648,23.707997,43.143301
1.827624,16.816064,21.291803,9.19676,7.338285,10.962933,8.629157,58.32644,0.0,0.963483,14.845819,39.422477
0.0,0.06,0.0,17.451336,0.026667,0.39784,0.0,14.857704,0.098504,0.0,25.984965,0.08
0.620552,11.877848,18.899917,6.368099,2.979613,8.053803,6.144643,28.927821,10.601669,1.286003,0.0,13.358301
0.615205,110.686875,47.565077,39.115336,14.760016,42.015493,9.739872,143.179859,75.608059,7.208144,31.375853,0.0
