2652.939758
0.114904,1,3
0.026667,1,6
0.195525,1,8
0.08,1,9
0.063312,1,10
0.026667,1,11
1.062981,1,12
0.228275,2,1
11.719285,2,3
4.378549,2,4
19.061325,2,5
20.369371,2,6
2.406669,2,7
20.636299,2,8
14.306611,2,9
0.091976,2,10
5.828877,2,11
23.296864,2,12
0.05696,3,1
22.8386,3,2
25.165581,3,4
13.076709,3,5
50.125501,3,6
11.933205,3,7
63.238453,3,8
16.786829,3,9
1.1712,3,10
11.69836,3,11
15.08604,3,12
0.143413,4,1
8.58996,4,2
46.351717,4,3
26.544725,4,5
32.065496,4,6
19.544651,4,7
17.945219,4,8
17.526872,4,9
8.864709,4,10
10.771237,4,11
33.340312,4,12
0.314429,5,1
7.97632,5,2
10.218195,5,3
2.68492,5,4
2.340968,5,6
4.611416,5,7
23.916571,5,8
3.427405,5,9
2.881181,5,11
3.332965,5,12
0.026667,6,1
17.927093,6,2
91.815805,6,3
12.421232,6,4
5.407755,6,5
3.235013,6,7
60.931517,6,8
33.611499,6,9
1.818512,6,10
17.541525,6,11
15.327819,6,12
0.046869,7,1
2.690608,7,2
21.870315,7,3
10.316099,7,4
5.360211,7,5
12.918557,7,6
5.760867,7,8
1.147832,7,9
0.079267,7,10
5.692011,7,11
13.267736,7,12
0.027469,8,1
22.667283,8,2
130.803243,8,3
8.718301,8,4
27.962256,8,5
37.351013,8,6
5.782571,8,7
55.509877,8,9
17.378525,8,10
47.591227,8,11
89.273979,8,12
0.466685,9,1
29.987021,9,2
47.303184,9,3
31.147856,9,4
16.438864,9,5
18.556688,9,6
8.978811,9,7
101.578651,9,8
1.719765,9,10
30.161859,9,11
58.438635,9,12
11.633405,10,2
1.17436,10,3
6.121027,10,4
0.035221,10,5
0.352909,10,6
52.073336,10,8
0.785768,10,9
31.520275,10,11
0.026667,10,12
0.071424,11,1
11.969104,11,2
13.248213,11,3
1.568235,11,4
4.455765,11,5
6.725829,11,6
6.845632,11,7
54.378989,11,8
16.034997,11,9
7.135232,11,10
9.005549,11,12
2.114635,12,1
89.780272,12,2
81.538411,12,3
59.061261,12,4
39.532632,12,5
30.266928,12,6
13.086643,12,7
156.181869,12,8
135.83596,12,9
6.177757,12,10
38.678605,12,11
succeed
0.0,0.0,0.114904,0.0,0.0,0.026667,0.0,0.195525,0.08,0.063312,0.026667,1.062981
0.228275,0.0,11.719285,4.378549,19.061325,20.369371,2.406669,20.636299,14.306611,0.091976,5.828877,23.296864
0.05696,22.8386,0.0,25.165581,13.076709,50.125501,11.933205,63.238453,16.786829,1.1712,11.69836,15.08604
0.143413,8.58996,46.351717,0.0,26.544725,32.065496,19.544651,17.945219,17.526872,8.864709,10.771237,33.340312
0.314429,7.97632,10.218195,2.68492,0.0,2.340968,4.611416,23.916571,3.427405,0.0,2.881181,3.332965
0.026667,17.927093,91.815805,12.421232,5.407755,0.0,3.235013,60.931517,33.611499,1.818512,17.541525,15.327819
0.046869,2.690608,21.870315,10.316099,5.360211,12.918557,0.0,5.760867,1.147832,0.079267,5.692011,13.267736
0.027469,22.667283,130.803243,8.718301,27.962256,37.351013,5.782571,0.0,55.509877,17.378525,47.591227,89.273979
0.466685,29.987021,47.303184,31.147856,16.438864,18.556688,8.978811,101.578651,0.0,1.719765,30.161859,58.438635
0.0,11.633405,1.17436,6.121027,0.035221,0.352909,0.0,52.073336,0.785768,0.0,31.520275,0.026667
0.071424,11.969104,13.248213,1.568235,4.455765,6.725829,6.845632,54.378989,16.034997,7.135232,0.0,9.005549
2.114635,89.780272,81.538411,59.061261,39.532632,30.266928,13.086643,156.181869,135.83596,6.177757,38.678605,0.0
