3498.36509
1.059443,1,2
1.033371,1,3
1.242296,1,5
1.006525,1,6
0.288213,1,7
1.077485,1,9
0.026667,1,11
3.338227,1,12
28.698957,2,3
0.026667,2,4
32.340499,2,5
24.485581,2,6
2.993408,2,7
16.779733,2,9
0.116235,2,10
0.814051,2,11
88.060995,2,12
19.421904,3,2
19.145229,3,4
134.269896,3,5
54.777245,3,6
13.927739,3,7
0.237456,3,8
37.231592,3,9
0.088075,3,10
0.794224,3,11
41.538781,3,12
12.393835,4,2
75.715547,4,3
41.926936,4,5
31.802787,4,6
15.946869,4,7
0.026667,4,8
18.261056,4,9
17.267011,4,10
0.133333,4,11
44.010043,4,12
61.389288,5,2
1.822835,5,3
0.08,5,6
0.026667,5,7
8.206432,5,9
0.053333,5,11
108.027752,5,12
24.377549,6,2
193.261555,6,3
6.952248,6,4
39.897672,6,5
11.140925,6,7
50.093445,6,9
0.869509,6,10
0.436229,6,11
33.236915,6,12
7.237432,7,2
37.948317,7,3
3.989083,7,4
13.463819,7,5
17.735299,7,6
16.4496,7,9
0.026667,7,10
0.239315,7,11
13.076384,7,12
52.656976,8,2
22.874293,8,3
10.392712,8,4
248.328184,8,5
0.494968,8,6
0.579512,8,7
82.071328,8,9
17.224333,8,10
21.230632,8,11
101.231467,8,12
62.124445,9,2
107.451597,9,3
37.237453,9,4
113.981045,9,5
46.489923,9,6
27.471733,9,7
0.084707,9,8
0.026667,9,10
2.492888,9,11
140.922267,9,12
0.633451,10,2
1.071549,10,3
13.837595,10,4
4.892011,10,5
0.449445,10,7
45.359539,10,8
0.877717,10,9
43.951629,10,11
0.361581,10,12
17.890363,11,2
5.667989,11,3
5.533539,11,4
65.630573,11,5
0.588915,11,6
5.035931,11,7
19.127739,11,8
9.915795,11,9
17.804888,11,10
13.608192,11,12
109.034144,12,2
127.323976,12,3
5.328947,12,4
214.241573,12,5
45.84184,12,6
28.503331,12,7
0.125059,12,8
163.534483,12,9
0.642923,12,10
3.840395,12,11
succeed
0.0,1.059443,1.033371,0.0,1.242296,1.006525,0.288213,0.0,1.077485,0.0,0.026667,3.338227
0.0,0.0,28.698957,0.026667,32.340499,24.485581,2.993408,0.0,16.779733,0.116235,0.814051,88.060995
0.0,19.421904,0.0,19.145229,134.269896,54.777245,13.927739,0.237456,37.231592,0.088075,0.794224,41.538781
0.0,12.393835,75.715547,0.0,41.926936,31.802787,15.946869,0.026667,18.261056,17.267011,0.133333,44.010043
0.0,61.389288,1.822835,0.0,0.0,0.08,0.026667,0.0,8.206432,0.0,0.053333,108.027752
0.0,24.377549,193.261555,6.952248,39.897672,0.0,11.140925,0.0,50.093445,0.869509,0.436229,33.236915
0.0,7.237432,37.948317,3.989083,13.463819,17.735299,0.0,0.0,16.4496,0.026667,0.239315,13.076384
0.0,52.656976,22.874293,10.392712,248.328184,0.494968,0.579512,0.0,82.071328,17.224333,21.230632,101.231467
0.0,62.124445,107.451597,37.237453,113.981045,46.489923,27.471733,0.084707,0.0,0.026667,2.492888,140.922267
0.0,0.633451,1.071549,13.837595,4.892011,0.0,0.449445,45.359539,0.877717,0.0,43.951629,0.361581
0.0,17.890363,5.667989,5.533539,65.630573,0.588915,5.035931,19.127739,9.915795,17.804888,0.0,13.608192
0.0,109.034144,127.323976,5.328947,214.241573,45.84184,28.503331,0.125059,163.534483,0.642923,3.840395,0.0
