5962.364006
0.595299,1,2
0.195803,1,3
0.518805,1,4
0.028392,1,5
0.290619,1,6
0.189509,1,7
0.787563,1,8
1.593952,1,9
0.026667,1,10
0.056123,1,11
0.930064,1,12
1.554355,2,1
25.779955,2,3
6.211845,2,4
3.839376,2,5
23.266288,2,6
1.844069,2,7
40.366432,2,8
9.907027,2,9
0.717651,2,10
3.560907,2,11
38.422952,2,12
2.130701,3,1
21.574237,3,2
27.114237,3,4
57.944877,3,5
68.609235,3,6
14.140627,3,7
2027.500533,3,8
22.06828,3,9
3.300053,3,10
8.788256,3,11
39.835571,3,12
0.229733,4,1
8.498616,4,2
67.487693,4,3
20.533464,4,5
33.203251,4,6
19.320059,4,7
7.183843,4,8
15.706515,4,9
9.628861,4,10
11.861909,4,11
48.994659,4,12
1.619101,5,1
2.919053,5,2
24.028965,5,3
4.117987,5,4
6.638963,5,6
4.580835,5,7
8.702219,5,8
6.688541,5,9
2.866131,5,10
2.692805,5,11
10.742645,5,12
0.544107,6,1
20.577891,6,2
124.926253,6,3
22.505552,6,4
6.305173,6,5
8.314032,6,7
68.576003,6,8
51.054509,6,9
4.414147,6,10
12.994083,6,11
45.475912,6,12
0.611747,7,1
2.01156,7,2
21.180197,7,3
9.835144,7,4
3.702387,7,5
17.683083,7,6
8.592971,7,8
8.065413,7,9
0.706979,7,10
2.441195,7,11
16.907832,7,12
1.627309,8,1
17.141544,8,2
1081.179467,8,3
12.610384,8,4
14.019368,8,5
49.817579,8,6
11.662061,8,7
87.747827,8,9
12.175515,8,10
36.948435,8,11
94.560661,8,12
3.373267,9,1
35.585173,9,2
40.952213,9,3
35.98508,9,4
19.342211,9,5
52.639936,9,6
23.535144,9,7
78.801528,9,8
6.945,9,10
25.184627,9,11
138.819061,9,12
0.287357,10,1
0.154104,10,2
1.390896,10,3
8.572275,10,4
0.677384,10,5
5.837987,10,6
1.294757,10,7
37.208597,10,8
0.895843,10,9
58.249451,10,11
0.919035,10,12
0.207659,11,1
8.956136,11,2
8.607635,11,3
4.25404,11,4
7.082355,11,5
11.900544,11,6
5.376451,11,7
22.011904,11,8
12.344317,11,9
4.893125,11,10
14.103869,11,12
2.692637,12,1
95.167451,12,2
67.465437,12,3
54.059123,12,4
31.527533,12,5
58.77596,12,6
17.13352,12,7
97.210717,12,8
171.008701,12,9
16.024757,12,10
26.056781,12,11
succeed
0.0,0.595299,0.195803,0.518805,0.028392,0.290619,0.189509,0.787563,1.593952,0.026667,0.056123,0.930064
1.554355,0.0,25.779955,6.211845,3.839376,23.266288,1.844069,40.366432,9.907027,0.717651,3.560907,38.422952
2.130701,21.574237,0.0,27.114237,57.944877,68.609235,14.140627,2027.500533,22.06828,3.300053,8.788256,39.835571
0.229733,8.498616,67.487693,0.0,20.533464,33.203251,19.320059,7.183843,15.706515,9.628861,11.861909,48.994659
1.619101,2.919053,24.028965,4.117987,0.0,6.638963,4.580835,8.702219,6.688541,2.866131,2.692805,10.742645
0.544107,20.577891,124.926253,22.505552,6.305173,0.0,8.314032,68.576003,51.054509,4.414147,12.994083,45.475912
0.611747,2.01156,21.180197,9.835144,3.702387,17.683083,0.0,8.592971,8.065413,0.706979,2.441195,16.907832
1.627309,17.141544,1081.179467,12.610384,14.019368,49.817579,11.662061,0.0,87.747827,12.175515,36.948435,94.560661
3.373267,35.585173,40.952213,35.98508,19.342211,52.639936,23.535144,78.801528,0.0,6.945,25.184627,138.819061
0.287357,0.154104,1.390896,8.572275,0.677384,5.837987,1.294757,37.208597,0.895843,0.0,58.249451,0.919035
0.207659,8.956136,8.607635,4.25404,7.082355,11.900544,5.376451,22.011904,12.344317,4.893125,0.0,14.103869
2.692637,95.167451,67.465437,54.059123,31.527533,58.77596,17.13352,97.210717,171.008701,16.024757,26.056781,0.0
