2016.410039
0.169408,1,2
0.797589,1,3
0.053333,1,4
0.087997,1,5
0.198547,1,6
0.304139,1,7
0.648253,1,8
0.106667,1,9
0.013333,1,10
0.457531,1,11
0.400576,1,12
0.075909,2,1
14.891176,2,3
6.876197,2,4
33.661923,2,5
15.335432,2,6
4.560757,2,7
16.885027,2,8
4.179595,2,9
0.281952,2,10
16.196392,2,11
44.08864,2,12
0.583688,3,1
34.203552,3,2
8.779827,3,4
10.663475,3,5
40.478896,3,6
11.836029,3,7
27.742835,3,8
9.392299,3,9
1.588736,3,10
26.799131,3,11
18.175464,3,12
0.534491,4,1
5.974267,4,2
25.601803,4,3
21.665416,4,5
11.960909,4,6
16.323096,4,7
7.597656,4,8
5.927747,4,9
36.692688,4,10
23.119773,4,11
25.091317,4,12
0.475013,5,1
11.834355,5,2
10.542765,5,3
1.323845,5,4
1.542651,5,6
4.426739,5,7
6.086269,5,8
1.901677,5,9
0.026667,5,10
11.041355,5,11
4.58196,5,12
0.066731,6,1
6.569467,6,2
23.963352,6,3
12.770752,6,4
4.172189,6,5
7.433837,6,7
14.807248,6,8
7.712109,6,9
0.356619,6,10
27.839997,6,11
20.016693,6,12
0.638688,7,1
4.291512,7,2
17.847608,7,3
16.530419,7,4
4.511819,7,5
16.888893,7,6
4.298333,7,8
6.63304,7,9
2.971216,7,10
11.853104,7,11
17.513736,7,12
0.123835,8,1
16.050317,8,2
43.189829,8,3
23.084365,8,4
2.941288,8,5
18.078389,8,6
9.271035,8,7
25.061747,8,9
13.992731,8,10
66.107131,8,11
57.032485,8,12
1.057899,9,1
27.355272,9,2
15.189496,9,3
14.109275,9,4
8.218069,9,5
18.798637,9,6
8.990357,9,7
54.145152,9,8
0.922427,9,10
25.098829,9,11
55.014696,9,12
0.026667,10,3
1.464685,10,4
0.322005,10,6
12.889259,10,8
0.072029,10,9
30.56616,10,11
0.053333,10,12
0.352507,11,1
20.068568,11,2
23.652509,11,3
10.932304,11,4
5.121283,11,5
15.814328,11,6
11.838605,11,7
27.055387,11,8
8.636139,11,9
2.815957,11,10
11.110811,11,12
0.114915,12,1
85.019235,12,2
95.22508,12,3
59.992776,12,4
17.132699,12,5
44.008613,12,6
20.770619,12,7
33.50988,12,8
94.666501,12,9
1.267243,12,10
63.602555,12,11
succeed
0.0,0.169408,0.797589,0.053333,0.087997,0.198547,0.304139,0.648253,0.106667,0.013333,0.457531,0.400576
0.075909,0.0,14.891176,6.876197,33.661923,15.335432,4.560757,16.885027,4.179595,0.281952,16.196392,44.08864
0.583688,34.203552,0.0,8.779827,10.663475,40.478896,11.836029,27.742835,9.392299,1.588736,26.799131,18.175464
0.534491,5.974267,25.601803,0.0,21.665416,11.960909,16.323096,7.597656,5.927747,36.692688,23.119773,25.091317
0.475013,11.834355,10.542765,1.323845,0.0,1.542651,4.426739,6.086269,1.901677,0.026667,11.041355,4.58196
0.066731,6.569467,23.963352,12.770752,4.172189,0.0,7.433837,14.807248,7.712109,0.356619,27.839997,20.016693
0.638688,4.291512,17.847608,16.530419,4.511819,16.888893,0.0,4.298333,6.63304,2.971216,11.853104,17.513736
0.123835,16.050317,43.189829,23.084365,2.941288,18.078389,9.271035,0.0,25.061747,13.992731,66.107131,57.032485
1.057899,27.355272,15.189496,14.109275,8.218069,18.798637,8.990357,54.145152,0.0,0.922427,25.098829,55.014696
0.0,0.0,0.026667,1.464685,0.0,0.322005,0.0,12.889259,0.072029,0.0,30.56616,0.053333
0.352507,20.068568,23.652509,10.932304,5.121283,15.814328,11.838605,27.055387,8.636139,2.815957,0.0,11.110811
0.114915,85.019235,95.22508,59.992776,17.132699,44.008613,20.770619,33.50988,94.666501,1.267243,63.602555,0.0
