3073.249308
0.279656,1,2
0.238269,1,3
0.026667,1,4
0.108392,1,5
0.436227,1,6
0.563632,1,7
0.11124,1,8
0.258016,1,9
0.057483,1,10
0.026667,1,11
1.290752,1,12
0.217891,2,1
13.229699,2,3
6.751069,2,4
15.596256,2,5
20.017299,2,6
2.630584,2,7
23.895827,2,8
15.328461,2,9
2.129219,2,10
7.873072,2,11
52.062571,2,12
0.479904,3,1
38.270851,3,2
11.394347,3,4
12.234712,3,5
82.041629,3,6
26.105445,3,7
31.474149,3,8
16.897368,3,9
10.792197,3,10
12.892725,3,11
71.336616,3,12
0.153664,4,1
7.105293,4,2
53.892021,4,3
39.96156,4,5
37.586533,4,6
21.217136,4,7
47.509835,4,8
20.069989,4,9
23.483277,4,10
39.737664,4,11
52.992549,4,12
0.937875,5,1
30.925189,5,2
10.167352,5,3
2.580376,5,4
10.973979,5,6
6.822845,5,7
11.506733,5,8
3.811997,5,9
0.389549,5,10
3.229291,5,11
4.398757,5,12
0.349379,6,1
15.382005,6,2
87.367659,6,3
14.039797,6,4
3.267579,6,5
7.689541,6,7
11.685728,6,8
20.631011,6,9
2.687373,6,10
4.578064,6,11
21.941789,6,12
0.368723,7,1
5.202024,7,2
23.517232,7,3
7.127117,7,4
4.615224,7,5
16.239912,7,6
14.363701,7,8
3.198221,7,9
3.210811,7,10
5.010261,7,11
17.26908,7,12
1.137051,8,1
44.274605,8,2
108.336435,8,3
12.259739,8,4
10.462485,8,5
22.602493,8,6
9.214312,8,7
41.304907,8,9
44.840643,8,10
28.341483,8,11
102.595331,8,12
1.617717,9,1
28.846248,9,2
30.041824,9,3
37.751893,9,4
21.528987,9,5
28.411797,9,6
7.661637,9,7
74.15672,9,8
6.6082,9,10
22.283696,9,11
86.919595,9,12
0.032501,10,2
0.106667,10,3
8.627475,10,4
0.242579,10,5
0.345333,10,6
0.026667,10,7
36.009248,10,8
0.882184,10,9
41.626789,10,11
0.252917,10,12
0.268056,11,1
12.665219,11,2
29.760701,11,3
7.661709,11,4
5.695965,11,5
12.2856,11,6
6.264493,11,7
60.560264,11,8
13.063288,11,9
7.293605,11,10
15.814371,11,12
7.266872,12,1
183.233123,12,2
61.7264,12,3
55.984477,12,4
47.947088,12,5
89.288216,12,6
18.631781,12,7
130.940936,12,8
204.740533,12,9
12.191397,12,10
34.370469,12,11
succeed
0.0,0.279656,0.238269,0.026667,0.108392,0.436227,0.563632,0.11124,0.258016,0.057483,0.026667,1.290752
0.217891,0.0,13.229699,6.751069,15.596256,20.017299,2.630584,23.895827,15.328461,2.129219,7.873072,52.062571
0.479904,38.270851,0.0,11.394347,12.234712,82.041629,26.105445,31.474149,16.897368,10.792197,12.892725,71.336616
0.153664,7.105293,53.892021,0.0,39.96156,37.586533,21.217136,47.509835,20.069989,23.483277,39.737664,52.992549
0.937875,30.925189,10.167352,2.580376,0.0,10.973979,6.822845,11.506733,3.811997,0.389549,3.229291,4.398757
0.349379,15.382005,87.367659,14.039797,3.267579,0.0,7.689541,11.685728,20.631011,2.687373,4.578064,21.941789
0.368723,5.202024,23.517232,7.127117,4.615224,16.239912,0.0,14.363701,3.198221,3.210811,5.010261,17.26908
1.137051,44.274605,108.336435,12.259739,10.462485,22.602493,9.214312,0.0,41.304907,44.840643,28.341483,102.595331
1.617717,28.846248,30.041824,37.751893,21.528987,28.411797,7.661637,74.15672,0.0,6.6082,22.283696,86.919595
0.0,0.032501,0.106667,8.627475,0.242579,0.345333,0.026667,36.009248,0.882184,0.0,41.626789,0.252917
0.268056,12.665219,29.760701,7.661709,5.695965,12.2856,6.264493,60.560264,13.063288,7.293605,0.0,15.814371
7.266872,183.233123,61.7264,55.984477,47.947088,89.288216,18.631781,130.940936,204.740533,12.191397,34.370469,0.0
