3510.322464
0.828072,1,2
1.251632,1,3
0.090816,1,4
0.167379,1,5
2.112899,1,6
0.406445,1,7
1.427235,1,9
1.425059,1,11
1.57956,1,12
0.65124,2,1
21.025701,2,3
6.2344,2,4
16.185368,2,5
19.282485,2,6
9.941459,2,7
12.115929,2,8
8.919947,2,9
1.204623,2,10
19.500528,2,11
60.392117,2,12
1.086139,3,1
23.747728,3,2
21.434875,3,4
24.205965,3,5
59.254467,3,6
31.217883,3,7
52.121864,3,8
34.894568,3,9
4.750325,3,10
33.857435,3,11
38.841232,3,12
0.449067,4,1
10.538832,4,2
46.115909,4,3
18.564765,4,5
25.195573,4,6
20.567901,4,7
16.294859,4,8
7.413283,4,9
16.900032,4,10
24.677723,4,11
33.450051,4,12
0.364896,5,1
5.364045,5,2
18.681816,5,3
3.220955,5,4
5.981472,5,6
11.188851,5,7
3.479573,5,8
6.903408,5,9
1.342581,5,10
13.295315,5,11
8.878395,5,12
0.681589,6,1
19.268448,6,2
84.5752,6,3
21.057603,6,4
9.406003,6,5
7.574848,6,7
21.533093,6,8
16.13008,6,9
1.994069,6,10
49.262965,6,11
52.825581,6,12
0.835395,7,1
7.931181,7,2
34.287344,7,3
13.430872,7,4
4.731544,7,5
18.716288,7,6
3.900552,7,8
10.517269,7,9
2.325664,7,10
16.668165,7,11
16.973032,7,12
0.026667,8,1
12.33984,8,2
94.100848,8,3
33.832619,8,4
4.255192,8,5
16.479603,8,6
16.057592,8,7
34.835915,8,9
34.070696,8,10
70.664283,8,11
58.159189,8,12
1.887624,9,1
35.268323,9,2
54.742667,9,3
29.002677,9,4
11.684739,9,5
38.058411,9,6
23.118757,9,7
64.757773,9,8
3.560744,9,10
20.065256,9,11
152.161917,9,12
0.026667,10,1
0.08,10,2
0.263984,10,3
4.324229,10,4
0.160384,10,5
2.572245,10,6
0.107835,10,7
3.683563,10,8
0.074877,10,9
18.000861,10,11
0.121037,10,12
5.560437,11,1
63.071565,11,2
127.782024,11,3
35.584187,11,4
34.945011,11,5
112.671712,11,6
68.616677,11,7
14.80624,11,8
35.809235,11,9
9.016333,11,10
110.031675,11,12
3.625045,12,1
102.787029,12,2
83.916901,12,3
59.008312,12,4
42.57012,12,5
121.445571,12,6
24.920389,12,7
80.922816,12,8
244.433848,12,9
6.062568,12,10
60.536293,12,11
succeed
0.0,0.828072,1.251632,0.090816,0.167379,2.112899,0.406445,0.0,1.427235,0.0,1.425059,1.57956
0.65124,0.0,21.025701,6.2344,16.185368,19.282485,9.941459,12.115929,8.919947,1.204623,19.500528,60.392117
1.086139,23.747728,0.0,21.434875,24.205965,59.254467,31.217883,52.121864,34.894568,4.750325,33.857435,38.841232
0.449067,10.538832,46.115909,0.0,18.564765,25.195573,20.567901,16.294859,7.413283,16.900032,24.677723,33.450051
0.364896,5.364045,18.681816,3.220955,0.0,5.981472,11.188851,3.479573,6.903408,1.342581,13.295315,8.878395
0.681589,19.268448,84.5752,21.057603,9.406003,0.0,7.574848,21.533093,16.13008,1.994069,49.262965,52.825581
0.835395,7.931181,34.287344,13.430872,4.731544,18.716288,0.0,3.900552,10.517269,2.325664,16.668165,16.973032
0.026667,12.33984,94.100848,33.832619,4.255192,16.479603,16.057592,0.0,34.835915,34.070696,70.664283,58.159189
1.887624,35.268323,54.742667,29.002677,11.684739,38.058411,23.118757,64.757773,0.0,3.560744,20.065256,152.161917
0.026667,0.08,0.263984,4.324229,0.160384,2.572245,0.107835,3.683563,0.074877,0.0,18.000861,0.121037
5.560437,63.071565,127.782024,35.584187,34.945011,112.671712,68.616677,14.80624,35.809235,9.016333,0.0,110.031675
3.625045,102.787029,83.916901,59.008312,42.57012,121.445571,24.920389,80.922816,244.433848,6.062568,60.536293,0.0
