2876.994957
0.547035,1,2
0.229963,1,3
0.277421,1,4
0.329176,1,5
0.471144,1,6
0.096373,1,7
0.396653,1,8
0.053333,1,9
0.09744,1,11
0.517768,1,12
1.102475,2,1
15.320363,2,3
3.880397,2,4
6.026464,2,5
15.397464,2,6
4.883059,2,7
21.909732,2,8
4.600605,2,9
1.021356,2,10
6.281621,2,11
77.121099,2,12
0.854835,3,1
11.753355,3,2
12.251317,3,4
10.231389,3,5
62.348728,3,6
11.313149,3,7
43.467517,3,8
22.719643,3,9
4.509787,3,10
20.741848,3,11
38.662219,3,12
1.249955,4,1
12.260232,4,2
53.160371,4,3
24.486904,4,5
32.18892,4,6
35.908373,4,7
35.056579,4,8
15.344968,4,9
33.531253,4,10
16.941165,4,11
45.964469,4,12
1.283024,5,1
7.949413,5,2
11.922011,5,3
6.633347,5,4
1.972285,5,6
4.695379,5,7
11.292579,5,8
1.888363,5,9
0.295349,5,10
1.265088,5,11
8.698301,5,12
0.339421,6,1
20.388755,6,2
56.083365,6,3
21.873221,6,4
28.598979,6,5
4.424771,6,7
17.77724,6,8
19.268472,6,9
1.636301,6,10
19.732445,6,11
37.486064,6,12
0.252808,7,1
8.260493,7,2
16.955523,7,3
13.458971,7,4
12.958451,7,5
15.169237,7,6
6.356109,7,8
2.851813,7,9
3.310173,7,10
4.289971,7,11
17.293243,7,12
0.323621,8,1
25.607128,8,2
102.488491,8,3
32.014891,8,4
9.74952,8,5
55.573715,8,6
5.822443,8,7
51.201408,8,9
21.778917,8,10
34.148187,8,11
39.700829,8,12
0.664307,9,1
38.791144,9,2
28.380171,9,3
36.137496,9,4
21.458653,9,5
49.470877,9,6
14.774725,9,7
68.366536,9,8
4.514808,9,10
16.973949,9,11
156.17,9,12
0.229472,10,2
5.274803,10,4
0.27632,10,5
0.769531,10,6
0.106667,10,7
45.147728,10,8
0.286763,10,9
25.080109,10,11
0.153512,10,12
0.057653,11,1
12.841579,11,2
25.802147,11,3
17.420515,11,4
5.432923,11,5
34.064224,11,6
5.388144,11,7
39.166477,11,8
9.176563,11,9
5.799128,11,10
12.758373,11,12
0.332861,12,1
155.492696,12,2
73.170717,12,3
67.998408,12,4
35.278328,12,5
66.23452,12,6
39.340557,12,7
79.102125,12,8
138.320149,12,9
6.043051,12,10
64.168216,12,11
succeed
0.0,0.547035,0.229963,0.277421,0.329176,0.471144,0.096373,0.396653,0.053333,0.0,0.09744,0.517768
1.102475,0.0,15.320363,3.880397,6.026464,15.397464,4.883059,21.909732,4.600605,1.021356,6.281621,77.121099
0.854835,11.753355,0.0,12.251317,10.231389,62.348728,11.313149,43.467517,22.719643,4.509787,20.741848,38.662219
1.249955,12.260232,53.160371,0.0,24.486904,32.18892,35.908373,35.056579,15.344968,33.531253,16.941165,45.964469
1.283024,7.949413,11.922011,6.633347,0.0,1.972285,4.695379,11.292579,1.888363,0.295349,1.265088,8.698301
0.339421,20.388755,56.083365,21.873221,28.598979,0.0,4.424771,17.77724,19.268472,1.636301,19.732445,37.486064
0.252808,8.260493,16.955523,13.458971,12.958451,15.169237,0.0,6.356109,2.851813,3.310173,4.289971,17.293243
0.323621,25.607128,102.488491,32.014891,9.74952,55.573715,5.822443,0.0,51.201408,21.778917,34.148187,39.700829
0.664307,38.791144,28.380171,36.137496,21.458653,49.470877,14.774725,68.366536,0.0,4.514808,16.973949,156.17
0.0,0.229472,0.0,5.274803,0.27632,0.769531,0.106667,45.147728,0.286763,0.0,25.080109,0.153512
0.057653,12.841579,25.802147,17.420515,5.432923,34.064224,5.388144,39.166477,9.176563,5.799128,0.0,12.758373
0.332861,155.492696,73.170717,67.998408,35.278328,66.23452,39.340557,79.102125,138.320149,6.043051,64.168216,0.0
