3238.34958
0.927819,1,2
0.180541,1,3
0.199805,1,4
0.179389,1,5
0.154419,1,6
0.081427,1,7
0.345339,1,8
0.08,1,9
0.181909,1,11
3.458035,1,12
0.320045,2,1
23.941725,2,3
3.693376,2,4
12.589275,2,5
24.494272,2,6
11.769653,2,7
29.2952,2,8
13.73804,2,9
1.124081,2,10
5.707411,2,11
50.681904,2,12
2.675051,3,1
32.717848,3,2
13.020101,3,4
15.549075,3,5
55.640264,3,6
22.885843,3,7
49.495877,3,8
42.622683,3,9
7.148349,3,10
15.702789,3,11
33.978619,3,12
0.31696,4,1
9.285675,4,2
61.306064,4,3
34.534147,4,5
37.347221,4,6
29.246467,4,7
43.264517,4,8
33.327763,4,9
15.290557,4,10
19.026984,4,11
48.134504,4,12
0.927267,5,1
14.99852,5,2
15.5096,5,3
3.911437,5,4
5.946019,5,6
2.464637,5,7
12.862605,5,8
9.077275,5,9
0.395893,5,10
2.134197,5,11
15.260707,5,12
0.168576,6,1
24.071323,6,2
59.308944,6,3
9.85396,6,4
9.216763,6,5
6.387059,6,7
23.669704,6,8
31.971352,6,9
2.918715,6,10
14.07364,6,11
39.305741,6,12
1.13916,7,1
4.316557,7,2
20.138515,7,3
12.382872,7,4
7.340149,7,5
18.45216,7,6
9.396781,7,8
3.937549,7,9
3.689197,7,10
4.894296,7,11
27.498283,7,12
0.860808,8,1
39.220477,8,2
103.349339,8,3
37.836544,8,4
12.327304,8,5
42.372944,8,6
19.609757,8,7
56.338557,8,9
47.581003,8,10
22.118416,8,11
115.168317,8,12
0.669416,9,1
30.602304,9,2
25.440499,9,3
38.207755,9,4
30.584595,9,5
31.337541,9,6
13.379533,9,7
72.870096,9,8
10.835557,9,10
26.001435,9,11
100.013853,9,12
0.026667,10,1
1.047227,10,2
0.266312,10,3
28.281139,10,4
0.161768,10,5
8.738424,10,6
0.026667,10,7
44.810299,10,8
4.549397,10,9
32.960984,10,11
1.13056,10,12
0.248133,11,1
18.800768,11,2
25.140653,11,3
9.725763,11,4
7.0774,11,5
18.286787,11,6
11.825395,11,7
25.084696,11,8
15.149688,11,9
9.755352,11,10
22.786325,11,12
2.339501,12,1
139.767677,12,2
86.005104,12,3
72.857768,12,4
27.479795,12,5
76.122752,12,6
27.971675,12,7
146.982389,12,8
217.863357,12,9
14.495923,12,10
40.576709,12,11
succeed
0.0,0.927819,0.180541,0.199805,0.179389,0.154419,0.081427,0.345339,0.08,0.0,0.181909,3.458035
0.320045,0.0,23.941725,3.693376,12.589275,24.494272,11.769653,29.2952,13.73804,1.124081,5.707411,50.681904
2.675051,32.717848,0.0,13.020101,15.549075,55.640264,22.885843,49.495877,42.622683,7.148349,15.702789,33.978619
0.31696,9.285675,61.306064,0.0,34.534147,37.347221,29.246467,43.264517,33.327763,15.290557,19.026984,48.134504
0.927267,14.99852,15.5096,3.911437,0.0,5.946019,2.464637,12.862605,9.077275,0.395893,2.134197,15.260707
0.168576,24.071323,59.308944,9.85396,9.216763,0.0,6.387059,23.669704,31.971352,2.918715,14.07364,39.305741
1.13916,4.316557,20.138515,12.382872,7.340149,18.45216,0.0,9.396781,3.937549,3.689197,4.894296,27.498283
0.860808,39.220477,103.349339,37.836544,12.327304,42.372944,19.609757,0.0,56.338557,47.581003,22.118416,115.168317
0.669416,30.602304,25.440499,38.207755,30.584595,31.337541,13.379533,72.870096,0.0,10.835557,26.001435,100.013853
0.026667,1.047227,0.266312,28.281139,0.161768,8.738424,0.026667,44.810299,4.549397,0.0,32.960984,1.13056
0.248133,18.800768,25.140653,9.725763,7.0774,18.286787,11.825395,25.084696,15.149688,9.755352,0.0,22.786325
2.339501,139.767677,86.005104,72.857768,27.479795,76.122752,27.971675,146.982389,217.863357,14.495923,40.576709,0.0
