2929.424193
0.692691,1,2
0.24156,1,3
0.026667,1,4
0.683885,1,5
0.327597,1,6
0.15848,1,9
1.736472,1,12
14.025259,2,3
0.149923,2,4
26.667152,2,5
22.432456,2,6
1.904,2,7
7.597088,2,9
0.026667,2,10
0.878605,2,11
53.394883,2,12
19.434837,3,2
19.961968,3,4
74.7264,3,5
86.010611,3,6
15.540501,3,7
0.663173,3,8
37.556789,3,9
0.081045,3,10
0.708856,3,11
27.371435,3,12
5.615717,4,2
55.771467,4,3
44.655176,4,5
36.567971,4,6
19.28812,4,7
16.660091,4,9
11.949779,4,10
1.783819,4,11
60.285192,4,12
30.067595,5,2
2.279285,5,3
0.026667,5,6
0.026667,5,8
3.167395,5,9
0.033387,5,10
0.08,5,11
85.813885,5,12
14.419211,6,2
123.312405,6,3
6.586747,6,4
62.448317,6,5
7.103797,6,7
0.053333,6,8
33.733344,6,9
0.158581,6,10
0.337024,6,11
56.87032,6,12
3.190539,7,2
30.998968,7,3
3.77912,7,4
19.199325,7,5
10.854493,7,6
5.273459,7,9
0.053333,7,10
0.366179,7,11
22.489869,7,12
21.441843,8,2
7.702723,8,3
28.345608,8,4
150.503547,8,5
0.877307,8,6
0.292235,8,7
72.74568,8,9
5.748507,8,10
25.671589,8,11
80.009115,8,12
32.924853,9,2
90.198221,9,3
42.160443,9,4
76.432696,9,5
59.985677,9,6
12.936072,9,7
1.714539,9,8
0.026667,9,10
1.229861,9,11
111.472656,9,12
0.170029,10,2
0.232133,10,3
12.627043,10,4
1.824555,10,5
0.170667,10,7
40.895816,10,8
1.504381,10,9
49.569747,10,11
0.432923,10,12
6.434819,11,2
2.671005,11,3
6.069779,11,4
19.993224,11,5
0.08,11,6
4.379848,11,7
16.195632,11,8
7.562677,11,9
2.032299,11,10
9.64964,11,12
109.698997,12,2
77.071643,12,3
9.023821,12,4
235.904496,12,5
83.433669,12,6
15.040155,12,7
0.026667,12,8
201.287728,12,9
0.07516,12,10
4.646224,12,11
succeed
0.0,0.692691,0.24156,0.026667,0.683885,0.327597,0.0,0.0,0.15848,0.0,0.0,1.736472
0.0,0.0,14.025259,0.149923,26.667152,22.432456,1.904,0.0,7.597088,0.026667,0.878605,53.394883
0.0,19.434837,0.0,19.961968,74.7264,86.010611,15.540501,0.663173,37.556789,0.081045,0.708856,27.371435
0.0,5.615717,55.771467,0.0,44.655176,36.567971,19.28812,0.0,16.660091,11.949779,1.783819,60.285192
0.0,30.067595,2.279285,0.0,0.0,0.026667,0.0,0.026667,3.167395,0.033387,0.08,85.813885
0.0,14.419211,123.312405,6.586747,62.448317,0.0,7.103797,0.053333,33.733344,0.158581,0.337024,56.87032
0.0,3.190539,30.998968,3.77912,19.199325,10.854493,0.0,0.0,5.273459,0.053333,0.366179,22.489869
0.0,21.441843,7.702723,28.345608,150.503547,0.877307,0.292235,0.0,72.74568,5.748507,25.671589,80.009115
0.0,32.924853,90.198221,42.160443,76.432696,59.985677,12.936072,1.714539,0.0,0.026667,1.229861,111.472656
0.0,0.170029,0.232133,12.627043,1.824555,0.0,0.170667,40.895816,1.504381,0.0,49.569747,0.432923
0.0,6.434819,2.671005,6.069779,19.993224,0.08,4.379848,16.195632,7.562677,2.032299,0.0,9.64964
0.0,109.698997,77.071643,9.023821,235.904496,83.433669,15.040155,0.026667,201.287728,0.07516,4.646224,0.0
