2326.764035
0.08,1,2
0.216936,1,3
0.037803,1,5
0.072341,1,6
0.053333,1,7
0.053333,1,8
0.026667,1,9
0.174368,1,11
0.722453,1,12
0.079003,2,1
11.725779,2,3
4.186312,2,4
20.214387,2,5
11.888675,2,6
0.538899,2,7
11.628508,2,8
6.083395,2,9
0.218175,2,10
4.921736,2,11
35.862824,2,12
0.136771,3,1
20.728773,3,2
11.528,3,4
5.385075,3,5
41.900683,3,6
3.92008,3,7
61.7548,3,8
134.0658,3,9
1.709712,3,10
4.005733,3,11
45.531469,3,12
0.233579,4,1
2.537621,4,2
31.243299,4,3
19.127739,4,5
26.260107,4,6
10.639837,4,7
6.147731,4,8
36.986752,4,9
8.79168,4,10
7.601421,4,11
37.962499,4,12
0.026667,5,1
13.374488,5,2
12.004595,5,3
0.841371,5,4
1.388656,5,6
1.614141,5,7
3.060411,5,8
3.373589,5,9
0.026667,5,10
3.807595,5,11
12.146893,5,12
21.376744,6,2
47.962512,6,3
13.421099,6,4
4.091781,6,5
8.053035,6,7
24.217259,6,8
67.526259,6,9
1.376813,6,10
9.106539,6,11
35.37132,6,12
0.053333,7,1
1.374288,7,2
7.254712,7,3
3.693837,7,4
3.742296,7,5
9.230392,7,6
4.20736,7,8
13.109563,7,9
2.180539,7,11
11.671189,7,12
0.911549,8,1
11.531141,8,2
49.064861,8,3
27.891205,8,4
6.908285,8,5
37.753248,8,6
7.843624,8,7
130.376877,8,9
11.057864,8,10
29.888461,8,11
86.063029,8,12
0.256437,9,1
26.369123,9,2
47.208115,9,3
24.754603,9,4
7.700861,9,5
27.971595,9,6
8.25336,9,7
82.007792,9,8
2.390485,9,10
21.843568,9,11
81.8422,9,12
8.049717,10,2
0.619051,10,3
2.575995,10,4
0.082027,10,5
0.186421,10,6
0.026667,10,7
35.998293,10,8
9.199232,10,9
33.530541,10,11
0.260779,10,12
0.33736,11,1
9.504656,11,2
7.654512,11,3
1.361624,11,4
2.428176,11,5
7.235515,11,6
4.029685,11,7
15.683616,11,8
18.750821,11,9
2.120949,11,10
5.053904,11,12
0.533,12,1
64.470544,12,2
69.625573,12,3
40.995813,12,4
9.759016,12,5
52.370339,12,6
9.177904,12,7
97.626301,12,8
96.914949,12,9
0.544797,12,10
22.497944,12,11
succeed
0.0,0.08,0.216936,0.0,0.037803,0.072341,0.053333,0.053333,0.026667,0.0,0.174368,0.722453
0.079003,0.0,11.725779,4.186312,20.214387,11.888675,0.538899,11.628508,6.083395,0.218175,4.921736,35.862824
0.136771,20.728773,0.0,11.528,5.385075,41.900683,3.92008,61.7548,134.0658,1.709712,4.005733,45.531469
0.233579,2.537621,31.243299,0.0,19.127739,26.260107,10.639837,6.147731,36.986752,8.79168,7.601421,37.962499
0.026667,13.374488,12.004595,0.841371,0.0,1.388656,1.614141,3.060411,3.373589,0.026667,3.807595,12.146893
0.0,21.376744,47.962512,13.421099,4.091781,0.0,8.053035,24.217259,67.526259,1.376813,9.106539,35.37132
0.053333,1.374288,7.254712,3.693837,3.742296,9.230392,0.0,4.20736,13.109563,0.0,2.180539,11.671189
0.911549,11.531141,49.064861,27.891205,6.908285,37.753248,7.843624,0.0,130.376877,11.057864,29.888461,86.063029
0.256437,26.369123,47.208115,24.754603,7.700861,27.971595,8.25336,82.007792,0.0,2.390485,21.843568,81.8422
0.0,8.049717,0.619051,2.575995,0.082027,0.186421,0.026667,35.998293,9.199232,0.0,33.530541,0.260779
0.33736,9.504656,7.654512,1.361624,2.428176,7.235515,4.029685,15.683616,18.750821,2.120949,0.0,5.053904
0.533,64.470544,69.625573,40.995813,9.759016,52.370339,9.177904,97.626301,96.914949,0.544797,22.497944,0.0
