2105.674542
0.094635,1,2
0.393208,1,3
0.026667,1,5
0.026667,1,7
0.348709,1,8
0.136437,1,9
0.08,1,11
0.301509,1,12
2.185715,2,1
7.891704,2,3
5.685205,2,4
3.175939,2,5
14.044389,2,6
1.332867,2,7
13.28254,2,8
5.529824,2,9
0.148431,2,10
5.329757,2,11
29.510864,2,12
0.565363,3,1
22.643379,3,2
9.623843,3,4
7.565453,3,5
26.371443,3,6
8.066539,3,7
32.837429,3,8
12.77472,3,9
5.136712,3,10
5.494077,3,11
21.198259,3,12
0.05184,4,1
3.950691,4,2
56.123749,4,3
20.911605,4,5
25.490251,4,6
14.590155,4,7
5.996216,4,8
14.067808,4,9
7.568867,4,10
25.697211,4,11
44.624093,4,12
1.775691,5,1
1.761531,5,2
10.360323,5,3
1.061053,5,4
4.127605,5,6
2.240648,5,7
4.969707,5,8
1.259096,5,9
1.078413,5,10
1.596997,5,11
3.536955,5,12
10.889131,6,2
32.359781,6,3
7.362493,6,4
0.94936,6,5
4.455435,6,7
24.937389,6,8
3.991067,6,9
2.664728,6,10
13.4882,6,11
12.445139,6,12
0.026667,7,1
4.196211,7,2
9.994112,7,3
5.404957,7,4
4.127325,7,5
12.314835,7,6
4.354907,7,8
3.688789,7,9
3.135293,7,10
5.299077,7,11
12.917835,7,12
1.337373,8,1
15.983741,8,2
67.380523,8,3
11.265728,8,4
6.389128,8,5
20.832067,8,6
3.593139,8,7
40.897077,8,9
30.403112,8,10
37.045664,8,11
70.940816,8,12
0.179053,9,1
28.274448,9,2
61.277248,9,3
27.252397,9,4
2.821411,9,5
19.300579,9,6
13.689363,9,7
61.818112,9,8
1.711536,9,10
25.999144,9,11
51.768261,9,12
0.501267,10,2
0.053333,10,3
7.457512,10,4
0.169499,10,6
35.489645,10,8
0.053333,10,9
44.385397,10,11
0.224,10,12
0.05184,11,1
6.439067,11,2
52.646184,11,3
3.955512,11,4
3.880224,11,5
3.526635,11,6
1.781909,11,7
16.713016,11,8
6.906445,11,9
9.820203,11,10
9.050768,11,12
1.588208,12,1
106.085709,12,2
141.559787,12,3
51.365677,12,4
37.096899,12,5
25.976205,12,6
8.624219,12,7
85.884248,12,8
131.239691,12,9
6.125891,12,10
33.216779,12,11
succeed
0.0,0.094635,0.393208,0.0,0.026667,0.0,0.026667,0.348709,0.136437,0.0,0.08,0.301509
2.185715,0.0,7.891704,5.685205,3.175939,14.044389,1.332867,13.28254,5.529824,0.148431,5.329757,29.510864
0.565363,22.643379,0.0,9.623843,7.565453,26.371443,8.066539,32.837429,12.77472,5.136712,5.494077,21.198259
0.05184,3.950691,56.123749,0.0,20.911605,25.490251,14.590155,5.996216,14.067808,7.568867,25.697211,44.624093
1.775691,1.761531,10.360323,1.061053,0.0,4.127605,2.240648,4.969707,1.259096,1.078413,1.596997,3.536955
0.0,10.889131,32.359781,7.362493,0.94936,0.0,4.455435,24.937389,3.991067,2.664728,13.4882,12.445139
0.026667,4.196211,9.994112,5.404957,4.127325,12.314835,0.0,4.354907,3.688789,3.135293,5.299077,12.917835
1.337373,15.983741,67.380523,11.265728,6.389128,20.832067,3.593139,0.0,40.897077,30.403112,37.045664,70.940816
0.179053,28.274448,61.277248,27.252397,2.821411,19.300579,13.689363,61.818112,0.0,1.711536,25.999144,51.768261
0.0,0.501267,0.053333,7.457512,0.0,0.169499,0.0,35.489645,0.053333,0.0,44.385397,0.224
0.05184,6.439067,52.646184,3.955512,3.880224,3.526635,1.781909,16.713016,6.906445,9.820203,0.0,9.050768
1.588208,106.085709,141.559787,51.365677,37.096899,25.976205,8.624219,85.884248,131.239691,6.125891,33.216779,0.0
