2087.5498000000002
0.304616,1,2
1.248299,1,3
0.053333,1,4
0.114379,1,5
0.582171,1,6
0.029853,1,7
0.236421,1,11
3.459371,1,12
0.223408,2,1
9.495747,2,3
2.533363,2,4
1.255352,2,5
13.484637,2,6
2.895427,2,7
18.749005,2,8
6.2084,2,9
0.435736,2,10
9.105163,2,11
46.600672,2,12
0.622789,3,1
18.777715,3,2
14.637819,3,4
5.431123,3,5
48.501795,3,6
9.044365,3,7
37.696795,3,8
22.329992,3,9
3.111845,3,10
17.775219,3,11
17.342896,3,12
0.123467,4,1
4.809656,4,2
38.308109,4,3
10.428352,4,5
28.955869,4,6
11.591387,4,7
8.929928,4,8
4.077296,4,9
7.353725,4,10
16.690072,4,11
24.727384,4,12
1.528597,5,1
5.526845,5,2
13.836416,5,3
0.8058,5,4
2.790851,5,6
4.512763,5,7
33.269627,5,8
3.485349,5,9
0.159032,5,10
3.573859,5,11
2.384659,5,12
0.273411,6,1
8.001845,6,2
81.015253,6,3
5.7658,6,4
0.902045,6,5
10.171811,6,7
35.285563,6,8
7.785109,6,9
0.453251,6,10
26.094141,6,11
20.623795,6,12
0.053333,7,1
4.904219,7,2
20.232552,7,3
6.034763,7,4
14.782304,7,5
16.002491,7,6
4.946971,7,8
3.046803,7,9
2.156485,7,10
6.606096,7,11
10.035712,7,12
0.191789,8,1
7.149744,8,2
115.694235,8,3
13.968045,8,4
14.764083,8,5
8.022445,8,6
2.60276,8,7
43.308675,8,9
19.144891,8,10
48.760963,8,11
44.228989,8,12
0.223832,9,1
35.615067,9,2
29.386653,9,3
8.594469,9,4
3.328088,9,5
12.17452,9,6
3.668451,9,7
50.326659,9,8
0.588763,9,10
32.327501,9,11
48.549339,9,12
0.285403,10,2
2.711083,10,4
0.350187,10,6
8.092528,10,8
0.061347,10,9
15.145307,10,11
0.026667,10,12
0.471528,11,1
16.162021,11,2
35.810568,11,3
2.465739,11,4
3.126061,11,5
17.169667,11,6
5.883189,11,7
29.884267,11,8
9.481493,11,9
0.994405,11,10
23.316645,11,12
2.480773,12,1
76.013797,12,2
52.581621,12,3
45.691885,12,4
24.448645,12,5
31.671131,12,6
25.512749,12,7
67.580693,12,8
173.966061,12,9
1.125056,12,10
47.088821,12,11
succeed
0.0,0.304616,1.248299,0.053333,0.114379,0.582171,0.029853,0.0,0.0,0.0,0.236421,3.459371
0.223408,0.0,9.495747,2.533363,1.255352,13.484637,2.895427,18.749005,6.2084,0.435736,9.105163,46.600672
0.622789,18.777715,0.0,14.637819,5.431123,48.501795,9.044365,37.696795,22.329992,3.111845,17.775219,17.342896
0.123467,4.809656,38.308109,0.0,10.428352,28.955869,11.591387,8.929928,4.077296,7.353725,16.690072,24.727384
1.528597,5.526845,13.836416,0.8058,0.0,2.790851,4.512763,33.269627,3.485349,0.159032,3.573859,2.384659
0.273411,8.001845,81.015253,5.7658,0.902045,0.0,10.171811,35.285563,7.785109,0.453251,26.094141,20.623795
0.053333,4.904219,20.232552,6.034763,14.782304,16.002491,0.0,4.946971,3.046803,2.156485,6.606096,10.035712
0.191789,7.149744,115.694235,13.968045,14.764083,8.022445,2.60276,0.0,43.308675,19.144891,48.760963,44.228989
0.223832,35.615067,29.386653,8.594469,3.328088,12.17452,3.668451,50.326659,0.0,0.588763,32.327501,48.549339
0.0,0.285403,0.0,2.711083,0.0,0.350187,0.0,8.092528,0.061347,0.0,15.145307,0.026667
0.471528,16.162021,35.810568,2.465739,3.126061,17.169667,5.883189,29.884267,9.481493,0.994405,0.0,23.316645
2.480773,76.013797,52.581621,45.691885,24.448645,31.671131,25.512749,67.580693,173.966061,1.125056,47.088821,0.0
