3096.6688719999997
0.881976,1,2
1.187008,1,3
0.053333,1,4
0.435661,1,5
0.502872,1,6
0.120664,1,7
0.135999,1,8
0.364349,1,9
0.064791,1,10
0.553096,1,11
1.722293,1,12
1.131915,2,1
25.249005,2,3
3.914131,2,4
12.101483,2,5
23.150733,2,6
13.835061,2,7
13.883757,2,8
10.707875,2,9
0.453269,2,10
15.121163,2,11
37.931048,2,12
3.889557,3,1
19.905616,3,2
19.908403,3,4
26.191904,3,5
89.607595,3,6
18.339544,3,7
51.027565,3,8
17.883813,3,9
8.927421,3,10
21.724059,3,11
41.517955,3,12
0.448867,4,1
5.955811,4,2
46.217437,4,3
16.670211,4,5
19.598277,4,6
21.650253,4,7
15.539523,4,8
8.183709,4,9
8.699595,4,10
16.373069,4,11
22.860725,4,12
0.892093,5,1
4.229485,5,2
17.645504,5,3
2.672027,5,4
21.026632,5,6
11.066904,5,7
6.227221,5,8
5.512997,5,9
0.053333,5,10
6.645669,5,11
27.697475,5,12
0.449648,6,1
22.544043,6,2
89.997608,6,3
8.164277,6,4
4.478107,6,5
12.787568,6,7
15.314936,6,8
33.514165,6,9
1.794123,6,10
21.889099,6,11
46.198571,6,12
0.505536,7,1
4.55192,7,2
41.24284,7,3
9.342445,7,4
11.99068,7,5
34.961443,7,6
4.643664,7,8
7.218883,7,9
2.117549,7,10
8.819661,7,11
11.4926,7,12
0.365299,8,1
20.087669,8,2
99.184408,8,3
27.814224,8,4
10.805627,8,5
14.710517,8,6
5.219651,8,7
40.616467,8,9
16.267453,8,10
44.591643,8,11
57.712536,8,12
2.800016,9,1
62.475467,9,2
41.263011,9,3
18.284165,9,4
23.587627,9,5
48.458019,9,6
15.018659,9,7
67.979203,9,8
2.469008,9,10
19.526925,9,11
135.043971,9,12
0.092576,10,3
16.923096,10,4
0.053333,10,5
0.351216,10,6
0.121272,10,7
10.693149,10,8
0.103557,10,9
19.508485,10,11
0.053333,10,12
0.682589,11,1
43.528997,11,2
63.132112,11,3
29.416752,11,4
18.569117,11,5
68.380165,11,6
26.171451,11,7
37.014491,11,8
27.134411,11,9
2.582931,11,10
82.121923,11,12
7.50036,12,1
94.515979,12,2
96.718859,12,3
71.878288,12,4
37.976544,12,5
72.735381,12,6
32.038651,12,7
64.486051,12,8
199.438549,12,9
3.270291,12,10
32.882301,12,11
succeed
0.0,0.881976,1.187008,0.053333,0.435661,0.502872,0.120664,0.135999,0.364349,0.064791,0.553096,1.722293
1.131915,0.0,25.249005,3.914131,12.101483,23.150733,13.835061,13.883757,10.707875,0.453269,15.121163,37.931048
3.889557,19.905616,0.0,19.908403,26.191904,89.607595,18.339544,51.027565,17.883813,8.927421,21.724059,41.517955
0.448867,5.955811,46.217437,0.0,16.670211,19.598277,21.650253,15.539523,8.183709,8.699595,16.373069,22.860725
0.892093,4.229485,17.645504,2.672027,0.0,21.026632,11.066904,6.227221,5.512997,0.053333,6.645669,27.697475
0.449648,22.544043,89.997608,8.164277,4.478107,0.0,12.787568,15.314936,33.514165,1.794123,21.889099,46.198571
0.505536,4.55192,41.24284,9.342445,11.99068,34.961443,0.0,4.643664,7.218883,2.117549,8.819661,11.4926
0.365299,20.087669,99.184408,27.814224,10.805627,14.710517,5.219651,0.0,40.616467,16.267453,44.591643,57.712536
2.800016,62.475467,41.263011,18.284165,23.587627,48.458019,15.018659,67.979203,0.0,2.469008,19.526925,135.043971
0.0,0.0,0.092576,16.923096,0.053333,0.351216,0.121272,10.693149,0.103557,0.0,19.508485,0.053333
0.682589,43.528997,63.132112,29.416752,18.569117,68.380165,26.171451,37.014491,27.134411,2.582931,0.0,82.121923
7.50036,94.515979,96.718859,71.878288,37.976544,72.735381,32.038651,64.486051,199.438549,3.270291,32.882301,0.0
