1863.331901
0.026667,1,2
0.15156,1,3
0.026667,1,5
0.31696,1,8
0.168043,1,9
0.053333,1,12
0.321856,2,1
12.030104,2,3
5.318808,2,4
2.77452,2,5
13.915587,2,6
3.994336,2,7
19.414471,2,8
4.197789,2,9
0.250212,2,10
3.258819,2,11
24.961501,2,12
0.232109,3,1
12.386173,3,2
27.590493,3,4
17.168717,3,5
43.342387,3,6
8.739752,3,7
35.902107,3,8
10.461688,3,9
0.694333,3,10
6.682339,3,11
15.601843,3,12
0.119733,4,1
4.416339,4,2
37.289933,4,3
18.785357,4,5
24.213421,4,6
19.447592,4,7
10.717123,4,8
14.064725,4,9
7.464475,4,10
12.343429,4,11
52.801635,4,12
1.103243,5,1
1.901597,5,2
9.51932,5,3
0.946557,5,4
3.107328,5,6
1.593528,5,7
2.483973,5,8
7.359277,5,9
0.037779,5,10
0.615501,5,11
3.363856,5,12
7.478491,6,2
54.519432,6,3
12.795616,6,4
1.372512,6,5
4.438773,6,7
8.278365,6,8
25.067272,6,9
1.344459,6,10
2.848592,6,11
21.706557,6,12
0.036,7,1
1.958541,7,2
8.093595,7,3
8.085163,7,4
3.375267,7,5
10.981264,7,6
7.095787,7,8
2.775901,7,9
2.122629,7,10
4.193501,7,11
10.492053,7,12
0.512477,8,1
12.590629,8,2
77.96172,8,3
8.113344,8,4
3.040581,8,5
8.016115,8,6
5.522165,8,7
24.318213,8,9
20.760696,8,10
20.309195,8,11
74.325469,8,12
0.683099,9,1
18.696915,9,2
14.631299,9,3
32.446301,9,4
5.138512,9,5
17.840947,9,6
5.648901,9,7
54.49476,9,8
0.917923,9,10
7.989928,9,11
57.518003,9,12
0.034795,10,2
0.026667,10,3
4.86164,10,4
0.133627,10,6
32.713285,10,8
0.055699,10,9
40.776307,10,11
0.030485,10,12
0.033656,11,1
5.974205,11,2
8.958264,11,3
3.488392,11,4
1.815205,11,5
8.427227,11,6
0.851923,11,7
10.304539,11,8
3.7162,11,9
4.005984,11,10
2.704571,11,12
6.961397,12,1
110.051701,12,2
39.527837,12,3
54.151856,12,4
37.239256,12,5
45.377051,12,6
14.469339,12,7
100.481941,12,8
123.486224,12,9
3.567787,12,10
24.888984,12,11
succeed
0.0,0.026667,0.15156,0.0,0.026667,0.0,0.0,0.31696,0.168043,0.0,0.0,0.053333
0.321856,0.0,12.030104,5.318808,2.77452,13.915587,3.994336,19.414471,4.197789,0.250212,3.258819,24.961501
0.232109,12.386173,0.0,27.590493,17.168717,43.342387,8.739752,35.902107,10.461688,0.694333,6.682339,15.601843
0.119733,4.416339,37.289933,0.0,18.785357,24.213421,19.447592,10.717123,14.064725,7.464475,12.343429,52.801635
1.103243,1.901597,9.51932,0.946557,0.0,3.107328,1.593528,2.483973,7.359277,0.037779,0.615501,3.363856
0.0,7.478491,54.519432,12.795616,1.372512,0.0,4.438773,8.278365,25.067272,1.344459,2.848592,21.706557
0.036,1.958541,8.093595,8.085163,3.375267,10.981264,0.0,7.095787,2.775901,2.122629,4.193501,10.492053
0.512477,12.590629,77.96172,8.113344,3.040581,8.016115,5.522165,0.0,24.318213,20.760696,20.309195,74.325469
0.683099,18.696915,14.631299,32.446301,5.138512,17.840947,5.648901,54.49476,0.0,0.917923,7.989928,57.518003
0.0,0.034795,0.026667,4.86164,0.0,0.133627,0.0,32.713285,0.055699,0.0,40.776307,0.030485
0.033656,5.974205,8.958264,3.488392,1.815205,8.427227,0.851923,10.304539,3.7162,4.005984,0.0,2.704571
6.961397,110.051701,39.527837,54.151856,37.239256,45.377051,14.469339,100.481941,123.486224,3.567787,24.888984,0.0
