2904.002506
0.053333,1,2
0.124709,1,3
0.026667,1,4
0.092533,1,5
0.156587,1,6
0.091221,1,8
0.329747,1,9
0.026667,1,11
0.238749,1,12
0.030237,2,1
3.734051,2,3
4.763368,2,4
24.812283,2,5
12.822883,2,6
2.072723,2,7
20.252593,2,8
7.600632,2,9
0.333756,2,10
5.361552,2,11
23.572864,2,12
0.178325,3,1
20.748573,3,2
11.503723,3,4
5.452395,3,5
30.737504,3,6
7.688003,3,7
943.471627,3,8
9.336933,3,9
1.076891,3,10
7.647323,3,11
25.590613,3,12
0.11888,4,1
7.083605,4,2
41.180352,4,3
19.83572,4,5
23.633232,4,6
14.201848,4,7
21.115296,4,8
13.353339,4,9
10.159381,4,10
27.412725,4,11
33.684731,4,12
1.402469,5,1
8.611771,5,2
8.723939,5,3
1.167192,5,4
6.462696,5,6
0.913701,5,7
8.209155,5,8
2.672315,5,9
0.08,5,10
0.926507,5,11
2.241133,5,12
1.36956,6,1
18.276459,6,2
42.268891,6,3
7.103661,6,4
10.324816,6,5
21.952851,6,7
17.382163,6,8
15.815747,6,9
0.959317,6,10
7.046989,6,11
29.243816,6,12
0.026667,7,1
5.456883,7,2
13.570251,7,3
6.02052,7,4
4.359208,7,5
9.937947,7,6
6.713493,7,8
1.116419,7,9
2.568147,7,10
3.318005,7,11
10.30792,7,12
0.072995,8,1
19.248744,8,2
71.452613,8,3
8.076376,8,4
7.566773,8,5
17.605968,8,6
3.734571,8,7
26.593021,8,9
22.434504,8,10
22.480869,8,11
30.887621,8,12
0.481131,9,1
18.878709,9,2
19.767699,9,3
27.522605,9,4
2.597691,9,5
19.290069,9,6
18.156264,9,7
69.464533,9,8
1.541968,9,10
17.238368,9,11
52.698496,9,12
0.773451,10,2
2.682539,10,4
0.206592,10,6
35.746325,10,8
0.553192,10,9
31.651757,10,11
0.268763,10,12
9.302947,11,2
17.464413,11,3
4.359565,11,4
8.698877,11,5
8.988691,11,6
4.556931,11,7
19.128456,11,8
7.720587,11,9
13.977752,11,10
5.841168,11,12
7.002816,12,1
105.868864,12,2
84.209117,12,3
49.270619,12,4
11.959259,12,5
40.683637,12,6
9.992331,12,7
93.213077,12,8
148.240717,12,9
16.378824,12,10
29.210869,12,11
succeed
0.0,0.053333,0.124709,0.026667,0.092533,0.156587,0.0,0.091221,0.329747,0.0,0.026667,0.238749
0.030237,0.0,3.734051,4.763368,24.812283,12.822883,2.072723,20.252593,7.600632,0.333756,5.361552,23.572864
0.178325,20.748573,0.0,11.503723,5.452395,30.737504,7.688003,943.471627,9.336933,1.076891,7.647323,25.590613
0.11888,7.083605,41.180352,0.0,19.83572,23.633232,14.201848,21.115296,13.353339,10.159381,27.412725,33.684731
1.402469,8.611771,8.723939,1.167192,0.0,6.462696,0.913701,8.209155,2.672315,0.08,0.926507,2.241133
1.36956,18.276459,42.268891,7.103661,10.324816,0.0,21.952851,17.382163,15.815747,0.959317,7.046989,29.243816
0.026667,5.456883,13.570251,6.02052,4.359208,9.937947,0.0,6.713493,1.116419,2.568147,3.318005,10.30792
0.072995,19.248744,71.452613,8.076376,7.566773,17.605968,3.734571,0.0,26.593021,22.434504,22.480869,30.887621
0.481131,18.878709,19.767699,27.522605,2.597691,19.290069,18.156264,69.464533,0.0,1.541968,17.238368,52.698496
0.0,0.773451,0.0,2.682539,0.0,0.206592,0.0,35.746325,0.553192,0.0,31.651757,0.268763
0.0,9.302947,17.464413,4.359565,8.698877,8.988691,4.556931,19.128456,7.720587,13.977752,0.0,5.841168
7.002816,105.868864,84.209117,49.270619,11.959259,40.683637,9.992331,93.213077,148.240717,16.378824,29.210869,0.0
