3286.889826
0.101789,1,2
0.343944,1,3
0.089347,1,4
0.115584,1,5
1.309808,1,6
0.726675,1,7
0.303912,1,8
1.05532,1,9
0.065099,1,10
1.281933,1,12
2.317811,2,1
11.752931,2,3
6.362571,2,4
11.428912,2,5
21.825904,2,6
4.660501,2,7
18.502493,2,8
9.984107,2,9
0.824024,2,10
6.516651,2,11
44.190317,2,12
2.702104,3,1
14.278955,3,2
21.867437,3,4
44.484891,3,5
45.426405,3,6
13.10324,3,7
84.987779,3,8
28.506213,3,9
3.454941,3,10
16.817867,3,11
25.4548,3,12
0.20608,4,1
9.067275,4,2
56.572091,4,3
13.563669,4,5
23.35384,4,6
25.174912,4,7
14.537,4,8
12.164608,4,9
9.792917,4,10
9.993397,4,11
40.083187,4,12
3.647757,5,1
2.963437,5,2
27.229896,5,3
4.798928,5,4
7.794989,5,6
7.372245,5,7
12.035136,5,8
11.359232,5,9
1.643155,5,10
5.775336,5,11
8.673667,5,12
1.105936,6,1
15.408405,6,2
108.025224,6,3
17.119619,6,4
6.591728,6,5
8.891547,6,7
51.156267,6,8
67.998947,6,9
1.797915,6,10
15.395616,6,11
46.156269,6,12
1.949093,7,1
3.080416,7,2
25.299403,7,3
9.482701,7,4
21.013763,7,5
14.560067,7,6
17.894264,7,8
10.234339,7,9
1.336101,7,10
3.178341,7,11
15.79268,7,12
1.755197,8,1
14.660424,8,2
112.500168,8,3
15.744064,8,4
15.906549,8,5
49.224429,8,6
13.052344,8,7
85.523101,8,9
9.286661,8,10
47.17936,8,11
140.341669,8,12
4.995965,9,1
28.420725,9,2
75.351171,9,3
37.206344,9,4
25.639693,9,5
82.355947,9,6
22.134368,9,7
123.891397,9,8
4.652808,9,10
37.587829,9,11
187.947499,9,12
0.179376,10,1
0.175867,10,2
0.637635,10,3
0.804856,10,4
0.360363,10,5
1.426925,10,6
0.860656,10,7
48.779235,10,8
1.478491,10,9
41.452667,10,11
0.418112,10,12
0.074171,11,1
9.712549,11,2
16.343429,11,3
4.691237,11,4
4.201536,11,5
7.756437,11,6
3.514019,11,7
27.952045,11,8
8.559163,11,9
4.782501,11,10
8.012861,11,12
1.017739,12,1
93.542507,12,2
101.846523,12,3
67.253027,12,4
30.048011,12,5
73.733533,12,6
22.838627,12,7
124.563595,12,8
180.084459,12,9
2.926987,12,10
45.387315,12,11
succeed
0.0,0.101789,0.343944,0.089347,0.115584,1.309808,0.726675,0.303912,1.05532,0.065099,0.0,1.281933
2.317811,0.0,11.752931,6.362571,11.428912,21.825904,4.660501,18.502493,9.984107,0.824024,6.516651,44.190317
2.702104,14.278955,0.0,21.867437,44.484891,45.426405,13.10324,84.987779,28.506213,3.454941,16.817867,25.4548
0.20608,9.067275,56.572091,0.0,13.563669,23.35384,25.174912,14.537,12.164608,9.792917,9.993397,40.083187
3.647757,2.963437,27.229896,4.798928,0.0,7.794989,7.372245,12.035136,11.359232,1.643155,5.775336,8.673667
1.105936,15.408405,108.025224,17.119619,6.591728,0.0,8.891547,51.156267,67.998947,1.797915,15.395616,46.156269
1.949093,3.080416,25.299403,9.482701,21.013763,14.560067,0.0,17.894264,10.234339,1.336101,3.178341,15.79268
1.755197,14.660424,112.500168,15.744064,15.906549,49.224429,13.052344,0.0,85.523101,9.286661,47.17936,140.341669
4.995965,28.420725,75.351171,37.206344,25.639693,82.355947,22.134368,123.891397,0.0,4.652808,37.587829,187.947499
0.179376,0.175867,0.637635,0.804856,0.360363,1.426925,0.860656,48.779235,1.478491,0.0,41.452667,0.418112
0.074171,9.712549,16.343429,4.691237,4.201536,7.756437,3.514019,27.952045,8.559163,4.782501,0.0,8.012861
1.017739,93.542507,101.846523,67.253027,30.048011,73.733533,22.838627,124.563595,180.084459,2.926987,45.387315,0.0
