4398.371321
3.025739,1,2
0.739176,1,3
0.884181,1,4
0.106667,1,5
1.125139,1,6
0.16,1,7
0.187824,1,8
1.21184,1,9
1.474107,1,11
1.636445,1,12
0.801312,2,1
26.618064,2,3
3.256472,2,4
22.925747,2,5
27.746328,2,6
8.401357,2,7
20.463539,2,8
33.760797,2,9
1.0586,2,10
21.606776,2,11
48.074029,2,12
0.776011,3,1
66.30148,3,2
32.108509,3,4
17.141869,3,5
241.265357,3,6
23.979088,3,7
43.868427,3,8
47.120581,3,9
1.734693,3,10
42.43552,3,11
80.319085,3,12
0.183813,4,1
11.627645,4,2
62.961504,4,3
16.819717,4,5
17.397464,4,6
19.819309,4,7
18.157419,4,8
16.291248,4,9
4.415389,4,10
26.70308,4,11
41.435653,4,12
0.396003,5,1
5.971187,5,2
17.071784,5,3
2.179445,5,4
21.15664,5,6
10.571184,5,7
5.352411,5,8
7.977395,5,9
0.391389,5,10
14.303427,5,11
30.010219,5,12
2.87028,6,1
30.696219,6,2
98.218821,6,3
7.66028,6,4
16.374867,6,5
10.697189,6,7
33.408221,6,8
23.954152,6,9
2.464195,6,10
38.495176,6,11
37.897451,6,12
0.669085,7,1
10.170197,7,2
36.84904,7,3
13.172987,7,4
3.082,7,5
21.244053,7,6
6.357587,7,8
9.636229,7,9
0.424928,7,10
13.011464,7,11
15.030816,7,12
0.171133,8,1
31.333909,8,2
100.855648,8,3
16.660288,8,4
9.212109,8,5
27.273189,8,6
15.470936,8,7
53.553429,8,9
18.746947,8,10
54.176115,8,11
98.505989,8,12
3.364643,9,1
52.920555,9,2
62.712424,9,3
28.12336,9,4
18.074272,9,5
61.223333,9,6
21.466171,9,7
66.514525,9,8
0.749651,9,10
35.048251,9,11
144.409285,9,12
0.026667,10,1
0.142176,10,2
1.343424,10,3
29.225435,10,4
0.095157,10,5
0.725704,10,6
0.060712,10,7
17.110787,10,8
0.181896,10,9
28.727715,10,11
1.43128,10,12
6.751216,11,1
98.186083,11,2
196.009787,11,3
66.50164,11,4
46.893971,11,5
194.513261,11,6
93.916536,11,7
34.6194,11,8
43.246144,11,9
18.446512,11,10
199.504776,11,12
4.630203,12,1
102.621424,12,2
125.832459,12,3
78.442123,12,4
22.164968,12,5
74.747931,12,6
39.796856,12,7
96.557072,12,8
191.361763,12,9
0.723003,12,10
57.373757,12,11
succeed
0.0,3.025739,0.739176,0.884181,0.106667,1.125139,0.16,0.187824,1.21184,0.0,1.474107,1.636445
0.801312,0.0,26.618064,3.256472,22.925747,27.746328,8.401357,20.463539,33.760797,1.0586,21.606776,48.074029
0.776011,66.30148,0.0,32.108509,17.141869,241.265357,23.979088,43.868427,47.120581,1.734693,42.43552,80.319085
0.183813,11.627645,62.961504,0.0,16.819717,17.397464,19.819309,18.157419,16.291248,4.415389,26.70308,41.435653
0.396003,5.971187,17.071784,2.179445,0.0,21.15664,10.571184,5.352411,7.977395,0.391389,14.303427,30.010219
2.87028,30.696219,98.218821,7.66028,16.374867,0.0,10.697189,33.408221,23.954152,2.464195,38.495176,37.897451
0.669085,10.170197,36.84904,13.172987,3.082,21.244053,0.0,6.357587,9.636229,0.424928,13.011464,15.030816
0.171133,31.333909,100.855648,16.660288,9.212109,27.273189,15.470936,0.0,53.553429,18.746947,54.176115,98.505989
3.364643,52.920555,62.712424,28.12336,18.074272,61.223333,21.466171,66.514525,0.0,0.749651,35.048251,144.409285
0.026667,0.142176,1.343424,29.225435,0.095157,0.725704,0.060712,17.110787,0.181896,0.0,28.727715,1.43128
6.751216,98.186083,196.009787,66.50164,46.893971,194.513261,93.916536,34.6194,43.246144,18.446512,0.0,199.504776
4.630203,102.621424,125.832459,78.442123,22.164968,74.747931,39.796856,96.557072,191.361763,0.723003,57.373757,0.0
