2000.088895
0.306552,1,2
0.165981,1,3
0.026667,1,4
0.026667,1,5
0.026667,1,6
0.552728,1,8
0.2872,1,9
0.013333,1,10
0.763797,1,12
0.062987,2,1
4.522872,2,3
10.956469,2,4
0.520347,2,5
6.858243,2,6
4.283931,2,7
10.87688,2,8
7.325909,2,9
0.066667,2,10
5.45972,2,11
24.635813,2,12
0.080539,3,1
15.338512,3,2
11.010704,3,4
21.509637,3,5
16.939267,3,6
4.388677,3,7
27.681528,3,8
31.022589,3,9
0.402627,3,10
4.795837,3,11
22.645709,3,12
0.243467,4,1
6.196677,4,2
51.688877,4,3
16.576792,4,5
28.747571,4,6
21.870331,4,7
14.058507,4,8
11.66884,4,9
12.134424,4,10
20.800173,4,11
38.010037,4,12
0.140139,5,1
1.314968,5,2
8.117928,5,3
2.631792,5,4
1.391216,5,6
0.972571,5,7
4.045056,5,8
3.011755,5,9
2.825979,5,11
10.230056,5,12
0.053333,6,1
7.943323,6,2
44.572165,6,3
7.434797,6,4
24.550435,6,5
10.720728,6,7
9.987861,6,8
21.624149,6,9
0.484725,6,10
10.956624,6,11
12.917216,6,12
1.935163,7,2
9.907067,7,3
8.483805,7,4
2.996776,7,5
12.548493,7,6
3.525083,7,8
4.489173,7,9
2.760715,7,10
3.85764,7,11
11.802141,7,12
0.371155,8,1
11.034069,8,2
42.765008,8,3
13.787587,8,4
4.178451,8,5
20.113715,8,6
2.706939,8,7
31.244637,8,9
10.642037,8,10
28.348272,8,11
53.093637,8,12
3.268752,9,1
17.928149,9,2
22.985029,9,3
25.123088,9,4
12.023256,9,5
16.023677,9,6
7.549576,9,7
70.066685,9,8
1.220203,9,10
21.733141,9,11
53.553093,9,12
0.114187,10,2
0.676149,10,4
0.051499,10,5
8.619992,10,6
39.130605,10,8
0.330752,10,9
32.048003,10,11
0.026667,10,12
0.125208,11,1
8.292333,11,2
35.612928,11,3
4.817419,11,4
1.680093,11,5
4.094629,11,6
2.755517,11,7
15.887896,11,8
88.624051,11,9
2.294027,11,10
6.472085,11,12
4.504264,12,1
72.975456,12,2
73.564283,12,3
44.272352,12,4
29.125261,12,5
42.036232,12,6
11.374448,12,7
73.875704,12,8
175.317547,12,9
1.703683,12,10
46.141845,12,11
succeed
0.0,0.306552,0.165981,0.026667,0.026667,0.026667,0.0,0.552728,0.2872,0.013333,0.0,0.763797
0.062987,0.0,4.522872,10.956469,0.520347,6.858243,4.283931,10.87688,7.325909,0.066667,5.45972,24.635813
0.080539,15.338512,0.0,11.010704,21.509637,16.939267,4.388677,27.681528,31.022589,0.402627,4.795837,22.645709
0.243467,6.196677,51.688877,0.0,16.576792,28.747571,21.870331,14.058507,11.66884,12.134424,20.800173,38.010037
0.140139,1.314968,8.117928,2.631792,0.0,1.391216,0.972571,4.045056,3.011755,0.0,2.825979,10.230056
0.053333,7.943323,44.572165,7.434797,24.550435,0.0,10.720728,9.987861,21.624149,0.484725,10.956624,12.917216
0.0,1.935163,9.907067,8.483805,2.996776,12.548493,0.0,3.525083,4.489173,2.760715,3.85764,11.802141
0.371155,11.034069,42.765008,13.787587,4.178451,20.113715,2.706939,0.0,31.244637,10.642037,28.348272,53.093637
3.268752,17.928149,22.985029,25.123088,12.023256,16.023677,7.549576,70.066685,0.0,1.220203,21.733141,53.553093
0.0,0.114187,0.0,0.676149,0.051499,8.619992,0.0,39.130605,0.330752,0.0,32.048003,0.026667
0.125208,8.292333,35.612928,4.817419,1.680093,4.094629,2.755517,15.887896,88.624051,2.294027,0.0,6.472085
4.504264,72.975456,73.564283,44.272352,29.125261,42.036232,11.374448,73.875704,175.317547,1.703683,46.141845,0.0
