3407.930896
0.217539,1,2
0.053333,1,3
0.119989,1,5
0.106667,1,6
4.389032,1,8
0.062229,1,9
0.013333,1,10
2.090808,1,12
0.3324,2,1
2.667653,2,3
0.264293,2,4
16.951909,2,5
19.9256,2,6
0.17132,2,7
23.483984,2,8
0.654445,2,9
0.787045,2,10
0.197763,2,11
227.248419,2,12
2.481355,3,1
43.930867,3,2
0.809192,3,4
19.318755,3,5
55.735587,3,6
15.600523,3,7
75.82008,3,8
28.305552,3,9
16.299005,3,10
0.418216,3,11
101.431819,3,12
0.053333,4,1
6.880896,4,2
72.17616,4,3
22.203256,4,5
33.584509,4,6
20.762533,4,7
29.255408,4,8
26.387187,4,9
15.68204,4,10
11.670813,4,11
40.528659,4,12
0.120195,5,1
5.425427,5,2
23.779544,5,3
4.109096,5,4
7.121496,5,6
6.148248,5,7
15.445069,5,8
0.445485,5,9
0.299536,5,10
0.257621,5,11
25.774501,5,12
0.7072,6,1
22.870504,6,2
111.651704,6,3
11.781947,6,4
13.56308,6,5
8.728493,6,7
40.340955,6,8
66.55344,6,9
5.499496,6,10
1.826248,6,11
63.533008,6,12
0.794403,7,1
3.854968,7,2
29.186789,7,3
21.549976,7,4
4.371928,7,5
10.440077,7,6
9.219587,7,8
11.824843,7,9
1.050467,7,10
0.387699,7,11
16.135101,7,12
2.115035,8,1
47.852357,8,2
137.303736,8,3
28.930099,8,4
21.466259,8,5
74.705416,8,6
19.163728,8,7
95.014395,8,9
20.222245,8,10
30.610555,8,11
139.105112,8,12
0.877181,9,1
54.457488,9,2
12.462605,9,3
1.833971,9,4
25.157096,9,5
1.435435,9,6
0.319816,9,7
128.968728,9,8
13.409536,9,10
0.890083,9,11
397.82992,9,12
11.661704,10,2
2.569603,10,3
10.651837,10,4
0.649192,10,5
10.262221,10,6
1.692024,10,7
42.972275,10,8
2.653765,10,9
41.684725,10,11
2.734371,10,12
0.722461,11,1
24.902432,11,2
39.29988,11,3
4.513093,11,4
8.972939,11,5
10.960861,11,6
27.980995,11,7
35.303445,11,8
13.808629,11,9
12.099811,11,10
19.479499,11,12
1.155547,12,1
98.418776,12,2
5.53884,12,3
0.531773,12,4
41.313816,12,5
7.601803,12,6
2.125464,12,7
167.163149,12,8
9.784565,12,9
9.675789,12,10
1.043179,12,11
succeed
0.0,0.217539,0.053333,0.0,0.119989,0.106667,0.0,4.389032,0.062229,0.013333,0.0,2.090808
0.3324,0.0,2.667653,0.264293,16.951909,19.9256,0.17132,23.483984,0.654445,0.787045,0.197763,227.248419
2.481355,43.930867,0.0,0.809192,19.318755,55.735587,15.600523,75.82008,28.305552,16.299005,0.418216,101.431819
0.053333,6.880896,72.17616,0.0,22.203256,33.584509,20.762533,29.255408,26.387187,15.68204,11.670813,40.528659
0.120195,5.425427,23.779544,4.109096,0.0,7.121496,6.148248,15.445069,0.445485,0.299536,0.257621,25.774501
0.7072,22.870504,111.651704,11.781947,13.56308,0.0,8.728493,40.340955,66.55344,5.499496,1.826248,63.533008
0.794403,3.854968,29.186789,21.549976,4.371928,10.440077,0.0,9.219587,11.824843,1.050467,0.387699,16.135101
2.115035,47.852357,137.303736,28.930099,21.466259,74.705416,19.163728,0.0,95.014395,20.222245,30.610555,139.105112
0.877181,54.457488,12.462605,1.833971,25.157096,1.435435,0.319816,128.968728,0.0,13.409536,0.890083,397.82992
0.0,11.661704,2.569603,10.651837,0.649192,10.262221,1.692024,42.972275,2.653765,0.0,41.684725,2.734371
0.722461,24.902432,39.29988,4.513093,8.972939,10.960861,27.980995,35.303445,13.808629,12.099811,0.0,19.479499
1.155547,98.418776,5.53884,0.531773,41.313816,7.601803,2.125464,167.163149,9.784565,9.675789,1.043179,0.0
