2598.027742
0.295027,1,3
0.026667,1,4
0.05696,1,5
0.272987,1,6
1.114709,1,7
0.715181,1,8
0.013333,1,10
0.035573,1,11
0.275733,1,12
0.256531,2,1
11.502816,2,3
7.912064,2,4
1.098755,2,5
9.100531,2,6
0.308701,2,7
17.178068,2,8
3.682784,2,9
0.47858,2,10
8.428131,2,11
39.126096,2,12
0.473901,3,1
23.881613,3,2
24.988357,3,4
5.168435,3,5
28.094208,3,6
5.4478,3,7
52.549651,3,8
7.593341,3,9
2.792093,3,10
8.790779,3,11
22.570043,3,12
0.206696,4,1
19.152915,4,2
57.425013,4,3
5.409949,4,5
8.181283,4,6
17.765483,4,7
9.246208,4,8
8.668504,4,9
12.227357,4,10
15.969771,4,11
18.066203,4,12
0.161525,5,1
7.614317,5,2
11.881627,5,3
2.000309,5,4
2.640448,5,6
0.919216,5,7
15.339739,5,8
4.337611,5,9
0.210667,5,10
3.836835,5,11
1.812243,5,12
0.092547,6,1
16.255323,6,2
57.379512,6,3
7.814635,6,4
10.71948,6,5
12.710547,6,7
48.1792,6,8
26.815029,6,9
2.030979,6,10
14.865232,6,11
21.090837,6,12
0.053333,7,1
1.586011,7,2
13.539456,7,3
17.315101,7,4
5.533299,7,5
9.039803,7,6
9.189789,7,8
3.039043,7,9
3.238555,7,10
5.036917,7,11
14.585779,7,12
0.899624,8,1
45.786472,8,2
110.721411,8,3
11.410288,8,4
9.158757,8,5
39.399333,8,6
13.019976,8,7
80.306667,8,9
17.544376,8,10
56.18616,8,11
101.237357,8,12
0.302616,9,1
24.615939,9,2
34.677315,9,3
33.200576,9,4
12.058013,9,5
41.407584,9,6
8.193581,9,7
85.137157,9,8
2.574341,9,10
48.960365,9,11
64.298096,9,12
0.08,10,2
0.16,10,3
6.046853,10,4
0.08,10,5
0.260829,10,6
0.164792,10,7
19.898517,10,8
0.292747,10,9
8.677469,10,11
0.08,10,12
0.034981,11,1
10.996299,11,2
17.992285,11,3
9.470728,11,4
3.656827,11,5
7.669992,11,6
3.688485,11,7
44.026736,11,8
12.962115,11,9
3.059203,11,10
11.099843,11,12
0.176464,12,1
84.386645,12,2
98.550784,12,3
61.823776,12,4
29.012373,12,5
72.928,12,6
17.244893,12,7
152.712296,12,8
225.913144,12,9
2.722563,12,10
43.648325,12,11
succeed
0.0,0.0,0.295027,0.026667,0.05696,0.272987,1.114709,0.715181,0.0,0.013333,0.035573,0.275733
0.256531,0.0,11.502816,7.912064,1.098755,9.100531,0.308701,17.178068,3.682784,0.47858,8.428131,39.126096
0.473901,23.881613,0.0,24.988357,5.168435,28.094208,5.4478,52.549651,7.593341,2.792093,8.790779,22.570043
0.206696,19.152915,57.425013,0.0,5.409949,8.181283,17.765483,9.246208,8.668504,12.227357,15.969771,18.066203
0.161525,7.614317,11.881627,2.000309,0.0,2.640448,0.919216,15.339739,4.337611,0.210667,3.836835,1.812243
0.092547,16.255323,57.379512,7.814635,10.71948,0.0,12.710547,48.1792,26.815029,2.030979,14.865232,21.090837
0.053333,1.586011,13.539456,17.315101,5.533299,9.039803,0.0,9.189789,3.039043,3.238555,5.036917,14.585779
0.899624,45.786472,110.721411,11.410288,9.158757,39.399333,13.019976,0.0,80.306667,17.544376,56.18616,101.237357
0.302616,24.615939,34.677315,33.200576,12.058013,41.407584,8.193581,85.137157,0.0,2.574341,48.960365,64.298096
0.0,0.08,0.16,6.046853,0.08,0.260829,0.164792,19.898517,0.292747,0.0,8.677469,0.08
0.034981,10.996299,17.992285,9.470728,3.656827,7.669992,3.688485,44.026736,12.962115,3.059203,0.0,11.099843
0.176464,84.386645,98.550784,61.823776,29.012373,72.928,17.244893,152.712296,225.913144,2.722563,43.648325,0.0
