3073.649673
0.146651,1,2
0.214664,1,3
0.026667,1,4
0.133333,1,5
0.123051,1,6
1.689099,1,7
0.233012,1,8
2.375819,1,9
0.055977,1,10
0.114667,1,11
1.650885,1,12
0.431499,2,1
7.889315,2,3
18.649267,2,4
53.489656,2,5
14.677013,2,6
5.501131,2,7
10.980324,2,8
12.169691,2,9
4.129897,2,10
3.642029,2,11
54.54076,2,12
0.196117,3,1
40.269805,3,2
26.295787,3,4
10.396685,3,5
60.897171,3,6
21.417093,3,7
33.468907,3,8
11.053683,3,9
8.587011,3,10
10.712947,3,11
24.129755,3,12
0.24816,4,1
10.678,4,2
187.893056,4,3
26.028949,4,5
29.926461,4,6
26.973667,4,7
46.344851,4,8
9.174563,4,9
19.498219,4,10
39.008093,4,11
47.66604,4,12
2.322907,5,1
15.062248,5,2
11.714877,5,3
2.136395,5,4
3.310232,5,6
10.071083,5,7
6.563632,5,8
4.238771,5,9
0.236085,5,10
3.996363,5,11
6.168635,5,12
0.106667,6,1
33.474789,6,2
50.997413,6,3
9.307376,6,4
10.167333,6,5
5.677011,6,7
24.959333,6,8
16.372384,6,9
2.065141,6,10
6.664005,6,11
19.751621,6,12
0.152827,7,1
3.997805,7,2
20.267672,7,3
15.312037,7,4
7.49856,7,5
14.295184,7,6
6.107213,7,8
2.393435,7,9
2.600523,7,10
4.187432,7,11
14.063773,7,12
0.603848,8,1
21.003293,8,2
99.440403,8,3
11.326664,8,4
5.236736,8,5
22.557739,8,6
5.741107,8,7
45.599051,8,9
24.324043,8,10
24.321901,8,11
78.72528,8,12
1.482536,9,1
41.315195,9,2
37.234229,9,3
37.140976,9,4
21.109165,9,5
35.1294,9,6
11.986499,9,7
70.958232,9,8
2.425939,9,10
27.692021,9,11
91.71892,9,12
1.688968,10,2
0.17952,10,3
13.133445,10,4
0.053333,10,5
0.3576,10,6
0.062061,10,7
31.954544,10,8
0.106667,10,9
27.031309,10,11
0.602984,10,12
0.611931,11,1
11.327888,11,2
45.488405,11,3
10.776179,11,4
5.875584,11,5
11.910344,11,6
3.312288,11,7
13.623555,11,8
13.827307,11,9
4.649416,11,10
77.706677,11,12
2.277517,12,1
185.552667,12,2
101.5016,12,3
75.478789,12,4
34.454067,12,5
64.110883,12,6
13.316915,12,7
111.744227,12,8
239.106605,12,9
2.639968,12,10
32.143064,12,11
succeed
0.0,0.146651,0.214664,0.026667,0.133333,0.123051,1.689099,0.233012,2.375819,0.055977,0.114667,1.650885
0.431499,0.0,7.889315,18.649267,53.489656,14.677013,5.501131,10.980324,12.169691,4.129897,3.642029,54.54076
0.196117,40.269805,0.0,26.295787,10.396685,60.897171,21.417093,33.468907,11.053683,8.587011,10.712947,24.129755
0.24816,10.678,187.893056,0.0,26.028949,29.926461,26.973667,46.344851,9.174563,19.498219,39.008093,47.66604
2.322907,15.062248,11.714877,2.136395,0.0,3.310232,10.071083,6.563632,4.238771,0.236085,3.996363,6.168635
0.106667,33.474789,50.997413,9.307376,10.167333,0.0,5.677011,24.959333,16.372384,2.065141,6.664005,19.751621
0.152827,3.997805,20.267672,15.312037,7.49856,14.295184,0.0,6.107213,2.393435,2.600523,4.187432,14.063773
0.603848,21.003293,99.440403,11.326664,5.236736,22.557739,5.741107,0.0,45.599051,24.324043,24.321901,78.72528
1.482536,41.315195,37.234229,37.140976,21.109165,35.1294,11.986499,70.958232,0.0,2.425939,27.692021,91.71892
0.0,1.688968,0.17952,13.133445,0.053333,0.3576,0.062061,31.954544,0.106667,0.0,27.031309,0.602984
0.611931,11.327888,45.488405,10.776179,5.875584,11.910344,3.312288,13.623555,13.827307,4.649416,0.0,77.706677
2.277517,185.552667,101.5016,75.478789,34.454067,64.110883,13.316915,111.744227,239.106605,2.639968,32.143064,0.0
