3678.373736
0.824155,1,2
1.12124,1,3
1.625395,1,4
0.603123,1,5
1.118141,1,6
0.623829,1,7
1.2014,1,8
1.209915,1,9
0.280197,1,10
0.10952,1,11
1.794232,1,12
1.045832,2,1
29.124093,2,3
20.967597,2,4
11.87896,2,5
73.678032,2,6
11.390395,2,7
22.399732,2,8
24.758557,2,9
3.058735,2,10
5.884107,2,11
107.800691,2,12
4.113648,3,1
13.368416,3,2
11.184141,3,4
17.736381,3,5
51.584757,3,6
7.764165,3,7
32.693419,3,8
15.698456,3,9
4.895037,3,10
8.397688,3,11
22.452013,3,12
1.312621,4,1
7.98252,4,2
62.665829,4,3
16.852907,4,5
50.499456,4,6
17.994464,4,7
10.595389,4,8
24.011269,4,9
15.072397,4,10
21.15284,4,11
47.26052,4,12
2.04664,5,1
7.019299,5,2
23.335451,5,3
13.226563,5,4
16.161587,5,6
5.568523,5,7
8.151605,5,8
14.733152,5,9
2.848928,5,10
6.47148,5,11
9.356925,5,12
0.868491,6,1
49.037,6,2
107.083864,6,3
36.151949,6,4
9.161232,6,5
19.543651,6,7
45.897328,6,8
32.620496,6,9
8.132557,6,10
22.864811,6,11
49.748037,6,12
0.510803,7,1
5.731136,7,2
48.55904,7,3
14.731301,7,4
4.812792,7,5
12.333789,7,6
10.003229,7,8
9.744064,7,9
1.86304,7,10
7.509299,7,11
16.9248,7,12
2.395549,8,1
23.042509,8,2
119.041709,8,3
21.452651,8,4
22.244819,8,5
46.905544,8,6
15.655203,8,7
64.14076,8,9
11.946115,8,10
34.558467,8,11
72.013376,8,12
3.105587,9,1
62.964979,9,2
67.084592,9,3
53.846429,9,4
45.501733,9,5
99.181611,9,6
25.217179,9,7
89.473069,9,8
13.320627,9,10
46.313349,9,11
169.520653,9,12
0.026667,10,1
0.851475,10,2
8.554368,10,3
5.125944,10,4
0.722667,10,5
2.190971,10,6
0.835587,10,7
42.559221,10,8
3.376517,10,9
65.576621,10,11
4.036768,10,12
0.180923,11,1
19.1146,11,2
67.286784,11,3
10.312011,11,4
6.15756,11,5
21.489723,11,6
4.868869,11,7
38.151768,11,8
29.688072,11,9
10.526941,11,10
18.933315,11,12
22.947877,12,1
136.854131,12,2
102.894765,12,3
59.351405,12,4
32.348283,12,5
91.054061,12,6
29.140725,12,7
114.016507,12,8
165.715115,12,9
11.120043,12,10
32.897869,12,11
succeed
0.0,0.824155,1.12124,1.625395,0.603123,1.118141,0.623829,1.2014,1.209915,0.280197,0.10952,1.794232
1.045832,0.0,29.124093,20.967597,11.87896,73.678032,11.390395,22.399732,24.758557,3.058735,5.884107,107.800691
4.113648,13.368416,0.0,11.184141,17.736381,51.584757,7.764165,32.693419,15.698456,4.895037,8.397688,22.452013
1.312621,7.98252,62.665829,0.0,16.852907,50.499456,17.994464,10.595389,24.011269,15.072397,21.15284,47.26052
2.04664,7.019299,23.335451,13.226563,0.0,16.161587,5.568523,8.151605,14.733152,2.848928,6.47148,9.356925
0.868491,49.037,107.083864,36.151949,9.161232,0.0,19.543651,45.897328,32.620496,8.132557,22.864811,49.748037
0.510803,5.731136,48.55904,14.731301,4.812792,12.333789,0.0,10.003229,9.744064,1.86304,7.509299,16.9248
2.395549,23.042509,119.041709,21.452651,22.244819,46.905544,15.655203,0.0,64.14076,11.946115,34.558467,72.013376
3.105587,62.964979,67.084592,53.846429,45.501733,99.181611,25.217179,89.473069,0.0,13.320627,46.313349,169.520653
0.026667,0.851475,8.554368,5.125944,0.722667,2.190971,0.835587,42.559221,3.376517,0.0,65.576621,4.036768
0.180923,19.1146,67.286784,10.312011,6.15756,21.489723,4.868869,38.151768,29.688072,10.526941,0.0,18.933315
22.947877,136.854131,102.894765,59.351405,32.348283,91.054061,29.140725,114.016507,165.715115,11.120043,32.897869,0.0
