2272.438002
0.464584,1,3
0.419941,1,5
0.037779,1,7
0.080155,1,8
0.116707,1,11
0.140629,1,12
0.11016,2,1
13.489208,2,3
7.624749,2,4
11.169611,2,5
15.852147,2,6
3.480155,2,7
14.154383,2,8
9.090208,2,9
0.121724,2,10
7.139547,2,11
19.092976,2,12
2.283819,3,1
19.651893,3,2
7.893104,3,4
12.031256,3,5
24.081459,3,6
7.507395,3,7
33.674387,3,8
10.871253,3,9
2.553875,3,10
7.609283,3,11
22.333456,3,12
0.144939,4,1
9.706005,4,2
62.759032,4,3
25.218059,4,5
29.440213,4,6
18.640269,4,7
16.332739,4,8
7.22492,4,9
16.047445,4,10
31.208373,4,11
40.195405,4,12
4.532728,5,1
19.723357,5,2
13.859968,5,3
1.362133,5,4
1.593608,5,6
0.876771,5,7
6.653992,5,8
3.831264,5,9
0.026667,5,10
7.032,5,11
3.731083,5,12
0.026667,6,1
15.606477,6,2
63.626149,6,3
9.991179,6,4
0.844611,6,5
2.511789,6,7
13.455197,6,8
15.185429,6,9
0.505576,6,10
13.724539,6,11
9.258219,6,12
0.028875,7,1
5.849016,7,2
16.477088,7,3
6.297501,7,4
7.994965,7,5
14.477765,7,6
5.260592,7,8
1.734109,7,9
4.126973,7,10
4.506693,7,11
9.562211,7,12
0.293925,8,1
21.999389,8,2
71.940957,8,3
11.713552,8,4
14.868272,8,5
35.117243,8,6
3.798643,8,7
36.698605,8,9
20.958837,8,10
30.11452,8,11
77.987293,8,12
1.437539,9,1
28.89996,9,2
22.66152,9,3
25.915464,9,4
12.179968,9,5
20.899243,9,6
7.094139,9,7
71.241661,9,8
8.198696,9,10
32.717517,9,11
64.414363,9,12
1.412875,10,2
0.402885,10,3
4.459669,10,4
0.026667,10,5
0.293112,10,6
36.539333,10,8
0.653317,10,9
41.338837,10,11
0.026667,10,12
0.894208,11,1
7.73372,11,2
15.640891,11,3
3.386808,11,4
3.792552,11,5
7.226432,11,6
1.833571,11,7
15.831285,11,8
10.571693,11,9
10.361467,11,10
11.888781,11,12
1.664341,12,1
108.063333,12,2
67.075859,12,3
64.680936,12,4
25.175211,12,5
34.396952,12,6
10.275061,12,7
150.197205,12,8
157.847104,12,9
1.354859,12,10
61.972632,12,11
succeed
0.0,0.0,0.464584,0.0,0.419941,0.0,0.037779,0.080155,0.0,0.0,0.116707,0.140629
0.11016,0.0,13.489208,7.624749,11.169611,15.852147,3.480155,14.154383,9.090208,0.121724,7.139547,19.092976
2.283819,19.651893,0.0,7.893104,12.031256,24.081459,7.507395,33.674387,10.871253,2.553875,7.609283,22.333456
0.144939,9.706005,62.759032,0.0,25.218059,29.440213,18.640269,16.332739,7.22492,16.047445,31.208373,40.195405
4.532728,19.723357,13.859968,1.362133,0.0,1.593608,0.876771,6.653992,3.831264,0.026667,7.032,3.731083
0.026667,15.606477,63.626149,9.991179,0.844611,0.0,2.511789,13.455197,15.185429,0.505576,13.724539,9.258219
0.028875,5.849016,16.477088,6.297501,7.994965,14.477765,0.0,5.260592,1.734109,4.126973,4.506693,9.562211
0.293925,21.999389,71.940957,11.713552,14.868272,35.117243,3.798643,0.0,36.698605,20.958837,30.11452,77.987293
1.437539,28.89996,22.66152,25.915464,12.179968,20.899243,7.094139,71.241661,0.0,8.198696,32.717517,64.414363
0.0,1.412875,0.402885,4.459669,0.026667,0.293112,0.0,36.539333,0.653317,0.0,41.338837,0.026667
0.894208,7.73372,15.640891,3.386808,3.792552,7.226432,1.833571,15.831285,10.571693,10.361467,0.0,11.888781
1.664341,108.063333,67.075859,64.680936,25.175211,34.396952,10.275061,150.197205,157.847104,1.354859,61.972632,0.0
