2225.685536
0.053333,1,2
0.803072,1,3
0.077675,1,5
0.026667,1,6
0.053333,1,9
0.197301,1,11
1.518632,1,12
0.070136,2,1
7.657248,2,3
2.750227,2,4
7.401224,2,5
17.845685,2,6
0.965368,2,7
11.409453,2,8
10.838184,2,9
0.575227,2,10
8.920261,2,11
60.113083,2,12
0.194568,3,1
7.916069,3,2
18.323592,3,4
7.409541,3,5
24.480451,3,6
9.650267,3,7
43.496075,3,8
6.413493,3,9
0.658293,3,10
21.151347,3,11
26.785336,3,12
0.065165,4,1
11.032421,4,2
55.698421,4,3
10.763256,4,5
36.730627,4,6
9.532091,4,7
9.545261,4,8
16.999077,4,9
4.148221,4,10
12.997533,4,11
53.606456,4,12
3.810811,5,1
11.272744,5,2
14.289019,5,3
0.540173,5,4
0.897472,5,6
0.890603,5,7
2.786171,5,8
5.704875,5,9
0.361413,5,10
4.2002,5,11
3.388035,5,12
0.053333,6,1
22.85136,6,2
77.656523,6,3
7.400747,6,4
10.995344,6,5
6.024448,6,7
14.250424,6,8
16.249859,6,9
0.130451,6,10
9.660933,6,11
19.308648,6,12
2.213635,7,2
28.279973,7,3
12.307923,7,4
5.252307,7,5
10.823381,7,6
5.034749,7,8
2.830179,7,9
2.035987,7,10
6.943848,7,11
6.491843,7,12
0.053333,8,1
9.228811,8,2
149.849875,8,3
5.591643,8,4
8.61624,8,5
17.509501,8,6
2.287155,8,7
40.070525,8,9
12.755619,8,10
48.374163,8,11
31.858731,8,12
5.286059,9,1
37.09712,9,2
96.79688,9,3
26.964056,9,4
4.188051,9,5
23.805592,9,6
6.010323,9,7
50.778768,9,8
0.896019,9,10
27.135189,9,11
60.13948,9,12
0.80064,10,2
0.229653,10,3
1.568717,10,4
0.145877,10,5
0.399069,10,6
0.053333,10,7
40.737587,10,8
0.674408,10,9
30.864648,10,11
0.091011,10,12
0.241427,11,1
10.725736,11,2
29.972112,11,3
5.807813,11,4
6.091077,11,5
16.863829,11,6
2.968211,11,7
22.070048,11,8
11.396269,11,9
2.264504,11,10
9.540067,11,12
2.503035,12,1
170.723445,12,2
58.939149,12,3
40.290771,12,4
18.295115,12,5
30.122229,12,6
17.10656,12,7
41.966867,12,8
114.8206,12,9
2.857296,12,10
35.450219,12,11
succeed
0.0,0.053333,0.803072,0.0,0.077675,0.026667,0.0,0.0,0.053333,0.0,0.197301,1.518632
0.070136,0.0,7.657248,2.750227,7.401224,17.845685,0.965368,11.409453,10.838184,0.575227,8.920261,60.113083
0.194568,7.916069,0.0,18.323592,7.409541,24.480451,9.650267,43.496075,6.413493,0.658293,21.151347,26.785336
0.065165,11.032421,55.698421,0.0,10.763256,36.730627,9.532091,9.545261,16.999077,4.148221,12.997533,53.606456
3.810811,11.272744,14.289019,0.540173,0.0,0.897472,0.890603,2.786171,5.704875,0.361413,4.2002,3.388035
0.053333,22.85136,77.656523,7.400747,10.995344,0.0,6.024448,14.250424,16.249859,0.130451,9.660933,19.308648
0.0,2.213635,28.279973,12.307923,5.252307,10.823381,0.0,5.034749,2.830179,2.035987,6.943848,6.491843
0.053333,9.228811,149.849875,5.591643,8.61624,17.509501,2.287155,0.0,40.070525,12.755619,48.374163,31.858731
5.286059,37.09712,96.79688,26.964056,4.188051,23.805592,6.010323,50.778768,0.0,0.896019,27.135189,60.13948
0.0,0.80064,0.229653,1.568717,0.145877,0.399069,0.053333,40.737587,0.674408,0.0,30.864648,0.091011
0.241427,10.725736,29.972112,5.807813,6.091077,16.863829,2.968211,22.070048,11.396269,2.264504,0.0,9.540067
2.503035,170.723445,58.939149,40.290771,18.295115,30.122229,17.10656,41.966867,114.8206,2.857296,35.450219,0.0
