4311.209046
0.32808,1,2
0.718611,1,3
1.232448,1,5
2.866491,1,6
0.633784,1,7
0.346589,1,9
2.470085,1,12
28.612576,2,3
0.027024,2,4
69.731709,2,5
51.751187,2,6
9.098968,2,7
24.220192,2,9
0.026667,2,10
0.346771,2,11
71.374339,2,12
43.815128,3,2
45.355875,3,4
169.814981,3,5
92.980584,3,6
14.298133,3,7
0.18524,3,8
59.424517,3,9
0.026667,3,10
1.085616,3,11
51.347883,3,12
10.459077,4,2
77.475437,4,3
71.091072,4,5
34.728013,4,6
7.24964,4,7
0.496,4,8
25.472029,4,9
14.393579,4,10
14.718509,4,11
49.029483,4,12
50.255179,5,2
1.463011,5,3
0.026667,5,4
0.091669,5,6
0.026667,5,7
7.307189,5,9
0.08,5,11
135.859192,5,12
47.597787,6,2
165.083048,6,3
39.368136,6,4
75.471597,6,5
10.185941,6,7
0.053333,6,8
59.199325,6,9
0.399909,6,10
2.171901,6,11
50.624883,6,12
6.971435,7,2
42.352413,7,3
11.623339,7,4
20.788408,7,5
21.916629,7,6
0.053333,7,8
12.356229,7,9
0.113845,7,11
22.317749,7,12
36.375539,8,2
8.775747,8,3
22.507243,8,4
282.965227,8,5
0.537579,8,6
0.870883,8,7
102.532504,8,9
18.947565,8,10
38.651731,8,11
126.429733,8,12
71.559643,9,2
105.382184,9,3
54.793931,9,4
191.039693,9,5
76.882333,9,6
24.469616,9,7
0.403288,9,8
0.031163,9,10
4.092731,9,11
165.05616,9,12
0.362197,10,2
0.107552,10,3
5.513397,10,4
8.505317,10,5
0.026667,10,6
0.353605,10,7
52.15664,10,8
5.322595,10,9
69.259955,10,11
3.72332,10,12
9.760464,11,2
1.052568,11,3
10.389653,11,4
52.555128,11,5
4.047173,11,7
42.770464,11,8
17.478384,11,9
6.899403,11,10
16.001923,11,12
126.289205,12,2
113.225909,12,3
12.16844,12,4
324.56272,12,5
44.399784,12,6
19.492883,12,7
0.142667,12,8
198.627515,12,9
0.026667,12,10
2.69056,12,11
succeed
0.0,0.32808,0.718611,0.0,1.232448,2.866491,0.633784,0.0,0.346589,0.0,0.0,2.470085
0.0,0.0,28.612576,0.027024,69.731709,51.751187,9.098968,0.0,24.220192,0.026667,0.346771,71.374339
0.0,43.815128,0.0,45.355875,169.814981,92.980584,14.298133,0.18524,59.424517,0.026667,1.085616,51.347883
0.0,10.459077,77.475437,0.0,71.091072,34.728013,7.24964,0.496,25.472029,14.393579,14.718509,49.029483
0.0,50.255179,1.463011,0.026667,0.0,0.091669,0.026667,0.0,7.307189,0.0,0.08,135.859192
0.0,47.597787,165.083048,39.368136,75.471597,0.0,10.185941,0.053333,59.199325,0.399909,2.171901,50.624883
0.0,6.971435,42.352413,11.623339,20.788408,21.916629,0.0,0.053333,12.356229,0.0,0.113845,22.317749
0.0,36.375539,8.775747,22.507243,282.965227,0.537579,0.870883,0.0,102.532504,18.947565,38.651731,126.429733
0.0,71.559643,105.382184,54.793931,191.039693,76.882333,24.469616,0.403288,0.0,0.031163,4.092731,165.05616
0.0,0.362197,0.107552,5.513397,8.505317,0.026667,0.353605,52.15664,5.322595,0.0,69.259955,3.72332
0.0,9.760464,1.052568,10.389653,52.555128,0.0,4.047173,42.770464,17.478384,6.899403,0.0,16.001923
0.0,126.289205,113.225909,12.16844,324.56272,44.399784,19.492883,0.142667,198.627515,0.026667,2.69056,0.0
