2214.536967
0.189728,1,3
0.270216,1,5
0.761368,1,7
0.536253,1,12
8.168877,2,3
0.030048,2,4
32.633605,2,5
13.688493,2,6
2.079333,2,7
7.589512,2,9
0.903368,2,11
39.919872,2,12
10.755443,3,2
23.114211,3,4
73.341949,3,5
38.451179,3,6
13.610819,3,7
0.591835,3,8
14.021709,3,9
0.053333,3,10
0.87844,3,11
25.178032,3,12
5.664675,4,2
52.702133,4,3
37.461701,4,5
44.663683,4,6
14.057909,4,7
12.71588,4,9
7.886957,4,10
0.326101,4,11
52.354269,4,12
32.219301,5,2
2.032763,5,3
0.026667,5,6
5.204603,5,9
0.026667,5,11
46.415453,5,12
4.731656,6,2
54.089232,6,3
12.851304,6,4
24.728773,6,5
10.052688,6,7
18.431776,6,9
0.088032,6,10
0.735251,6,11
10.679296,6,12
6.778888,7,2
26.929627,7,3
11.176117,7,4
8.861259,7,5
14.780387,7,6
3.133093,7,9
0.135123,7,11
8.792579,7,12
25.379603,8,2
40.257587,8,3
12.983627,8,4
261.933112,8,5
0.670984,8,6
0.41552,8,7
52.201312,8,9
11.549533,8,10
14.845344,8,11
42.1986,8,12
13.615125,9,2
19.0596,9,3
27.584941,9,4
85.974325,9,5
27.547235,9,6
6.474435,9,7
0.105451,9,8
0.091413,9,10
2.818659,9,11
61.538581,9,12
1.628003,10,2
0.108971,10,3
3.015755,10,4
3.544408,10,5
0.053333,10,6
1.420811,10,7
31.426848,10,8
1.434557,10,9
51.815656,10,11
0.844381,10,12
7.42548,11,2
9.237568,11,3
1.180744,11,4
65.184595,11,5
0.158256,11,6
3.273576,11,7
15.304568,11,8
3.517123,11,9
3.377411,11,10
6.123496,11,12
83.346355,12,2
28.342507,12,3
1.678707,12,4
181.156552,12,5
41.111965,12,6
13.988883,12,7
0.090813,12,8
107.693656,12,9
0.08,12,10
2.225536,12,11
succeed
0.0,0.0,0.189728,0.0,0.270216,0.0,0.761368,0.0,0.0,0.0,0.0,0.536253
0.0,0.0,8.168877,0.030048,32.633605,13.688493,2.079333,0.0,7.589512,0.0,0.903368,39.919872
0.0,10.755443,0.0,23.114211,73.341949,38.451179,13.610819,0.591835,14.021709,0.053333,0.87844,25.178032
0.0,5.664675,52.702133,0.0,37.461701,44.663683,14.057909,0.0,12.71588,7.886957,0.326101,52.354269
0.0,32.219301,2.032763,0.0,0.0,0.026667,0.0,0.0,5.204603,0.0,0.026667,46.415453
0.0,4.731656,54.089232,12.851304,24.728773,0.0,10.052688,0.0,18.431776,0.088032,0.735251,10.679296
0.0,6.778888,26.929627,11.176117,8.861259,14.780387,0.0,0.0,3.133093,0.0,0.135123,8.792579
0.0,25.379603,40.257587,12.983627,261.933112,0.670984,0.41552,0.0,52.201312,11.549533,14.845344,42.1986
0.0,13.615125,19.0596,27.584941,85.974325,27.547235,6.474435,0.105451,0.0,0.091413,2.818659,61.538581
0.0,1.628003,0.108971,3.015755,3.544408,0.053333,1.420811,31.426848,1.434557,0.0,51.815656,0.844381
0.0,7.42548,9.237568,1.180744,65.184595,0.158256,3.273576,15.304568,3.517123,3.377411,0.0,6.123496
0.0,83.346355,28.342507,1.678707,181.156552,41.111965,13.988883,0.090813,107.693656,0.08,2.225536,0.0
