1821.613216
0.426013,1,2
0.150381,1,3
0.08,1,4
0.085547,1,5
0.148909,1,6
0.053333,1,7
0.0712,1,8
0.08,1,9
0.151752,1,11
0.093693,1,12
0.043309,2,1
7.88344,2,3
2.591672,2,4
25.543653,2,5
10.941949,2,6
0.363805,2,7
22.276733,2,8
2.26092,2,9
0.232299,2,10
2.890312,2,11
17.95908,2,12
11.731176,3,2
23.837251,3,4
8.969989,3,5
20.170333,3,6
23.239363,3,7
46.377651,3,8
4.757069,3,9
0.149728,3,10
3.501021,3,11
13.260149,3,12
0.086048,4,1
6.923635,4,2
33.412459,4,3
11.525221,4,5
40.582571,4,6
12.703957,4,7
14.130829,4,8
13.094803,4,9
3.256323,4,10
17.740781,4,11
29.571107,4,12
3.611437,5,1
9.293869,5,2
6.437256,5,3
0.441733,5,4
0.158387,5,6
1.677581,5,7
3.131581,5,8
1.219232,5,9
0.026667,5,10
0.893896,5,11
2.438016,5,12
1.058075,6,1
17.225624,6,2
27.816853,6,3
7.516997,6,4
1.632419,6,5
1.347704,6,7
28.899821,6,8
23.526835,6,9
0.148328,6,10
3.43104,6,11
10.156629,6,12
0.444651,7,1
2.001283,7,2
9.556395,7,3
21.995771,7,4
5.258547,7,5
8.720464,7,6
7.185837,7,8
2.897208,7,9
2.126885,7,10
4.468997,7,11
7.516707,7,12
0.39516,8,1
43.904597,8,2
55.303328,8,3
5.097621,8,4
2.487507,8,5
12.543949,8,6
5.339424,8,7
31.267675,8,9
7.968421,8,10
21.887456,8,11
38.487456,8,12
22.326627,9,2
27.155795,9,3
21.076376,9,4
7.881749,9,5
15.373821,9,6
7.700096,9,7
60.926643,9,8
0.495235,9,10
20.632093,9,11
22.228312,9,12
0.026667,10,1
8.327707,10,4
0.064512,10,5
0.233723,10,6
0.026667,10,7
20.766024,10,8
0.181419,10,9
27.907032,10,11
0.109835,10,12
0.026667,11,1
11.395704,11,2
7.118013,11,3
3.625848,11,4
3.119115,11,5
2.401432,11,6
7.263899,11,7
78.9284,11,8
4.589843,11,9
5.270659,11,10
3.173653,11,12
1.729376,12,1
162.181117,12,2
46.936333,12,3
53.230341,12,4
12.339296,12,5
40.222669,12,6
18.966789,12,7
52.039144,12,8
122.413256,12,9
1.630781,12,10
37.275765,12,11
succeed
0.0,0.426013,0.150381,0.08,0.085547,0.148909,0.053333,0.0712,0.08,0.0,0.151752,0.093693
0.043309,0.0,7.88344,2.591672,25.543653,10.941949,0.363805,22.276733,2.26092,0.232299,2.890312,17.95908
0.0,11.731176,0.0,23.837251,8.969989,20.170333,23.239363,46.377651,4.757069,0.149728,3.501021,13.260149
0.086048,6.923635,33.412459,0.0,11.525221,40.582571,12.703957,14.130829,13.094803,3.256323,17.740781,29.571107
3.611437,9.293869,6.437256,0.441733,0.0,0.158387,1.677581,3.131581,1.219232,0.026667,0.893896,2.438016
1.058075,17.225624,27.816853,7.516997,1.632419,0.0,1.347704,28.899821,23.526835,0.148328,3.43104,10.156629
0.444651,2.001283,9.556395,21.995771,5.258547,8.720464,0.0,7.185837,2.897208,2.126885,4.468997,7.516707
0.39516,43.904597,55.303328,5.097621,2.487507,12.543949,5.339424,0.0,31.267675,7.968421,21.887456,38.487456
0.0,22.326627,27.155795,21.076376,7.881749,15.373821,7.700096,60.926643,0.0,0.495235,20.632093,22.228312
0.026667,0.0,0.0,8.327707,0.064512,0.233723,0.026667,20.766024,0.181419,0.0,27.907032,0.109835
0.026667,11.395704,7.118013,3.625848,3.119115,2.401432,7.263899,78.9284,4.589843,5.270659,0.0,3.173653
1.729376,162.181117,46.936333,53.230341,12.339296,40.222669,18.966789,52.039144,122.413256,1.630781,37.275765,0.0
