2488.217674
0.635016,1,2
0.318387,1,3
0.075389,1,5
0.026667,1,6
0.096251,1,7
0.451939,1,8
0.176856,1,9
0.026667,1,11
0.644296,1,12
1.002605,2,1
14.455859,2,3
5.066904,2,4
1.069848,2,5
18.206664,2,6
2.166779,2,7
14.938205,2,8
16.376477,2,9
0.579771,2,10
4.738072,2,11
53.789291,2,12
0.960909,3,1
12.085043,3,2
33.167581,3,4
48.925253,3,5
40.912221,3,6
12.836632,3,7
39.003107,3,8
19.796811,3,9
3.939013,3,10
9.288755,3,11
26.535371,3,12
0.266261,4,1
5.648216,4,2
47.660488,4,3
22.627856,4,5
26.659099,4,6
20.252435,4,7
11.369069,4,8
25.841909,4,9
10.721184,4,10
7.960192,4,11
65.547453,4,12
2.568085,5,1
1.831992,5,2
16.836709,5,3
2.482808,5,4
4.098904,5,6
1.705475,5,7
100.335411,5,8
4.205779,5,9
2.097629,5,10
1.740157,5,11
2.814195,5,12
0.053333,6,1
8.489661,6,2
49.775523,6,3
34.105384,6,4
2.946733,6,5
9.98772,6,7
14.697717,6,8
15.799197,6,9
6.648456,6,10
8.187843,6,11
11.089331,6,12
1.933112,7,1
2.693144,7,2
20.104163,7,3
11.147637,7,4
0.680205,7,5
9.177387,7,6
9.549133,7,8
5.953144,7,9
0.524477,7,10
3.689405,7,11
7.613709,7,12
0.155381,8,1
16.72884,8,2
205.794573,8,3
7.241227,8,4
8.86392,8,5
31.364184,8,6
13.294312,8,7
46.534413,8,9
12.190768,8,10
20.896304,8,11
68.207557,8,12
1.829091,9,1
20.168888,9,2
32.035344,9,3
27.431883,9,4
17.044768,9,5
34.388051,9,6
10.491797,9,7
73.930395,9,8
6.547437,9,10
27.582392,9,11
51.535179,9,12
0.106667,10,2
1.316368,10,3
1.569128,10,4
0.958995,10,5
10.558531,10,6
0.269981,10,7
34.343555,10,8
1.168,10,9
47.668152,10,11
0.349531,10,12
0.387971,11,1
7.335723,11,2
25.198493,11,3
1.824875,11,4
2.047851,11,5
5.085048,11,6
4.967251,11,7
25.297704,11,8
13.378896,11,9
6.433248,11,10
6.045083,11,12
0.10344,12,1
87.744357,12,2
57.224653,12,3
59.642859,12,4
9.750795,12,5
29.623792,12,6
18.895728,12,7
121.856256,12,8
122.012637,12,9
3.591832,12,10
44.793211,12,11
succeed
0.0,0.635016,0.318387,0.0,0.075389,0.026667,0.096251,0.451939,0.176856,0.0,0.026667,0.644296
1.002605,0.0,14.455859,5.066904,1.069848,18.206664,2.166779,14.938205,16.376477,0.579771,4.738072,53.789291
0.960909,12.085043,0.0,33.167581,48.925253,40.912221,12.836632,39.003107,19.796811,3.939013,9.288755,26.535371
0.266261,5.648216,47.660488,0.0,22.627856,26.659099,20.252435,11.369069,25.841909,10.721184,7.960192,65.547453
2.568085,1.831992,16.836709,2.482808,0.0,4.098904,1.705475,100.335411,4.205779,2.097629,1.740157,2.814195
0.053333,8.489661,49.775523,34.105384,2.946733,0.0,9.98772,14.697717,15.799197,6.648456,8.187843,11.089331
1.933112,2.693144,20.104163,11.147637,0.680205,9.177387,0.0,9.549133,5.953144,0.524477,3.689405,7.613709
0.155381,16.72884,205.794573,7.241227,8.86392,31.364184,13.294312,0.0,46.534413,12.190768,20.896304,68.207557
1.829091,20.168888,32.035344,27.431883,17.044768,34.388051,10.491797,73.930395,0.0,6.547437,27.582392,51.535179
0.0,0.106667,1.316368,1.569128,0.958995,10.558531,0.269981,34.343555,1.168,0.0,47.668152,0.349531
0.387971,7.335723,25.198493,1.824875,2.047851,5.085048,4.967251,25.297704,13.378896,6.433248,0.0,6.045083
0.10344,87.744357,57.224653,59.642859,9.750795,29.623792,18.895728,121.856256,122.012637,3.591832,44.793211,0.0
