2964.465094
0.77328,1,2
1.042064,1,3
0.419904,1,4
0.429608,1,5
2.214024,1,6
0.165728,1,7
0.781848,1,8
1.801517,1,9
0.021864,1,10
0.122397,1,11
0.839907,1,12
0.553517,2,1
12.755723,2,3
5.793392,2,4
5.971317,2,5
15.460824,2,6
5.024741,2,7
17.763579,2,8
13.994083,2,9
0.355235,2,10
9.630315,2,11
36.453189,2,12
1.401283,3,1
64.288739,3,2
17.316515,3,4
10.84468,3,5
85.370189,3,6
16.717973,3,7
91.574355,3,8
29.917312,3,9
8.507715,3,10
15.794835,3,11
30.085808,3,12
0.198869,4,1
3.703368,4,2
59.502256,4,3
17.666776,4,5
14.785699,4,6
31.659613,4,7
14.711696,4,8
14.317829,4,9
15.612571,4,10
24.242453,4,11
25.410096,4,12
3.118677,5,1
7.052416,5,2
18.334357,5,3
2.420013,5,4
16.903659,5,6
10.800627,5,7
4.242357,5,8
4.904853,5,9
5.067584,5,11
4.918877,5,12
0.341587,6,1
10.814048,6,2
84.746293,6,3
8.540363,6,4
3.731517,6,5
18.748464,6,7
17.959085,6,8
14.199256,6,9
2.194821,6,10
16.716949,6,11
26.156557,6,12
0.519947,7,1
6.688877,7,2
22.840901,7,3
8.498125,7,4
3.20916,7,5
24.780389,7,6
4.466141,7,8
7.768104,7,9
4.512309,7,10
6.790909,7,11
15.697813,7,12
0.533016,8,1
10.42068,8,2
103.901237,8,3
10.258317,8,4
7.879024,8,5
18.626189,8,6
5.485944,8,7
58.487405,8,9
18.574483,8,10
54.959533,8,11
47.232211,8,12
1.716637,9,1
46.728941,9,2
49.353576,9,3
22.863413,9,4
15.157509,9,5
34.192248,9,6
19.915229,9,7
77.705267,9,8
4.054915,9,10
31.419597,9,11
94.643317,9,12
0.026667,10,2
3.330552,10,4
0.366747,10,6
33.407819,10,8
0.338325,10,9
23.802507,10,11
0.026667,10,12
0.298285,11,1
33.963363,11,2
55.682027,11,3
16.202576,11,4
26.444917,11,5
42.319304,11,6
27.178528,11,7
65.087352,11,8
22.869323,11,9
2.67044,11,10
49.751659,11,12
2.425021,12,1
76.13484,12,2
85.565565,12,3
81.211083,12,4
36.97428,12,5
50.230859,12,6
25.263581,12,7
115.734248,12,8
186.778795,12,9
3.1554,12,10
49.431955,12,11
succeed
0.0,0.77328,1.042064,0.419904,0.429608,2.214024,0.165728,0.781848,1.801517,0.021864,0.122397,0.839907
0.553517,0.0,12.755723,5.793392,5.971317,15.460824,5.024741,17.763579,13.994083,0.355235,9.630315,36.453189
1.401283,64.288739,0.0,17.316515,10.84468,85.370189,16.717973,91.574355,29.917312,8.507715,15.794835,30.085808
0.198869,3.703368,59.502256,0.0,17.666776,14.785699,31.659613,14.711696,14.317829,15.612571,24.242453,25.410096
3.118677,7.052416,18.334357,2.420013,0.0,16.903659,10.800627,4.242357,4.904853,0.0,5.067584,4.918877
0.341587,10.814048,84.746293,8.540363,3.731517,0.0,18.748464,17.959085,14.199256,2.194821,16.716949,26.156557
0.519947,6.688877,22.840901,8.498125,3.20916,24.780389,0.0,4.466141,7.768104,4.512309,6.790909,15.697813
0.533016,10.42068,103.901237,10.258317,7.879024,18.626189,5.485944,0.0,58.487405,18.574483,54.959533,47.232211
1.716637,46.728941,49.353576,22.863413,15.157509,34.192248,19.915229,77.705267,0.0,4.054915,31.419597,94.643317
0.0,0.026667,0.0,3.330552,0.0,0.366747,0.0,33.407819,0.338325,0.0,23.802507,0.026667
0.298285,33.963363,55.682027,16.202576,26.444917,42.319304,27.178528,65.087352,22.869323,2.67044,0.0,49.751659
2.425021,76.13484,85.565565,81.211083,36.97428,50.230859,25.263581,115.734248,186.778795,3.1554,49.431955,0.0
