4224.758398
0.373469,1,2
0.801771,1,3
0.101248,1,4
0.17488,1,5
0.858541,1,6
2.914613,1,7
0.510744,1,8
0.561736,1,9
0.026667,1,10
0.053333,1,11
4.063357,1,12
0.689093,2,1
27.451032,2,3
21.903037,2,4
10.084725,2,5
45.743952,2,6
4.562917,2,7
27.908032,2,8
13.494512,2,9
2.517752,2,10
14.060629,2,11
58.298328,2,12
4.001112,3,1
25.344656,3,2
35.075875,3,4
25.057224,3,5
95.149411,3,6
36.726165,3,7
65.278827,3,8
26.755816,3,9
3.225661,3,10
11.200875,3,11
51.750307,3,12
0.508645,4,1
14.804451,4,2
65.220192,4,3
17.533075,4,5
42.519189,4,6
19.85156,4,7
33.855829,4,8
22.427283,4,9
9.087104,4,10
9.19356,4,11
49.870424,4,12
2.786331,5,1
12.335624,5,2
35.68184,5,3
4.955136,5,4
11.973312,5,6
5.701029,5,7
13.751789,5,8
8.299373,5,9
1.594629,5,10
2.835493,5,11
9.210216,5,12
1.470437,6,1
33.745432,6,2
163.988808,6,3
13.057813,6,4
16.50464,6,5
12.844832,6,7
59.422221,6,8
62.43228,6,9
11.789832,6,10
23.769181,6,11
80.008427,6,12
0.486899,7,1
5.580328,7,2
34.401373,7,3
13.736595,7,4
4.555699,7,5
23.225072,7,6
7.489883,7,8
8.825317,7,9
1.796272,7,10
2.707093,7,11
14.97304,7,12
10.063419,8,1
37.122168,8,2
158.933091,8,3
19.125312,8,4
21.647549,8,5
114.375973,8,6
23.885864,8,7
89.265981,8,9
21.360173,8,10
35.309971,8,11
131.412803,8,12
6.627912,9,1
55.177744,9,2
91.194184,9,3
44.954787,9,4
25.977613,9,5
65.593605,9,6
29.263821,9,7
99.326576,9,8
8.308541,9,10
32.805141,9,11
182.331784,9,12
0.071115,10,1
1.021341,10,2
2.495904,10,3
11.417925,10,4
1.209464,10,5
0.94836,10,6
0.954171,10,7
56.711973,10,8
1.843027,10,9
56.721168,10,11
2.582131,10,12
0.325635,11,1
13.415621,11,2
29.051709,11,3
5.731181,11,4
5.442675,11,5
17.135973,11,6
22.011955,11,7
32.285245,11,8
14.997683,11,9
6.771733,11,10
29.288837,11,12
3.265197,12,1
132.816523,12,2
181.186216,12,3
79.985091,12,4
24.696611,12,5
76.095491,12,6
45.668352,12,7
140.17648,12,8
242.0266,12,9
8.135192,12,10
66.679952,12,11
succeed
0.0,0.373469,0.801771,0.101248,0.17488,0.858541,2.914613,0.510744,0.561736,0.026667,0.053333,4.063357
0.689093,0.0,27.451032,21.903037,10.084725,45.743952,4.562917,27.908032,13.494512,2.517752,14.060629,58.298328
4.001112,25.344656,0.0,35.075875,25.057224,95.149411,36.726165,65.278827,26.755816,3.225661,11.200875,51.750307
0.508645,14.804451,65.220192,0.0,17.533075,42.519189,19.85156,33.855829,22.427283,9.087104,9.19356,49.870424
2.786331,12.335624,35.68184,4.955136,0.0,11.973312,5.701029,13.751789,8.299373,1.594629,2.835493,9.210216
1.470437,33.745432,163.988808,13.057813,16.50464,0.0,12.844832,59.422221,62.43228,11.789832,23.769181,80.008427
0.486899,5.580328,34.401373,13.736595,4.555699,23.225072,0.0,7.489883,8.825317,1.796272,2.707093,14.97304
10.063419,37.122168,158.933091,19.125312,21.647549,114.375973,23.885864,0.0,89.265981,21.360173,35.309971,131.412803
6.627912,55.177744,91.194184,44.954787,25.977613,65.593605,29.263821,99.326576,0.0,8.308541,32.805141,182.331784
0.071115,1.021341,2.495904,11.417925,1.209464,0.94836,0.954171,56.711973,1.843027,0.0,56.721168,2.582131
0.325635,13.415621,29.051709,5.731181,5.442675,17.135973,22.011955,32.285245,14.997683,6.771733,0.0,29.288837
3.265197,132.816523,181.186216,79.985091,24.696611,76.095491,45.668352,140.17648,242.0266,8.135192,66.679952,0.0
