1790.552807
0.053333,1,3
0.027661,1,5
0.142773,1,8
0.053333,1,9
0.24628,1,12
0.027915,2,1
2.636421,2,3
4.630613,2,4
20.637453,2,5
9.434224,2,6
1.565352,2,7
12.110439,2,8
3.00884,2,9
1.314292,2,10
9.414272,2,11
23.008037,2,12
0.138229,3,1
8.103891,3,2
10.146899,3,4
4.078739,3,5
11.779347,3,6
14.980685,3,7
24.675195,3,8
11.234331,3,9
0.652728,3,10
9.587237,3,11
12.350656,3,12
0.122059,4,1
3.827584,4,2
54.797629,4,3
18.343419,4,5
23.986301,4,6
10.718944,4,7
6.990275,4,8
11.194987,4,9
7.173157,4,10
8.381944,4,11
44.499,4,12
0.192736,5,1
7.913773,5,2
15.37852,5,3
0.68364,5,4
2.548589,5,6
0.506843,5,7
4.757952,5,8
1.094488,5,9
0.026667,5,10
0.273189,5,11
1.274115,5,12
0.104027,6,1
3.551288,6,2
48.849416,6,3
14.136248,6,4
0.266275,6,5
1.874123,6,7
12.221912,6,8
12.431832,6,9
0.120912,6,10
9.289885,6,11
3.37724,6,12
2.444035,7,2
15.968963,7,3
3.183963,7,4
3.18588,7,5
10.372299,7,6
3.090288,7,8
0.808549,7,9
1.68472,7,10
2.356731,7,11
4.896155,7,12
0.026667,8,1
33.722752,8,2
84.612045,8,3
8.317872,8,4
13.522368,8,5
3.695512,8,6
1.233195,8,7
25.680701,8,9
17.686157,8,10
16.602893,8,11
76.015741,8,12
0.026667,9,1
14.16184,9,2
23.865411,9,3
23.036603,9,4
2.243733,9,5
7.446336,9,6
3.495299,9,7
56.391904,9,8
0.496365,9,10
19.985963,9,11
53.225851,9,12
0.053333,10,3
3.868523,10,4
0.260821,10,6
35.650728,10,8
31.095104,10,11
7.113632,11,2
32.13828,11,3
1.287293,11,4
1.703725,11,5
3.062112,11,6
1.065619,11,7
11.582664,11,8
9.777216,11,9
2.893893,11,10
5.032035,11,12
0.114667,12,1
88.074424,12,2
80.786795,12,3
42.196936,12,4
23.822648,12,5
25.149864,12,6
3.093592,12,7
89.551032,12,8
204.633,12,9
1.585925,12,10
24.527344,12,11
succeed
0.0,0.0,0.053333,0.0,0.027661,0.0,0.0,0.142773,0.053333,0.0,0.0,0.24628
0.027915,0.0,2.636421,4.630613,20.637453,9.434224,1.565352,12.110439,3.00884,1.314292,9.414272,23.008037
0.138229,8.103891,0.0,10.146899,4.078739,11.779347,14.980685,24.675195,11.234331,0.652728,9.587237,12.350656
0.122059,3.827584,54.797629,0.0,18.343419,23.986301,10.718944,6.990275,11.194987,7.173157,8.381944,44.499
0.192736,7.913773,15.37852,0.68364,0.0,2.548589,0.506843,4.757952,1.094488,0.026667,0.273189,1.274115
0.104027,3.551288,48.849416,14.136248,0.266275,0.0,1.874123,12.221912,12.431832,0.120912,9.289885,3.37724
0.0,2.444035,15.968963,3.183963,3.18588,10.372299,0.0,3.090288,0.808549,1.68472,2.356731,4.896155
0.026667,33.722752,84.612045,8.317872,13.522368,3.695512,1.233195,0.0,25.680701,17.686157,16.602893,76.015741
0.026667,14.16184,23.865411,23.036603,2.243733,7.446336,3.495299,56.391904,0.0,0.496365,19.985963,53.225851
0.0,0.0,0.053333,3.868523,0.0,0.260821,0.0,35.650728,0.0,0.0,31.095104,0.0
0.0,7.113632,32.13828,1.287293,1.703725,3.062112,1.065619,11.582664,9.777216,2.893893,0.0,5.032035
0.114667,88.074424,80.786795,42.196936,23.822648,25.149864,3.093592,89.551032,204.633,1.585925,24.527344,0.0
