3316.416413
2.529133,1,2
1.195027,1,3
0.130888,1,5
0.08,1,6
0.182659,1,7
0.35856,1,8
0.08,1,9
0.124651,1,11
0.796,1,12
0.360645,2,1
26.307333,2,3
10.409341,2,4
8.586267,2,5
28.933157,2,6
4.215773,2,7
16.638224,2,8
12.951072,2,9
6.529888,2,10
11.171523,2,11
45.136269,2,12
0.707819,3,1
44.474872,3,2
21.201813,3,4
7.924093,3,5
53.379859,3,6
17.499259,3,7
58.835341,3,8
9.912805,3,9
2.59872,3,10
11.703664,3,11
86.749069,3,12
0.370773,4,1
12.973944,4,2
60.321024,4,3
19.11664,4,5
63.380411,4,6
42.920792,4,7
16.288387,4,8
19.392043,4,9
30.187093,4,10
15.836461,4,11
39.573645,4,12
3.181147,5,1
14.526688,5,2
14.01616,5,3
3.788851,5,4
10.611045,5,6
3.360408,5,7
17.553059,5,8
2.893925,5,9
0.495592,5,10
2.131851,5,11
5.102875,5,12
0.125547,6,1
19.355269,6,2
83.665229,6,3
13.713312,6,4
12.346984,6,5
10.771619,6,7
27.414549,6,8
28.481699,6,9
2.331957,6,10
13.830435,6,11
33.078763,6,12
0.407424,7,1
8.356541,7,2
25.732107,7,3
13.00352,7,4
14.717144,7,5
25.269893,7,6
8.789635,7,8
6.14716,7,9
0.260851,7,10
2.260075,7,11
11.63656,7,12
0.637808,8,1
55.573467,8,2
118.543141,8,3
48.484549,8,4
15.178533,8,5
53.497064,8,6
13.602552,8,7
60.597325,8,9
22.371027,8,10
45.826307,8,11
108.98696,8,12
0.856707,9,1
76.975176,9,2
89.641251,9,3
30.177571,9,4
17.815283,9,5
39.561912,9,6
22.213141,9,7
84.994475,9,8
4.790035,9,10
32.820867,9,11
88.70612,9,12
0.03332,10,1
1.799379,10,2
6.308555,10,3
1.672896,10,4
0.147915,10,5
3.333749,10,6
1.959261,10,7
34.404787,10,8
1.191053,10,9
30.731085,10,11
0.195307,10,12
0.378464,11,1
17.770435,11,2
26.126355,11,3
6.783245,11,4
5.02556,11,5
14.489573,11,6
10.42424,11,7
40.221568,11,8
16.421712,11,9
4.393749,11,10
19.340411,11,12
1.380371,12,1
106.369125,12,2
103.058339,12,3
71.765363,12,4
57.998581,12,5
63.512773,12,6
32.279459,12,7
128.989101,12,8
170.872453,12,9
4.437048,12,10
49.327099,12,11
succeed
0.0,2.529133,1.195027,0.0,0.130888,0.08,0.182659,0.35856,0.08,0.0,0.124651,0.796
0.360645,0.0,26.307333,10.409341,8.586267,28.933157,4.215773,16.638224,12.951072,6.529888,11.171523,45.136269
0.707819,44.474872,0.0,21.201813,7.924093,53.379859,17.499259,58.835341,9.912805,2.59872,11.703664,86.749069
0.370773,12.973944,60.321024,0.0,19.11664,63.380411,42.920792,16.288387,19.392043,30.187093,15.836461,39.573645
3.181147,14.526688,14.01616,3.788851,0.0,10.611045,3.360408,17.553059,2.893925,0.495592,2.131851,5.102875
0.125547,19.355269,83.665229,13.713312,12.346984,0.0,10.771619,27.414549,28.481699,2.331957,13.830435,33.078763
0.407424,8.356541,25.732107,13.00352,14.717144,25.269893,0.0,8.789635,6.14716,0.260851,2.260075,11.63656
0.637808,55.573467,118.543141,48.484549,15.178533,53.497064,13.602552,0.0,60.597325,22.371027,45.826307,108.98696
0.856707,76.975176,89.641251,30.177571,17.815283,39.561912,22.213141,84.994475,0.0,4.790035,32.820867,88.70612
0.03332,1.799379,6.308555,1.672896,0.147915,3.333749,1.959261,34.404787,1.191053,0.0,30.731085,0.195307
0.378464,17.770435,26.126355,6.783245,5.02556,14.489573,10.42424,40.221568,16.421712,4.393749,0.0,19.340411
1.380371,106.369125,103.058339,71.765363,57.998581,63.512773,32.279459,128.989101,170.872453,4.437048,49.327099,0.0
