2698.97883
0.432672,1,3
0.057803,1,6
0.053333,1,7
0.442469,1,8
0.053333,1,9
0.026667,1,11
0.494595,1,12
0.08392,2,1
9.356773,2,3
4.469024,2,4
19.857901,2,5
23.013573,2,6
2.456525,2,7
24.220984,2,8
12.996403,2,9
0.213307,2,10
3.688888,2,11
67.246488,2,12
0.269813,3,1
13.762355,3,2
12.343669,3,4
7.559667,3,5
29.475701,3,6
4.465403,3,7
48.004397,3,8
50.793389,3,9
0.646805,3,10
10.401389,3,11
28.93148,3,12
0.163253,4,1
9.042397,4,2
45.540883,4,3
11.998944,4,5
29.260136,4,6
12.399211,4,7
19.636667,4,8
34.681728,4,9
12.431941,4,10
9.396013,4,11
39.652427,4,12
0.053333,5,1
13.047733,5,2
29.029829,5,3
0.839259,5,4
3.668459,5,6
3.531363,5,7
4.796584,5,8
5.376224,5,9
0.159405,5,10
0.894259,5,11
3.960776,5,12
3.521931,6,1
19.836813,6,2
129.865384,6,3
7.586704,6,4
0.517725,6,5
15.923955,6,7
21.787149,6,8
52.883291,6,9
0.659107,6,10
12.968208,6,11
31.483139,6,12
1.30756,7,1
1.563195,7,2
27.5452,7,3
3.555277,7,4
3.683768,7,5
17.812227,7,6
6.067176,7,8
4.386496,7,9
4.444659,7,10
0.90588,7,11
7.009835,7,12
2.604267,8,1
25.426891,8,2
119.646965,8,3
5.781195,8,4
22.215483,8,5
34.162496,8,6
13.680699,8,7
72.205976,8,9
8.988739,8,10
35.128384,8,11
110.329443,8,12
0.164893,9,1
39.587667,9,2
71.281765,9,3
11.804928,9,4
14.250616,9,5
41.675736,9,6
7.469387,9,7
64.020939,9,8
0.758493,9,10
25.684707,9,11
97.408496,9,12
0.808429,10,2
1.051283,10,3
3.633296,10,4
0.082453,10,5
5.007909,10,6
0.149077,10,7
23.944381,10,8
0.418517,10,9
28.868085,10,11
0.619389,10,12
0.098163,11,1
16.783608,11,2
51.030733,11,3
1.381768,11,4
1.09592,11,5
13.457195,11,6
0.739227,11,7
19.157277,11,8
19.654816,11,9
5.267909,11,10
14.113245,11,12
2.272325,12,1
115.016656,12,2
72.837547,12,3
62.362923,12,4
13.186685,12,5
61.60352,12,6
12.144539,12,7
122.368952,12,8
138.330555,12,9
1.292443,12,10
25.227611,12,11
succeed
0.0,0.0,0.432672,0.0,0.0,0.057803,0.053333,0.442469,0.053333,0.0,0.026667,0.494595
0.08392,0.0,9.356773,4.469024,19.857901,23.013573,2.456525,24.220984,12.996403,0.213307,3.688888,67.246488
0.269813,13.762355,0.0,12.343669,7.559667,29.475701,4.465403,48.004397,50.793389,0.646805,10.401389,28.93148
0.163253,9.042397,45.540883,0.0,11.998944,29.260136,12.399211,19.636667,34.681728,12.431941,9.396013,39.652427
0.053333,13.047733,29.029829,0.839259,0.0,3.668459,3.531363,4.796584,5.376224,0.159405,0.894259,3.960776
3.521931,19.836813,129.865384,7.586704,0.517725,0.0,15.923955,21.787149,52.883291,0.659107,12.968208,31.483139
1.30756,1.563195,27.5452,3.555277,3.683768,17.812227,0.0,6.067176,4.386496,4.444659,0.90588,7.009835
2.604267,25.426891,119.646965,5.781195,22.215483,34.162496,13.680699,0.0,72.205976,8.988739,35.128384,110.329443
0.164893,39.587667,71.281765,11.804928,14.250616,41.675736,7.469387,64.020939,0.0,0.758493,25.684707,97.408496
0.0,0.808429,1.051283,3.633296,0.082453,5.007909,0.149077,23.944381,0.418517,0.0,28.868085,0.619389
0.098163,16.783608,51.030733,1.381768,1.09592,13.457195,0.739227,19.157277,19.654816,5.267909,0.0,14.113245
2.272325,115.016656,72.837547,62.362923,13.186685,61.60352,12.144539,122.368952,138.330555,1.292443,25.227611,0.0
