2909.858278
0.587232,1,2
0.255973,1,3
0.026667,1,4
0.150072,1,5
0.08,1,6
0.026667,1,7
0.179539,1,8
0.644853,1,9
0.932251,1,12
0.283888,2,1
12.367552,2,3
5.238803,2,4
8.521597,2,5
36.943659,2,6
5.775464,2,7
15.633668,2,8
12.031421,2,9
1.346476,2,10
7.306349,2,11
49.667944,2,12
0.432016,3,1
27.544064,3,2
21.850928,3,4
21.026149,3,5
30.96268,3,6
13.344077,3,7
38.410413,3,8
17.707264,3,9
2.138731,3,10
7.728051,3,11
56.085621,3,12
0.355645,4,1
32.98816,4,2
59.844547,4,3
21.740568,4,5
29.064389,4,6
35.29632,4,7
34.758973,4,8
11.867605,4,9
14.550837,4,10
42.79876,4,11
44.258187,4,12
0.431211,5,1
14.881315,5,2
13.696448,5,3
2.046117,5,4
3.572669,5,6
1.612621,5,7
8.335115,5,8
5.444456,5,9
0.742453,5,10
9.72772,5,11
4.54116,5,12
0.139616,6,1
8.062699,6,2
46.310477,6,3
15.822251,6,4
4.132829,6,5
13.522221,6,7
16.511443,6,8
22.181573,6,9
7.795152,6,10
16.64548,6,11
43.80964,6,12
0.091776,7,1
4.059464,7,2
21.779408,7,3
23.761573,7,4
5.165357,7,5
15.555592,7,6
6.411891,7,8
2.298832,7,9
2.680125,7,10
3.314325,7,11
10.921536,7,12
0.230467,8,1
27.791397,8,2
96.662523,8,3
19.980432,8,4
6.977419,8,5
24.266184,8,6
16.717205,8,7
46.57532,8,9
25.956963,8,10
27.688,8,11
103.882387,8,12
1.641184,9,1
42.548544,9,2
54.664256,9,3
26.5782,9,4
9.990483,9,5
33.580667,9,6
13.588739,9,7
71.203755,9,8
9.740629,9,10
30.027997,9,11
179.661709,9,12
0.053333,10,2
0.596891,10,3
2.315389,10,4
0.053333,10,5
0.603363,10,6
0.053333,10,7
19.826643,10,8
0.083147,10,9
40.894965,10,11
0.244501,10,12
0.223835,11,1
14.870101,11,2
24.74636,11,3
13.197123,11,4
3.826112,11,5
14.914965,11,6
4.348744,11,7
16.689573,11,8
10.952451,11,9
11.579008,11,10
24.422339,11,12
1.807427,12,1
104.50624,12,2
212.035653,12,3
54.762704,12,4
22.480485,12,5
41.363979,12,6
16.766408,12,7
65.430493,12,8
194.372147,12,9
7.409672,12,10
35.714496,12,11
succeed
0.0,0.587232,0.255973,0.026667,0.150072,0.08,0.026667,0.179539,0.644853,0.0,0.0,0.932251
0.283888,0.0,12.367552,5.238803,8.521597,36.943659,5.775464,15.633668,12.031421,1.346476,7.306349,49.667944
0.432016,27.544064,0.0,21.850928,21.026149,30.96268,13.344077,38.410413,17.707264,2.138731,7.728051,56.085621
0.355645,32.98816,59.844547,0.0,21.740568,29.064389,35.29632,34.758973,11.867605,14.550837,42.79876,44.258187
0.431211,14.881315,13.696448,2.046117,0.0,3.572669,1.612621,8.335115,5.444456,0.742453,9.72772,4.54116
0.139616,8.062699,46.310477,15.822251,4.132829,0.0,13.522221,16.511443,22.181573,7.795152,16.64548,43.80964
0.091776,4.059464,21.779408,23.761573,5.165357,15.555592,0.0,6.411891,2.298832,2.680125,3.314325,10.921536
0.230467,27.791397,96.662523,19.980432,6.977419,24.266184,16.717205,0.0,46.57532,25.956963,27.688,103.882387
1.641184,42.548544,54.664256,26.5782,9.990483,33.580667,13.588739,71.203755,0.0,9.740629,30.027997,179.661709
0.0,0.053333,0.596891,2.315389,0.053333,0.603363,0.053333,19.826643,0.083147,0.0,40.894965,0.244501
0.223835,14.870101,24.74636,13.197123,3.826112,14.914965,4.348744,16.689573,10.952451,11.579008,0.0,24.422339
1.807427,104.50624,212.035653,54.762704,22.480485,41.363979,16.766408,65.430493,194.372147,7.409672,35.714496,0.0
