2687.4312560000003
0.363168,1,2
0.296427,1,3
0.407845,1,5
0.761888,1,6
0.464208,1,7
0.495979,1,8
0.070443,1,9
0.013333,1,10
0.960139,1,11
1.189157,1,12
0.181475,2,1
13.614029,2,3
3.001195,2,4
6.128941,2,5
22.954792,2,6
2.100429,2,7
14.01016,2,8
6.457099,2,9
0.103477,2,10
6.091571,2,11
30.017771,2,12
0.665379,3,1
13.2908,3,2
24.442493,3,4
3.338656,3,5
39.530869,3,6
8.08424,3,7
59.337995,3,8
17.396509,3,9
1.120517,3,10
7.709109,3,11
22.878256,3,12
0.067712,4,1
5.571704,4,2
41.790517,4,3
18.012128,4,5
37.207957,4,6
17.364245,4,7
47.984152,4,8
9.655832,4,9
11.3236,4,10
20.190499,4,11
42.100709,4,12
2.293616,5,1
12.898909,5,2
11.797243,5,3
1.723163,5,4
2.845592,5,6
7.577221,5,7
11.174163,5,8
1.974352,5,9
2.901139,5,11
3.642595,5,12
0.08,6,1
17.547589,6,2
68.832512,6,3
8.668835,6,4
0.378733,6,5
7.290677,6,7
41.405309,6,8
13.175683,6,9
0.191648,6,10
9.219499,6,11
24.141328,6,12
0.030635,7,1
1.560435,7,2
14.415043,7,3
11.758461,7,4
12.937701,7,5
16.605811,7,6
6.202677,7,8
1.961488,7,9
2.677171,7,10
4.283291,7,11
8.60508,7,12
0.069696,8,1
22.278885,8,2
98.299083,8,3
30.074104,8,4
15.739541,8,5
50.593771,8,6
4.279411,8,7
38.346296,8,9
18.629709,8,10
52.737,8,11
376.240987,8,12
0.775744,9,1
34.556045,9,2
53.234696,9,3
34.6224,9,4
11.634341,9,5
27.042187,9,6
8.581061,9,7
78.385461,9,8
0.877024,9,10
36.102579,9,11
97.887219,9,12
0.053747,10,1
0.026667,10,2
0.230016,10,3
21.483003,10,4
0.088341,10,5
0.207795,10,6
0.026667,10,7
26.135749,10,8
0.430912,10,9
27.762995,10,11
0.155619,10,12
0.748848,11,1
8.321144,11,2
16.826085,11,3
2.372717,11,4
3.516053,11,5
8.097131,11,6
7.959869,11,7
37.424667,11,8
7.018891,11,9
6.641645,11,10
11.384235,11,12
1.201,12,1
62.721149,12,2
74.478757,12,3
45.625211,12,4
5.304221,12,5
63.125704,12,6
10.707485,12,7
69.358208,12,8
151.714205,12,9
1.154168,12,10
34.596109,12,11
succeed
0.0,0.363168,0.296427,0.0,0.407845,0.761888,0.464208,0.495979,0.070443,0.013333,0.960139,1.189157
0.181475,0.0,13.614029,3.001195,6.128941,22.954792,2.100429,14.01016,6.457099,0.103477,6.091571,30.017771
0.665379,13.2908,0.0,24.442493,3.338656,39.530869,8.08424,59.337995,17.396509,1.120517,7.709109,22.878256
0.067712,5.571704,41.790517,0.0,18.012128,37.207957,17.364245,47.984152,9.655832,11.3236,20.190499,42.100709
2.293616,12.898909,11.797243,1.723163,0.0,2.845592,7.577221,11.174163,1.974352,0.0,2.901139,3.642595
0.08,17.547589,68.832512,8.668835,0.378733,0.0,7.290677,41.405309,13.175683,0.191648,9.219499,24.141328
0.030635,1.560435,14.415043,11.758461,12.937701,16.605811,0.0,6.202677,1.961488,2.677171,4.283291,8.60508
0.069696,22.278885,98.299083,30.074104,15.739541,50.593771,4.279411,0.0,38.346296,18.629709,52.737,376.240987
0.775744,34.556045,53.234696,34.6224,11.634341,27.042187,8.581061,78.385461,0.0,0.877024,36.102579,97.887219
0.053747,0.026667,0.230016,21.483003,0.088341,0.207795,0.026667,26.135749,0.430912,0.0,27.762995,0.155619
0.748848,8.321144,16.826085,2.372717,3.516053,8.097131,7.959869,37.424667,7.018891,6.641645,0.0,11.384235
1.201,62.721149,74.478757,45.625211,5.304221,63.125704,10.707485,69.358208,151.714205,1.154168,34.596109,0.0
