1905.13513
0.056965,1,2
0.142643,1,3
0.0588,1,5
0.053333,1,7
0.372549,1,8
0.026667,1,9
0.136232,1,11
0.803797,1,12
4.605531,2,3
4.575437,2,4
23.972248,2,5
12.355165,2,6
0.740357,2,7
182.440315,2,8
2.676509,2,9
5.119816,2,11
22.082035,2,12
0.053333,3,1
11.712971,3,2
31.037853,3,4
2.105877,3,5
17.792235,3,6
3.039728,3,7
37.880523,3,8
3.929504,3,9
0.249355,3,10
13.100453,3,11
15.962376,3,12
0.238923,4,1
4.14216,4,2
33.871168,4,3
12.428141,4,5
31.357336,4,6
20.538155,4,7
3.600501,4,8
13.995243,4,9
5.236245,4,10
18.609064,4,11
27.608408,4,12
1.625493,5,1
1.861451,5,2
10.177907,5,3
1.114043,5,4
0.714653,5,6
1.499917,5,7
4.9716,5,8
2.492363,5,9
1.278392,5,11
4.276891,5,12
0.026667,6,1
21.992315,6,2
39.577725,6,3
9.239261,6,4
4.470307,6,5
1.763176,6,7
11.350864,6,8
21.271496,6,9
0.339117,6,10
7.258096,6,11
8.994019,6,12
0.943069,7,2
11.192376,7,3
6.775787,7,4
5.851149,7,5
8.601955,7,6
4.491163,7,8
0.904045,7,9
1.767555,7,10
6.442565,7,11
9.219464,7,12
0.282416,8,1
9.873224,8,2
46.732616,8,3
10.191147,8,4
17.90724,8,5
30.999432,8,6
2.082251,8,7
19.502741,8,9
6.638211,8,10
22.621203,8,11
21.894963,8,12
0.460936,9,1
19.510336,9,2
12.305253,9,3
26.047581,9,4
10.272184,9,5
11.343592,9,6
7.708107,9,7
58.566597,9,8
3.251381,9,10
13.414456,9,11
36.578155,9,12
0.114037,10,3
7.13648,10,4
0.026667,10,5
5.076853,10,6
0.065067,10,7
30.587957,10,8
0.229355,10,9
24.179003,10,11
0.053333,10,12
0.163328,11,1
8.878045,11,2
9.620936,11,3
5.210776,11,4
1.923715,11,5
2.920037,11,6
2.981781,11,7
34.925869,11,8
7.757195,11,9
2.841568,11,10
5.509789,11,12
16.201392,12,1
141.14988,12,2
92.833907,12,3
59.776008,12,4
4.713789,12,5
37.115237,12,6
28.909141,12,7
39.992715,12,8
125.8728,12,9
3.373512,12,10
35.618104,12,11
succeed
0.0,0.056965,0.142643,0.0,0.0588,0.0,0.053333,0.372549,0.026667,0.0,0.136232,0.803797
0.0,0.0,4.605531,4.575437,23.972248,12.355165,0.740357,182.440315,2.676509,0.0,5.119816,22.082035
0.053333,11.712971,0.0,31.037853,2.105877,17.792235,3.039728,37.880523,3.929504,0.249355,13.100453,15.962376
0.238923,4.14216,33.871168,0.0,12.428141,31.357336,20.538155,3.600501,13.995243,5.236245,18.609064,27.608408
1.625493,1.861451,10.177907,1.114043,0.0,0.714653,1.499917,4.9716,2.492363,0.0,1.278392,4.276891
0.026667,21.992315,39.577725,9.239261,4.470307,0.0,1.763176,11.350864,21.271496,0.339117,7.258096,8.994019
0.0,0.943069,11.192376,6.775787,5.851149,8.601955,0.0,4.491163,0.904045,1.767555,6.442565,9.219464
0.282416,9.873224,46.732616,10.191147,17.90724,30.999432,2.082251,0.0,19.502741,6.638211,22.621203,21.894963
0.460936,19.510336,12.305253,26.047581,10.272184,11.343592,7.708107,58.566597,0.0,3.251381,13.414456,36.578155
0.0,0.0,0.114037,7.13648,0.026667,5.076853,0.065067,30.587957,0.229355,0.0,24.179003,0.053333
0.163328,8.878045,9.620936,5.210776,1.923715,2.920037,2.981781,34.925869,7.757195,2.841568,0.0,5.509789
16.201392,141.14988,92.833907,59.776008,4.713789,37.115237,28.909141,39.992715,125.8728,3.373512,35.618104,0.0
