2938.829591
0.053104,1,2
0.385912,1,3
0.665808,1,5
0.177691,1,6
0.476469,1,7
0.7612,1,9
0.026667,1,11
1.786733,1,12
22.572632,2,3
26.776536,2,5
22.535563,2,6
4.394288,2,7
12.410704,2,9
0.890757,2,11
70.191475,2,12
26.332851,3,2
34.849099,3,4
144.796435,3,5
43.109429,3,6
11.305725,3,7
0.200693,3,8
33.560491,3,9
1.203264,3,11
25.316155,3,12
4.234653,4,2
72.352011,4,3
46.304179,4,5
33.379704,4,6
15.238499,4,7
19.602837,4,9
13.933909,4,10
0.713088,4,11
42.466165,4,12
27.856621,5,2
2.155405,5,3
0.026667,5,4
0.026667,5,8
5.281877,5,9
0.026667,5,11
51.118923,5,12
14.138971,6,2
150.438483,6,3
9.031032,6,4
64.903269,6,5
5.375221,6,7
0.026667,6,8
32.235413,6,9
0.228445,6,10
2.592883,6,11
26.152256,6,12
2.399133,7,2
29.057557,7,3
5.033128,7,4
12.570781,7,5
16.805813,7,6
0.026667,7,8
7.841837,7,9
0.576613,7,11
12.008848,7,12
28.29936,8,2
15.824989,8,3
12.228565,8,4
188.842336,8,5
0.401,8,6
0.08,8,7
47.587664,8,9
7.933459,8,10
31.907416,8,11
47.798117,8,12
21.032355,9,2
82.326101,9,3
29.564064,9,4
117.440536,9,5
49.878077,9,6
11.559725,9,7
0.053333,9,8
0.026667,9,10
5.690808,9,11
93.860336,9,12
0.148048,10,2
0.810445,10,3
13.148587,10,4
9.760499,10,5
0.081024,10,7
36.553907,10,8
0.543248,10,9
47.765179,10,11
3.675957,10,12
6.106208,11,2
3.907152,11,3
5.213256,11,4
31.354139,11,5
1.963117,11,7
24.153448,11,8
10.963925,11,9
3.668699,11,10
7.961891,11,12
98.573704,12,2
97.524869,12,3
8.062485,12,4
280.372187,12,5
65.088837,12,6
22.205843,12,7
0.058667,12,8
148.645429,12,9
0.026667,12,10
7.216696,12,11
succeed
0.0,0.053104,0.385912,0.0,0.665808,0.177691,0.476469,0.0,0.7612,0.0,0.026667,1.786733
0.0,0.0,22.572632,0.0,26.776536,22.535563,4.394288,0.0,12.410704,0.0,0.890757,70.191475
0.0,26.332851,0.0,34.849099,144.796435,43.109429,11.305725,0.200693,33.560491,0.0,1.203264,25.316155
0.0,4.234653,72.352011,0.0,46.304179,33.379704,15.238499,0.0,19.602837,13.933909,0.713088,42.466165
0.0,27.856621,2.155405,0.026667,0.0,0.0,0.0,0.026667,5.281877,0.0,0.026667,51.118923
0.0,14.138971,150.438483,9.031032,64.903269,0.0,5.375221,0.026667,32.235413,0.228445,2.592883,26.152256
0.0,2.399133,29.057557,5.033128,12.570781,16.805813,0.0,0.026667,7.841837,0.0,0.576613,12.008848
0.0,28.29936,15.824989,12.228565,188.842336,0.401,0.08,0.0,47.587664,7.933459,31.907416,47.798117
0.0,21.032355,82.326101,29.564064,117.440536,49.878077,11.559725,0.053333,0.0,0.026667,5.690808,93.860336
0.0,0.148048,0.810445,13.148587,9.760499,0.0,0.081024,36.553907,0.543248,0.0,47.765179,3.675957
0.0,6.106208,3.907152,5.213256,31.354139,0.0,1.963117,24.153448,10.963925,3.668699,0.0,7.961891
0.0,98.573704,97.524869,8.062485,280.372187,65.088837,22.205843,0.058667,148.645429,0.026667,7.216696,0.0
