2196.934929
0.133883,1,2
0.320971,1,3
0.026667,1,4
0.08,1,5
0.085699,1,6
0.475013,1,8
0.062965,1,9
0.415088,1,11
3.703605,1,12
0.505875,2,1
7.033008,2,3
2.947045,2,4
3.799443,2,5
12.533061,2,6
7.775272,2,7
12.852396,2,8
7.626627,2,9
0.326409,2,10
4.374589,2,11
30.478939,2,12
0.316253,3,1
8.796387,3,2
25.178013,3,4
13.619448,3,5
21.013539,3,6
4.262163,3,7
48.836307,3,8
11.464203,3,9
1.284925,3,10
5.069483,3,11
31.796723,3,12
0.293749,4,1
4.560744,4,2
56.719429,4,3
18.093267,4,5
47.024184,4,6
9.394485,4,7
28.658227,4,8
11.272939,4,9
22.371685,4,10
29.060312,4,11
40.713171,4,12
0.158389,5,1
3.201901,5,2
7.972651,5,3
1.050565,5,4
4.067021,5,6
1.483907,5,7
9.843763,5,8
1.815539,5,9
0.25756,5,10
3.040459,5,11
4.258539,5,12
0.172005,6,1
23.862579,6,2
65.206288,6,3
8.227781,6,4
1.485795,6,5
13.037851,6,7
19.58292,6,8
44.352112,6,9
0.722099,6,10
8.968912,6,11
13.480403,6,12
2.970408,7,2
11.387347,7,3
9.860227,7,4
2.903131,7,5
8.204931,7,6
6.3296,7,8
3.453843,7,9
2.366781,7,10
2.824845,7,11
11.062691,7,12
0.218147,8,1
28.686992,8,2
79.809403,8,3
15.503907,8,4
18.795467,8,5
20.644688,8,6
13.265512,8,7
49.493613,8,9
18.462555,8,10
36.506664,8,11
125.435192,8,12
1.457485,9,1
28.674816,9,2
20.856837,9,3
45.895888,9,4
9.984675,9,5
22.748675,9,6
10.986112,9,7
52.555965,9,8
11.526131,9,10
27.493616,9,11
47.67424,9,12
0.026667,10,2
0.102517,10,3
8.478104,10,4
0.026667,10,5
0.344584,10,6
0.792565,10,7
35.955357,10,8
0.191019,10,9
32.59644,10,11
0.226104,10,12
0.111157,11,1
14.496728,11,2
22.692467,11,3
7.450645,11,4
3.062936,11,5
15.464979,11,6
4.003325,11,7
15.107659,11,8
8.708171,11,9
2.73804,11,10
9.178296,11,12
1.807192,12,1
106.518405,12,2
87.234219,12,3
67.610136,12,4
13.149707,12,5
15.394352,12,6
12.597619,12,7
59.008205,12,8
95.885125,12,9
4.182632,12,10
32.147296,12,11
succeed
0.0,0.133883,0.320971,0.026667,0.08,0.085699,0.0,0.475013,0.062965,0.0,0.415088,3.703605
0.505875,0.0,7.033008,2.947045,3.799443,12.533061,7.775272,12.852396,7.626627,0.326409,4.374589,30.478939
0.316253,8.796387,0.0,25.178013,13.619448,21.013539,4.262163,48.836307,11.464203,1.284925,5.069483,31.796723
0.293749,4.560744,56.719429,0.0,18.093267,47.024184,9.394485,28.658227,11.272939,22.371685,29.060312,40.713171
0.158389,3.201901,7.972651,1.050565,0.0,4.067021,1.483907,9.843763,1.815539,0.25756,3.040459,4.258539
0.172005,23.862579,65.206288,8.227781,1.485795,0.0,13.037851,19.58292,44.352112,0.722099,8.968912,13.480403
0.0,2.970408,11.387347,9.860227,2.903131,8.204931,0.0,6.3296,3.453843,2.366781,2.824845,11.062691
0.218147,28.686992,79.809403,15.503907,18.795467,20.644688,13.265512,0.0,49.493613,18.462555,36.506664,125.435192
1.457485,28.674816,20.856837,45.895888,9.984675,22.748675,10.986112,52.555965,0.0,11.526131,27.493616,47.67424
0.0,0.026667,0.102517,8.478104,0.026667,0.344584,0.792565,35.955357,0.191019,0.0,32.59644,0.226104
0.111157,14.496728,22.692467,7.450645,3.062936,15.464979,4.003325,15.107659,8.708171,2.73804,0.0,9.178296
1.807192,106.518405,87.234219,67.610136,13.149707,15.394352,12.597619,59.008205,95.885125,4.182632,32.147296,0.0
