1562.2874550000001
2.044275,1,3
0.026667,1,4
0.116008,1,5
0.385531,1,8
0.053333,1,9
0.013333,1,10
0.026667,1,11
0.363573,1,12
0.030645,2,1
1.934659,2,3
12.120867,2,4
1.226291,2,5
40.918632,2,6
0.591643,2,7
13.771739,2,8
1.993933,2,9
0.266613,2,10
7.561653,2,11
21.904053,2,12
0.313979,3,1
8.261955,3,2
11.659715,3,4
5.363731,3,5
31.808669,3,6
2.700672,3,7
39.064845,3,8
6.355747,3,9
0.126979,3,10
4.95048,3,11
21.943333,3,12
0.254507,4,1
5.260912,4,2
42.741019,4,3
14.191707,4,5
46.784616,4,6
11.516069,4,7
9.473989,4,8
16.335899,4,9
2.412437,4,10
6.097045,4,11
36.387891,4,12
2.918256,5,1
1.710467,5,2
4.73892,5,3
2.235395,5,4
0.959061,5,6
8.163547,5,7
3.356344,5,8
2.073483,5,9
7.785403,5,11
3.019107,5,12
17.790997,6,2
29.580347,6,3
21.441528,6,4
3.08304,6,5
3.496403,6,7
16.434744,6,8
24.462725,6,9
0.185144,6,10
7.461696,6,11
18.116731,6,12
1.906155,7,2
8.344477,7,3
8.606256,7,4
4.633544,7,5
7.1564,7,6
7.465925,7,8
5.099235,7,9
0.067325,7,10
3.0318,7,11
12.424464,7,12
0.418061,8,1
16.326008,8,2
41.533912,8,3
4.937421,8,4
5.362021,8,5
11.512523,8,6
4.260461,8,7
32.989107,8,9
13.125688,8,10
18.149205,8,11
22.679373,8,12
0.177744,9,1
13.546485,9,2
9.477499,9,3
29.823563,9,4
5.967587,9,5
10.525893,9,6
6.055019,9,7
63.311293,9,8
2.923859,9,10
14.579229,9,11
40.557291,9,12
0.081728,10,2
4.845824,10,4
0.026667,10,5
0.322339,10,6
32.417179,10,8
0.256629,10,9
25.679587,10,11
0.053333,10,12
7.550955,11,2
12.856237,11,3
4.641635,11,4
1.915992,11,5
4.867611,11,6
2.518819,11,7
15.773893,11,8
8.627237,11,9
1.194717,11,10
6.804571,11,12
0.095243,12,1
48.694491,12,2
40.099416,12,3
50.608405,12,4
20.807536,12,5
33.703725,12,6
14.180792,12,7
49.785029,12,8
97.073643,12,9
0.405083,12,10
41.054667,12,11
succeed
0.0,0.0,2.044275,0.026667,0.116008,0.0,0.0,0.385531,0.053333,0.013333,0.026667,0.363573
0.030645,0.0,1.934659,12.120867,1.226291,40.918632,0.591643,13.771739,1.993933,0.266613,7.561653,21.904053
0.313979,8.261955,0.0,11.659715,5.363731,31.808669,2.700672,39.064845,6.355747,0.126979,4.95048,21.943333
0.254507,5.260912,42.741019,0.0,14.191707,46.784616,11.516069,9.473989,16.335899,2.412437,6.097045,36.387891
2.918256,1.710467,4.73892,2.235395,0.0,0.959061,8.163547,3.356344,2.073483,0.0,7.785403,3.019107
0.0,17.790997,29.580347,21.441528,3.08304,0.0,3.496403,16.434744,24.462725,0.185144,7.461696,18.116731
0.0,1.906155,8.344477,8.606256,4.633544,7.1564,0.0,7.465925,5.099235,0.067325,3.0318,12.424464
0.418061,16.326008,41.533912,4.937421,5.362021,11.512523,4.260461,0.0,32.989107,13.125688,18.149205,22.679373
0.177744,13.546485,9.477499,29.823563,5.967587,10.525893,6.055019,63.311293,0.0,2.923859,14.579229,40.557291
0.0,0.081728,0.0,4.845824,0.026667,0.322339,0.0,32.417179,0.256629,0.0,25.679587,0.053333
0.0,7.550955,12.856237,4.641635,1.915992,4.867611,2.518819,15.773893,8.627237,1.194717,0.0,6.804571
0.095243,48.694491,40.099416,50.608405,20.807536,33.703725,14.180792,49.785029,97.073643,0.405083,41.054667,0.0
