3176.713705
0.617808,1,2
0.525597,1,3
1.476301,1,5
0.13744,1,6
0.128813,1,7
0.662755,1,8
0.209701,1,9
0.144,1,11
5.232515,1,12
1.050245,2,1
9.159645,2,3
7.963709,2,4
3.704864,2,5
15.287227,2,6
11.861344,2,7
10.766733,2,8
8.597899,2,9
0.869019,2,10
3.193099,2,11
66.308605,2,12
0.337413,3,1
18.652128,3,2
14.221675,3,4
18.149981,3,5
95.257904,3,6
13.173752,3,7
55.094624,3,8
138.054011,3,9
0.358789,3,10
8.124968,3,11
82.555221,3,12
0.098293,4,1
13.756123,4,2
39.688797,4,3
28.010907,4,5
29.823544,4,6
22.354629,4,7
27.317611,4,8
60.740053,4,9
18.069563,4,10
16.191232,4,11
75.108037,4,12
2.528621,5,1
12.592531,5,2
9.434325,5,3
1.386723,5,4
8.341616,5,6
6.514811,5,7
3.629403,5,8
4.047651,5,9
0.253325,5,10
3.701877,5,11
13.536096,5,12
0.121725,6,1
25.242032,6,2
34.322709,6,3
11.029539,6,4
8.448128,6,5
7.58248,6,7
38.607805,6,8
98.748224,6,9
0.495277,6,10
2.778456,6,11
42.486677,6,12
0.619163,7,1
4.73772,7,2
16.573168,7,3
8.452544,7,4
3.252499,7,5
19.620997,7,6
9.651771,7,8
28.419211,7,9
4.835976,7,10
1.247243,7,11
8.625816,7,12
2.003544,8,1
35.523184,8,2
94.596184,8,3
8.232816,8,4
20.252659,8,5
30.364168,8,6
10.440725,8,7
160.559253,8,9
15.756285,8,10
33.729872,8,11
106.989048,8,12
0.774795,9,1
38.460699,9,2
75.407752,9,3
29.358643,9,4
10.921968,9,5
48.496923,9,6
13.542293,9,7
68.744608,9,8
4.346563,9,10
20.706056,9,11
76.110541,9,12
0.15104,10,2
2.225584,10,3
1.607256,10,4
0.158728,10,5
0.878128,10,6
0.273787,10,7
32.819267,10,8
5.437155,10,9
37.751771,10,11
0.222992,10,12
0.488045,11,1
9.716173,11,2
15.043467,11,3
2.364632,11,4
1.830925,11,5
9.903699,11,6
6.025088,11,7
22.572293,11,8
35.837933,11,9
15.002488,11,10
18.435995,11,12
0.452435,12,1
110.888979,12,2
74.546003,12,3
48.244131,12,4
28.322555,12,5
100.070123,12,6
19.468701,12,7
113.210237,12,8
153.500027,12,9
1.5766,12,10
37.466176,12,11
succeed
0.0,0.617808,0.525597,0.0,1.476301,0.13744,0.128813,0.662755,0.209701,0.0,0.144,5.232515
1.050245,0.0,9.159645,7.963709,3.704864,15.287227,11.861344,10.766733,8.597899,0.869019,3.193099,66.308605
0.337413,18.652128,0.0,14.221675,18.149981,95.257904,13.173752,55.094624,138.054011,0.358789,8.124968,82.555221
0.098293,13.756123,39.688797,0.0,28.010907,29.823544,22.354629,27.317611,60.740053,18.069563,16.191232,75.108037
2.528621,12.592531,9.434325,1.386723,0.0,8.341616,6.514811,3.629403,4.047651,0.253325,3.701877,13.536096
0.121725,25.242032,34.322709,11.029539,8.448128,0.0,7.58248,38.607805,98.748224,0.495277,2.778456,42.486677
0.619163,4.73772,16.573168,8.452544,3.252499,19.620997,0.0,9.651771,28.419211,4.835976,1.247243,8.625816
2.003544,35.523184,94.596184,8.232816,20.252659,30.364168,10.440725,0.0,160.559253,15.756285,33.729872,106.989048
0.774795,38.460699,75.407752,29.358643,10.921968,48.496923,13.542293,68.744608,0.0,4.346563,20.706056,76.110541
0.0,0.15104,2.225584,1.607256,0.158728,0.878128,0.273787,32.819267,5.437155,0.0,37.751771,0.222992
0.488045,9.716173,15.043467,2.364632,1.830925,9.903699,6.025088,22.572293,35.837933,15.002488,0.0,18.435995
0.452435,110.888979,74.546003,48.244131,28.322555,100.070123,19.468701,113.210237,153.500027,1.5766,37.466176,0.0
