2550.736593
0.026667,1,2
0.559453,1,3
0.085149,1,4
0.114072,1,5
0.212019,1,6
0.026667,1,7
0.08,1,8
0.317877,1,12
0.178589,2,1
16.260891,2,3
10.503981,2,4
5.753976,2,5
22.824832,2,6
1.54264,2,7
17.408817,2,8
7.047323,2,9
3.297884,2,10
2.573296,2,11
37.541528,2,12
0.335659,3,1
11.624685,3,2
23.153725,3,4
8.687285,3,5
27.035096,3,6
10.473251,3,7
81.289075,3,8
15.681048,3,9
4.277133,3,10
13.455523,3,11
31.622621,3,12
0.197432,4,1
7.184805,4,2
53.215992,4,3
15.143637,4,5
34.101088,4,6
10.082651,4,7
18.914149,4,8
20.482,4,9
6.475245,4,10
6.780781,4,11
42.232293,4,12
4.231435,5,1
3.804232,5,2
40.012048,5,3
0.819091,5,4
3.534416,5,6
1.652051,5,7
8.812832,5,8
7.161357,5,9
0.034616,5,10
2.652419,5,11
7.119368,5,12
0.113821,6,1
16.654245,6,2
55.308763,6,3
18.440997,6,4
1.721517,6,5
6.373288,6,7
27.325384,6,8
15.922549,6,9
0.627995,6,10
6.415501,6,11
36.852979,6,12
0.393888,7,1
2.109363,7,2
22.984195,7,3
15.128488,7,4
5.486701,7,5
7.660653,7,6
7.954357,7,8
7.156584,7,9
0.177437,7,10
0.985784,7,11
9.517083,7,12
0.428208,8,1
16.570093,8,2
104.543352,8,3
44.917792,8,4
16.346947,8,5
23.268848,8,6
8.093792,8,7
64.863419,8,9
5.103915,8,10
25.295464,8,11
91.05024,8,12
0.554059,9,1
18.76168,9,2
56.762995,9,3
28.869227,9,4
16.690616,9,5
37.095029,9,6
12.943013,9,7
82.871403,9,8
6.455515,9,10
27.283189,9,11
133.840195,9,12
0.026667,10,1
0.026667,10,2
1.172632,10,3
1.105517,10,4
0.065984,10,5
0.536304,10,6
0.361288,10,7
49.845091,10,8
0.348253,10,9
51.997451,10,11
0.317485,10,12
0.341627,11,1
9.542104,11,2
18.063155,11,3
2.695987,11,4
5.783173,11,5
6.473381,11,6
3.298843,11,7
24.747547,11,8
7.020115,11,9
3.719515,11,10
6.466541,11,12
2.026995,12,1
71.079608,12,2
78.22308,12,3
61.491,12,4
48.375792,12,5
47.452523,12,6
13.30076,12,7
121.059931,12,8
139.569981,12,9
5.611784,12,10
32.034549,12,11
succeed
0.0,0.026667,0.559453,0.085149,0.114072,0.212019,0.026667,0.08,0.0,0.0,0.0,0.317877
0.178589,0.0,16.260891,10.503981,5.753976,22.824832,1.54264,17.408817,7.047323,3.297884,2.573296,37.541528
0.335659,11.624685,0.0,23.153725,8.687285,27.035096,10.473251,81.289075,15.681048,4.277133,13.455523,31.622621
0.197432,7.184805,53.215992,0.0,15.143637,34.101088,10.082651,18.914149,20.482,6.475245,6.780781,42.232293
4.231435,3.804232,40.012048,0.819091,0.0,3.534416,1.652051,8.812832,7.161357,0.034616,2.652419,7.119368
0.113821,16.654245,55.308763,18.440997,1.721517,0.0,6.373288,27.325384,15.922549,0.627995,6.415501,36.852979
0.393888,2.109363,22.984195,15.128488,5.486701,7.660653,0.0,7.954357,7.156584,0.177437,0.985784,9.517083
0.428208,16.570093,104.543352,44.917792,16.346947,23.268848,8.093792,0.0,64.863419,5.103915,25.295464,91.05024
0.554059,18.76168,56.762995,28.869227,16.690616,37.095029,12.943013,82.871403,0.0,6.455515,27.283189,133.840195
0.026667,0.026667,1.172632,1.105517,0.065984,0.536304,0.361288,49.845091,0.348253,0.0,51.997451,0.317485
0.341627,9.542104,18.063155,2.695987,5.783173,6.473381,3.298843,24.747547,7.020115,3.719515,0.0,6.466541
2.026995,71.079608,78.22308,61.491,48.375792,47.452523,13.30076,121.059931,139.569981,5.611784,32.034549,0.0
