2189.52732
0.124416,1,2
1.190203,1,3
0.02832,1,4
0.026667,1,7
0.229104,1,8
0.154555,1,9
0.09536,1,11
0.256939,1,12
0.155789,2,1
6.609739,2,3
12.269123,2,4
1.039763,2,5
11.47732,2,6
2.434173,2,7
17.886712,2,8
6.382197,2,9
0.272869,2,10
4.805125,2,11
31.707403,2,12
1.486312,3,1
13.913107,3,2
12.673208,3,4
8.984163,3,5
33.102608,3,6
9.102725,3,7
33.643936,3,8
10.352347,3,9
3.053645,3,10
12.548293,3,11
31.022509,3,12
0.129512,4,1
5.284053,4,2
57.106264,4,3
19.527501,4,5
22.152315,4,6
6.481925,4,7
10.993755,4,8
14.355869,4,9
7.413592,4,10
26.167435,4,11
43.182355,4,12
1.344104,5,1
0.571448,5,2
9.770861,5,3
1.409427,5,4
9.799269,5,6
2.208421,5,7
4.344981,5,8
1.721149,5,9
0.238616,5,10
2.238672,5,11
2.684669,5,12
0.119627,6,1
16.463757,6,2
34.605229,6,3
7.65608,6,4
1.3468,6,5
8.513995,6,7
13.009909,6,8
9.264651,6,9
5.058288,6,10
18.991395,6,11
14.309541,6,12
3.564053,7,2
13.348352,7,3
5.900987,7,4
3.702531,7,5
9.031341,7,6
11.660816,7,8
5.434173,7,9
2.339445,7,10
3.716968,7,11
13.091045,7,12
0.406035,8,1
15.388349,8,2
148.242904,8,3
11.630216,8,4
2.440251,8,5
13.767144,8,6
4.173491,8,7
61.552869,8,9
25.362715,8,10
32.563571,8,11
88.445811,8,12
0.370179,9,1
33.339451,9,2
23.934563,9,3
27.210899,9,4
3.705019,9,5
23.136533,9,6
13.046301,9,7
84.102955,9,8
3.038787,9,10
28.223923,9,11
56.387547,9,12
0.477984,10,2
0.026667,10,3
3.074589,10,4
0.08,10,5
0.520515,10,6
32.708117,10,8
0.053333,10,9
39.712739,10,11
1.346667,10,12
0.218256,11,1
5.773947,11,2
53.493339,11,3
3.782189,11,4
2.581603,11,5
7.211403,11,6
1.572333,11,7
17.301269,11,8
5.8092,11,9
10.410259,11,10
7.431573,11,12
8.242309,12,1
123.746371,12,2
95.812208,12,3
58.719445,12,4
29.309595,12,5
21.865968,12,6
9.838672,12,7
69.703715,12,8
122.189043,12,9
5.346525,12,10
33.414168,12,11
succeed
0.0,0.124416,1.190203,0.02832,0.0,0.0,0.026667,0.229104,0.154555,0.0,0.09536,0.256939
0.155789,0.0,6.609739,12.269123,1.039763,11.47732,2.434173,17.886712,6.382197,0.272869,4.805125,31.707403
1.486312,13.913107,0.0,12.673208,8.984163,33.102608,9.102725,33.643936,10.352347,3.053645,12.548293,31.022509
0.129512,5.284053,57.106264,0.0,19.527501,22.152315,6.481925,10.993755,14.355869,7.413592,26.167435,43.182355
1.344104,0.571448,9.770861,1.409427,0.0,9.799269,2.208421,4.344981,1.721149,0.238616,2.238672,2.684669
0.119627,16.463757,34.605229,7.65608,1.3468,0.0,8.513995,13.009909,9.264651,5.058288,18.991395,14.309541
0.0,3.564053,13.348352,5.900987,3.702531,9.031341,0.0,11.660816,5.434173,2.339445,3.716968,13.091045
0.406035,15.388349,148.242904,11.630216,2.440251,13.767144,4.173491,0.0,61.552869,25.362715,32.563571,88.445811
0.370179,33.339451,23.934563,27.210899,3.705019,23.136533,13.046301,84.102955,0.0,3.038787,28.223923,56.387547
0.0,0.477984,0.026667,3.074589,0.08,0.520515,0.0,32.708117,0.053333,0.0,39.712739,1.346667
0.218256,5.773947,53.493339,3.782189,2.581603,7.211403,1.572333,17.301269,5.8092,10.410259,0.0,7.431573
8.242309,123.746371,95.812208,58.719445,29.309595,21.865968,9.838672,69.703715,122.189043,5.346525,33.414168,0.0
