2522.707499
0.172829,1,2
2.338205,1,3
0.086288,1,4
0.582395,1,5
0.745949,1,6
0.075629,1,7
0.508464,1,8
0.467293,1,9
0.107003,1,10
1.218955,1,12
9.032976,2,3
5.145691,2,4
2.756707,2,5
18.563459,2,6
5.222299,2,7
16.56516,2,8
13.178456,2,9
0.33556,2,10
3.955979,2,11
45.090264,2,12
0.670928,3,1
17.035925,3,2
17.237187,3,4
9.824368,3,5
58.224192,3,6
14.591485,3,7
49.052243,3,8
15.221304,3,9
2.333931,3,10
15.275976,3,11
38.253832,3,12
0.229347,4,1
4.223064,4,2
51.785957,4,3
18.522451,4,5
25.792216,4,6
16.966149,4,7
22.046272,4,8
16.546184,4,9
22.144315,4,10
12.112277,4,11
51.388632,4,12
0.082848,5,1
1.057213,5,2
21.229971,5,3
2.416712,5,4
12.080264,5,6
6.100043,5,7
100.456219,5,8
4.479536,5,9
0.331496,5,10
0.782069,5,11
3.621656,5,12
11.615821,6,2
48.221176,6,3
16.376749,6,4
5.761301,6,5
8.852992,6,7
22.047373,6,8
16.037229,6,9
5.877893,6,10
11.052501,6,11
21.752699,6,12
2.486565,7,1
2.097669,7,2
21.993493,7,3
6.647333,7,4
2.472235,7,5
15.026016,7,6
8.312536,7,8
8.332619,7,9
1.160096,7,10
1.771872,7,11
8.988459,7,12
0.234448,8,1
16.069181,8,2
124.337109,8,3
6.784672,8,4
9.613357,8,5
38.300333,8,6
4.587421,8,7
54.451587,8,9
9.186443,8,10
19.958045,8,11
72.941112,8,12
2.282453,9,1
28.511997,9,2
36.379536,9,3
22.727488,9,4
9.542083,9,5
37.010077,9,6
10.911757,9,7
84.347304,9,8
7.483789,9,10
27.285405,9,11
94.364064,9,12
0.094429,10,2
2.481336,10,3
6.618352,10,4
0.440363,10,5
1.166888,10,6
0.867304,10,7
35.499755,10,8
1.865555,10,9
54.875355,10,11
0.564448,10,12
0.414411,11,1
9.268957,11,2
45.820848,11,3
3.229445,11,4
3.860203,11,5
7.723189,11,6
5.497907,11,7
27.296139,11,8
14.814568,11,9
4.06596,11,10
5.381672,11,12
4.837696,12,1
91.308235,12,2
60.737088,12,3
49.808739,12,4
22.090525,12,5
38.064368,12,6
9.680755,12,7
107.687203,12,8
131.187653,12,9
9.862837,12,10
43.135205,12,11
succeed
0.0,0.172829,2.338205,0.086288,0.582395,0.745949,0.075629,0.508464,0.467293,0.107003,0.0,1.218955
0.0,0.0,9.032976,5.145691,2.756707,18.563459,5.222299,16.56516,13.178456,0.33556,3.955979,45.090264
0.670928,17.035925,0.0,17.237187,9.824368,58.224192,14.591485,49.052243,15.221304,2.333931,15.275976,38.253832
0.229347,4.223064,51.785957,0.0,18.522451,25.792216,16.966149,22.046272,16.546184,22.144315,12.112277,51.388632
0.082848,1.057213,21.229971,2.416712,0.0,12.080264,6.100043,100.456219,4.479536,0.331496,0.782069,3.621656
0.0,11.615821,48.221176,16.376749,5.761301,0.0,8.852992,22.047373,16.037229,5.877893,11.052501,21.752699
2.486565,2.097669,21.993493,6.647333,2.472235,15.026016,0.0,8.312536,8.332619,1.160096,1.771872,8.988459
0.234448,16.069181,124.337109,6.784672,9.613357,38.300333,4.587421,0.0,54.451587,9.186443,19.958045,72.941112
2.282453,28.511997,36.379536,22.727488,9.542083,37.010077,10.911757,84.347304,0.0,7.483789,27.285405,94.364064
0.0,0.094429,2.481336,6.618352,0.440363,1.166888,0.867304,35.499755,1.865555,0.0,54.875355,0.564448
0.414411,9.268957,45.820848,3.229445,3.860203,7.723189,5.497907,27.296139,14.814568,4.06596,0.0,5.381672
4.837696,91.308235,60.737088,49.808739,22.090525,38.064368,9.680755,107.687203,131.187653,9.862837,43.135205,0.0
