2880.324627
0.225227,1,2
0.230093,1,3
0.053333,1,4
0.237813,1,5
0.200771,1,6
0.095051,1,7
0.101749,1,8
0.318181,1,9
0.013333,1,10
0.028,1,11
1.341888,1,12
0.289816,2,1
25.872779,2,3
2.863475,2,4
17.423411,2,5
21.592355,2,6
7.072067,2,7
16.064013,2,8
16.412723,2,9
1.1474,2,10
6.057301,2,11
55.769568,2,12
0.245096,3,1
23.978437,3,2
9.537301,3,4
12.785571,3,5
55.993549,3,6
26.989216,3,7
34.257637,3,8
36.985787,3,9
1.014376,3,10
5.573093,3,11
31.476211,3,12
0.413931,4,1
10.684195,4,2
71.637043,4,3
19.61548,4,5
28.71964,4,6
25.283048,4,7
18.078717,4,8
18.849368,4,9
19.586901,4,10
12.948149,4,11
49.216083,4,12
4.893453,5,1
11.078765,5,2
17.020029,5,3
3.451747,5,4
7.998949,5,6
9.280712,5,7
3.432685,5,8
4.155877,5,9
0.557795,5,10
0.756752,5,11
20.106507,5,12
0.08,6,1
19.662176,6,2
60.231435,6,3
16.859157,6,4
30.769763,6,5
11.951659,6,7
13.174552,6,8
39.332989,6,9
5.030584,6,10
5.749811,6,11
30.336125,6,12
0.490147,7,1
6.425739,7,2
25.340245,7,3
8.530707,7,4
4.481037,7,5
20.547419,7,6
5.647507,7,8
15.918776,7,9
1.766896,7,10
3.672213,7,11
34.441459,7,12
0.247232,8,1
38.656165,8,2
114.132501,8,3
11.099915,8,4
6.294496,8,5
30.212603,8,6
8.450984,8,7
68.415357,8,9
34.300205,8,10
15.4544,8,11
31.915011,8,12
1.400595,9,1
39.795357,9,2
38.214411,9,3
35.791973,9,4
13.628597,9,5
30.098725,9,6
16.816533,9,7
68.655592,9,8
2.306685,9,10
15.993819,9,11
141.778229,9,12
0.206197,10,2
0.174861,10,3
4.318499,10,4
0.216061,10,5
0.449243,10,6
33.462027,10,8
0.359795,10,9
33.948173,10,11
1.535715,10,12
0.885523,11,1
12.632683,11,2
51.284589,11,3
3.591792,11,4
8.260056,11,5
15.703624,11,6
6.03316,11,7
8.781576,11,8
16.136355,11,9
3.857019,11,10
18.761544,11,12
7.764765,12,1
174.596752,12,2
98.538835,12,3
62.192995,12,4
30.297995,12,5
96.503976,12,6
28.592683,12,7
61.4268,12,8
170.730568,12,9
2.650781,12,10
32.317757,12,11
succeed
0.0,0.225227,0.230093,0.053333,0.237813,0.200771,0.095051,0.101749,0.318181,0.013333,0.028,1.341888
0.289816,0.0,25.872779,2.863475,17.423411,21.592355,7.072067,16.064013,16.412723,1.1474,6.057301,55.769568
0.245096,23.978437,0.0,9.537301,12.785571,55.993549,26.989216,34.257637,36.985787,1.014376,5.573093,31.476211
0.413931,10.684195,71.637043,0.0,19.61548,28.71964,25.283048,18.078717,18.849368,19.586901,12.948149,49.216083
4.893453,11.078765,17.020029,3.451747,0.0,7.998949,9.280712,3.432685,4.155877,0.557795,0.756752,20.106507
0.08,19.662176,60.231435,16.859157,30.769763,0.0,11.951659,13.174552,39.332989,5.030584,5.749811,30.336125
0.490147,6.425739,25.340245,8.530707,4.481037,20.547419,0.0,5.647507,15.918776,1.766896,3.672213,34.441459
0.247232,38.656165,114.132501,11.099915,6.294496,30.212603,8.450984,0.0,68.415357,34.300205,15.4544,31.915011
1.400595,39.795357,38.214411,35.791973,13.628597,30.098725,16.816533,68.655592,0.0,2.306685,15.993819,141.778229
0.0,0.206197,0.174861,4.318499,0.216061,0.449243,0.0,33.462027,0.359795,0.0,33.948173,1.535715
0.885523,12.632683,51.284589,3.591792,8.260056,15.703624,6.03316,8.781576,16.136355,3.857019,0.0,18.761544
7.764765,174.596752,98.538835,62.192995,30.297995,96.503976,28.592683,61.4268,170.730568,2.650781,32.317757,0.0
