3115.810228
0.32004,1,2
0.266811,1,3
0.062352,1,4
0.140443,1,5
0.282456,1,6
0.053333,1,7
0.534252,1,8
0.603821,1,9
0.020876,1,10
0.083749,1,11
0.842248,1,12
0.324603,2,1
36.643549,2,3
9.357333,2,4
5.917155,2,5
19.267136,2,6
16.370693,2,7
16.00816,2,8
16.567749,2,9
1.367453,2,10
6.391144,2,11
54.270875,2,12
0.225816,3,1
53.260979,3,2
17.241787,3,4
14.401512,3,5
40.721317,3,6
16.14908,3,7
39.784629,3,8
23.278285,3,9
6.039165,3,10
15.191573,3,11
39.031069,3,12
0.213067,4,1
25.944501,4,2
60.404744,4,3
30.781792,4,5
28.04092,4,6
20.083325,4,7
29.056227,4,8
13.324787,4,9
25.721104,4,10
35.583907,4,11
45.174808,4,12
1.595915,5,1
5.578965,5,2
24.219288,5,3
4.549736,5,4
11.908995,5,6
3.024451,5,7
14.217707,5,8
6.877432,5,9
0.772189,5,10
1.362245,5,11
17.987659,5,12
0.934845,6,1
29.671027,6,2
104.237875,6,3
31.195285,6,4
5.653115,6,5
20.998861,6,7
19.942557,6,8
36.677997,6,9
6.835171,6,10
12.958851,6,11
22.841555,6,12
0.106667,7,1
14.046675,7,2
17.4326,7,3
6.213184,7,4
15.398949,7,5
18.656677,7,6
6.831675,7,8
3.517504,7,9
3.381035,7,10
9.287309,7,11
15.779099,7,12
0.210253,8,1
28.890456,8,2
107.256195,8,3
26.167909,8,4
12.4098,8,5
42.43104,8,6
10.08272,8,7
68.00612,8,9
34.710181,8,10
21.112259,8,11
78.748499,8,12
0.721232,9,1
40.134819,9,2
32.180339,9,3
37.682395,9,4
14.522176,9,5
42.101107,9,6
21.705029,9,7
77.81836,9,8
9.231512,9,10
23.488931,9,11
98.054293,9,12
0.053333,10,2
0.458728,10,3
26.562208,10,4
0.721867,10,5
0.725197,10,6
0.095784,10,7
32.977101,10,8
5.958251,10,9
30.772272,10,11
1.018219,10,12
0.520445,11,1
13.504397,11,2
48.50764,11,3
9.140256,11,4
7.012224,11,5
12.667624,11,6
13.054043,11,7
18.551635,11,8
14.958389,11,9
5.398667,11,10
23.439253,11,12
2.159667,12,1
87.171168,12,2
113.854424,12,3
53.400184,12,4
40.633987,12,5
77.407267,12,6
30.845613,12,7
104.952165,12,8
209.611235,12,9
7.859125,12,10
34.108515,12,11
succeed
0.0,0.32004,0.266811,0.062352,0.140443,0.282456,0.053333,0.534252,0.603821,0.020876,0.083749,0.842248
0.324603,0.0,36.643549,9.357333,5.917155,19.267136,16.370693,16.00816,16.567749,1.367453,6.391144,54.270875
0.225816,53.260979,0.0,17.241787,14.401512,40.721317,16.14908,39.784629,23.278285,6.039165,15.191573,39.031069
0.213067,25.944501,60.404744,0.0,30.781792,28.04092,20.083325,29.056227,13.324787,25.721104,35.583907,45.174808
1.595915,5.578965,24.219288,4.549736,0.0,11.908995,3.024451,14.217707,6.877432,0.772189,1.362245,17.987659
0.934845,29.671027,104.237875,31.195285,5.653115,0.0,20.998861,19.942557,36.677997,6.835171,12.958851,22.841555
0.106667,14.046675,17.4326,6.213184,15.398949,18.656677,0.0,6.831675,3.517504,3.381035,9.287309,15.779099
0.210253,28.890456,107.256195,26.167909,12.4098,42.43104,10.08272,0.0,68.00612,34.710181,21.112259,78.748499
0.721232,40.134819,32.180339,37.682395,14.522176,42.101107,21.705029,77.81836,0.0,9.231512,23.488931,98.054293
0.0,0.053333,0.458728,26.562208,0.721867,0.725197,0.095784,32.977101,5.958251,0.0,30.772272,1.018219
0.520445,13.504397,48.50764,9.140256,7.012224,12.667624,13.054043,18.551635,14.958389,5.398667,0.0,23.439253
2.159667,87.171168,113.854424,53.400184,40.633987,77.407267,30.845613,104.952165,209.611235,7.859125,34.108515,0.0
