1966.215165
0.053333,1,2
0.253181,1,3
0.026667,1,4
0.035107,1,5
0.099787,1,8
0.053333,1,9
0.564533,1,12
0.026667,2,1
12.440213,2,3
5.089517,2,4
11.483336,2,5
15.319611,2,6
0.911563,2,7
17.044881,2,8
6.051029,2,9
0.13166,2,10
5.671405,2,11
35.119243,2,12
0.265555,3,1
4.631187,3,2
21.580123,3,4
3.728003,3,5
20.345749,3,6
18.595824,3,7
30.629613,3,8
13.700643,3,9
3.159149,3,10
9.361176,3,11
23.976501,3,12
0.09888,4,1
9.677723,4,2
56.340491,4,3
18.799333,4,5
27.937008,4,6
14.245024,4,7
20.205976,4,8
7.635872,4,9
6.053195,4,10
13.373749,4,11
35.649685,4,12
1.917067,5,1
14.212773,5,2
13.999456,5,3
1.810352,5,4
0.429413,5,6
0.780259,5,7
3.307208,5,8
2.131467,5,9
0.026667,5,10
1.553912,5,11
1.448347,5,12
13.222136,6,2
58.512776,6,3
17.547557,6,4
0.748277,6,5
1.542493,6,7
11.01528,6,8
13.102024,6,9
0.159195,6,10
10.43488,6,11
10.768448,6,12
2.040597,7,2
23.605149,7,3
4.776805,7,4
3.53804,7,5
11.938787,7,6
4.901373,7,8
1.740389,7,9
3.383627,7,10
4.459867,7,11
7.640867,7,12
0.149536,8,1
30.021363,8,2
91.703259,8,3
6.903728,8,4
3.577477,8,5
5.210328,8,6
6.615909,8,7
25.874363,8,9
23.458269,8,10
20.116869,8,11
96.047781,8,12
0.752853,9,1
10.416864,9,2
36.540043,9,3
24.728019,9,4
4.381368,9,5
9.723757,9,6
5.447869,9,7
64.792509,9,8
4.876637,9,10
30.922627,9,11
29.503685,9,12
1.169813,10,2
0.400232,10,4
0.026667,10,5
3.037019,10,6
31.31944,10,8
1.072117,10,9
31.991795,10,11
5.546643,11,2
28.834432,11,3
1.549485,11,4
1.178408,11,5
8.027584,11,6
2.802075,11,7
24.673653,11,8
12.973893,11,9
3.104749,11,10
5.940317,11,12
1.629973,12,1
82.052619,12,2
60.772088,12,3
42.338461,12,4
16.23648,12,5
32.645349,12,6
5.929608,12,7
105.224307,12,8
159.478611,12,9
6.827136,12,10
40.606085,12,11
succeed
0.0,0.053333,0.253181,0.026667,0.035107,0.0,0.0,0.099787,0.053333,0.0,0.0,0.564533
0.026667,0.0,12.440213,5.089517,11.483336,15.319611,0.911563,17.044881,6.051029,0.13166,5.671405,35.119243
0.265555,4.631187,0.0,21.580123,3.728003,20.345749,18.595824,30.629613,13.700643,3.159149,9.361176,23.976501
0.09888,9.677723,56.340491,0.0,18.799333,27.937008,14.245024,20.205976,7.635872,6.053195,13.373749,35.649685
1.917067,14.212773,13.999456,1.810352,0.0,0.429413,0.780259,3.307208,2.131467,0.026667,1.553912,1.448347
0.0,13.222136,58.512776,17.547557,0.748277,0.0,1.542493,11.01528,13.102024,0.159195,10.43488,10.768448
0.0,2.040597,23.605149,4.776805,3.53804,11.938787,0.0,4.901373,1.740389,3.383627,4.459867,7.640867
0.149536,30.021363,91.703259,6.903728,3.577477,5.210328,6.615909,0.0,25.874363,23.458269,20.116869,96.047781
0.752853,10.416864,36.540043,24.728019,4.381368,9.723757,5.447869,64.792509,0.0,4.876637,30.922627,29.503685
0.0,1.169813,0.0,0.400232,0.026667,3.037019,0.0,31.31944,1.072117,0.0,31.991795,0.0
0.0,5.546643,28.834432,1.549485,1.178408,8.027584,2.802075,24.673653,12.973893,3.104749,0.0,5.940317
1.629973,82.052619,60.772088,42.338461,16.23648,32.645349,5.929608,105.224307,159.478611,6.827136,40.606085,0.0
