2952.05204
0.499896,1,2
2.17232,1,3
0.106667,1,4
0.026667,1,5
0.379976,1,6
0.026667,1,7
0.120771,1,8
0.171333,1,9
0.026667,1,10
0.121312,1,11
0.783808,1,12
2.373381,2,1
10.931864,2,3
5.83504,2,4
25.824667,2,5
19.855789,2,6
8.495445,2,7
19.050264,2,8
11.644731,2,9
0.571621,2,10
7.598917,2,11
36.125157,2,12
0.220872,3,1
28.027659,3,2
10.932592,3,4
16.516053,3,5
50.131059,3,6
16.736381,3,7
34.813472,3,8
16.569757,3,9
8.379773,3,10
10.954624,3,11
31.640147,3,12
1.210117,4,1
8.135389,4,2
55.994267,4,3
24.472467,4,5
40.805251,4,6
31.387936,4,7
15.834027,4,8
25.134251,4,9
24.884299,4,10
27.030861,4,11
65.762501,4,12
0.14244,5,1
32.91752,5,2
11.052096,5,3
2.748464,5,4
5.258115,5,6
6.786091,5,7
8.593139,5,8
2.692707,5,9
0.489496,5,10
2.689389,5,11
5.95592,5,12
0.286197,6,1
25.460896,6,2
90.775248,6,3
8.488243,6,4
3.008267,6,5
12.334616,6,7
22.603485,6,8
20.378952,6,9
1.498787,6,10
8.307821,6,11
27.770445,6,12
0.247627,7,1
7.545525,7,2
17.867555,7,3
5.682629,7,4
5.139776,7,5
15.858773,7,6
13.431963,7,8
2.856125,7,9
2.832067,7,10
4.968803,7,11
30.488165,7,12
0.146344,8,1
41.448312,8,2
93.748117,8,3
21.475032,8,4
19.057003,8,5
23.838075,8,6
6.727869,8,7
30.512469,8,9
43.698211,8,10
23.950784,8,11
88.255427,8,12
1.350291,9,1
32.308549,9,2
41.218717,9,3
44.792339,9,4
14.111197,9,5
32.400835,9,6
7.022533,9,7
78.117299,9,8
4.517421,9,10
18.804024,9,11
85.798083,9,12
0.08,10,2
0.026667,10,3
14.393256,10,4
0.09904,10,5
0.890875,10,6
0.059467,10,7
43.711472,10,8
0.73288,10,9
43.574365,10,11
3.589952,10,12
0.227752,11,1
11.185901,11,2
27.795712,11,3
16.597101,11,4
5.524283,11,5
11.729667,11,6
11.747552,11,7
20.094216,11,8
12.723712,11,9
5.747368,11,10
17.491619,11,12
4.608573,12,1
184.030784,12,2
83.839936,12,3
62.205176,12,4
29.723829,12,5
78.962512,12,6
18.319619,12,7
124.4928,12,8
214.526211,12,9
5.73352,12,10
38.813235,12,11
succeed
0.0,0.499896,2.17232,0.106667,0.026667,0.379976,0.026667,0.120771,0.171333,0.026667,0.121312,0.783808
2.373381,0.0,10.931864,5.83504,25.824667,19.855789,8.495445,19.050264,11.644731,0.571621,7.598917,36.125157
0.220872,28.027659,0.0,10.932592,16.516053,50.131059,16.736381,34.813472,16.569757,8.379773,10.954624,31.640147
1.210117,8.135389,55.994267,0.0,24.472467,40.805251,31.387936,15.834027,25.134251,24.884299,27.030861,65.762501
0.14244,32.91752,11.052096,2.748464,0.0,5.258115,6.786091,8.593139,2.692707,0.489496,2.689389,5.95592
0.286197,25.460896,90.775248,8.488243,3.008267,0.0,12.334616,22.603485,20.378952,1.498787,8.307821,27.770445
0.247627,7.545525,17.867555,5.682629,5.139776,15.858773,0.0,13.431963,2.856125,2.832067,4.968803,30.488165
0.146344,41.448312,93.748117,21.475032,19.057003,23.838075,6.727869,0.0,30.512469,43.698211,23.950784,88.255427
1.350291,32.308549,41.218717,44.792339,14.111197,32.400835,7.022533,78.117299,0.0,4.517421,18.804024,85.798083
0.0,0.08,0.026667,14.393256,0.09904,0.890875,0.059467,43.711472,0.73288,0.0,43.574365,3.589952
0.227752,11.185901,27.795712,16.597101,5.524283,11.729667,11.747552,20.094216,12.723712,5.747368,0.0,17.491619
4.608573,184.030784,83.839936,62.205176,29.723829,78.962512,18.319619,124.4928,214.526211,5.73352,38.813235,0.0
