3592.938831
0.845453,1,2
0.621552,1,3
0.266459,1,4
0.233792,1,5
0.269651,1,6
0.403509,1,7
0.361101,1,8
0.148893,1,9
0.013333,1,10
0.206037,1,11
3.004099,1,12
1.493923,2,1
20.418221,2,3
6.934245,2,4
4.845421,2,5
31.801773,2,6
4.094645,2,7
15.511907,2,8
15.904939,2,9
1.244883,2,10
9.27208,2,11
152.469643,2,12
0.584096,3,1
31.884709,3,2
17.842768,3,4
13.339088,3,5
49.221875,3,6
21.617344,3,7
36.289653,3,8
29.70768,3,9
3.360379,3,10
10.729376,3,11
54.674475,3,12
0.114603,4,1
7.096011,4,2
101.364613,4,3
25.356824,4,5
37.53908,4,6
19.701144,4,7
11.619803,4,8
23.975373,4,9
17.021613,4,10
15.713317,4,11
56.048099,4,12
3.114725,5,1
4.438579,5,2
32.033888,5,3
2.685736,5,4
8.713787,5,6
3.009837,5,7
109.297976,5,8
15.661056,5,9
0.739099,5,10
2.226896,5,11
5.028547,5,12
1.954029,6,1
33.686893,6,2
180.831693,6,3
25.901664,6,4
8.536141,6,5
14.949616,6,7
16.616309,6,8
28.143411,6,9
3.797088,6,10
6.925064,6,11
44.373021,6,12
0.568571,7,1
5.438645,7,2
43.930045,7,3
6.998293,7,4
3.520037,7,5
15.74972,7,6
11.482632,7,8
12.742347,7,9
1.816331,7,10
2.465867,7,11
19.069008,7,12
0.985272,8,1
38.349819,8,2
158.613677,8,3
7.788112,8,4
13.834008,8,5
45.924307,8,6
9.32752,8,7
62.769501,8,9
12.397363,8,10
28.260853,8,11
72.930472,8,12
2.516904,9,1
47.675072,9,2
86.421893,9,3
31.059099,9,4
14.497725,9,5
68.436397,9,6
34.129384,9,7
57.287027,9,8
7.627323,9,10
21.479389,9,11
123.599789,9,12
0.650032,10,2
6.036029,10,3
8.934184,10,4
1.031968,10,5
3.800408,10,6
0.755909,10,7
30.579256,10,8
1.728616,10,9
44.809168,10,11
1.486085,10,12
0.39996,11,1
10.904672,11,2
59.565493,11,3
5.105531,11,4
7.130984,11,5
16.84164,11,6
8.710379,11,7
21.905653,11,8
13.380677,11,9
6.921069,11,10
14.976957,11,12
1.667389,12,1
137.919336,12,2
130.87836,12,3
69.993259,12,4
31.800256,12,5
52.1602,12,6
38.297259,12,7
72.890915,12,8
272.08856,12,9
4.671805,12,10
37.391883,12,11
succeed
0.0,0.845453,0.621552,0.266459,0.233792,0.269651,0.403509,0.361101,0.148893,0.013333,0.206037,3.004099
1.493923,0.0,20.418221,6.934245,4.845421,31.801773,4.094645,15.511907,15.904939,1.244883,9.27208,152.469643
0.584096,31.884709,0.0,17.842768,13.339088,49.221875,21.617344,36.289653,29.70768,3.360379,10.729376,54.674475
0.114603,7.096011,101.364613,0.0,25.356824,37.53908,19.701144,11.619803,23.975373,17.021613,15.713317,56.048099
3.114725,4.438579,32.033888,2.685736,0.0,8.713787,3.009837,109.297976,15.661056,0.739099,2.226896,5.028547
1.954029,33.686893,180.831693,25.901664,8.536141,0.0,14.949616,16.616309,28.143411,3.797088,6.925064,44.373021
0.568571,5.438645,43.930045,6.998293,3.520037,15.74972,0.0,11.482632,12.742347,1.816331,2.465867,19.069008
0.985272,38.349819,158.613677,7.788112,13.834008,45.924307,9.32752,0.0,62.769501,12.397363,28.260853,72.930472
2.516904,47.675072,86.421893,31.059099,14.497725,68.436397,34.129384,57.287027,0.0,7.627323,21.479389,123.599789
0.0,0.650032,6.036029,8.934184,1.031968,3.800408,0.755909,30.579256,1.728616,0.0,44.809168,1.486085
0.39996,10.904672,59.565493,5.105531,7.130984,16.84164,8.710379,21.905653,13.380677,6.921069,0.0,14.976957
1.667389,137.919336,130.87836,69.993259,31.800256,52.1602,38.297259,72.890915,272.08856,4.671805,37.391883,0.0
