2803.00753
0.213925,1,2
0.379592,1,3
0.026667,1,4
0.281453,1,5
0.632139,1,6
0.102731,1,7
0.693939,1,9
0.639155,1,12
23.726219,2,3
0.053333,2,4
39.621813,2,5
20.020885,2,6
3.027109,2,7
11.083325,2,9
0.741376,2,11
54.245608,2,12
24.312683,3,2
37.257659,3,4
76.260856,3,5
41.833477,3,6
7.188424,3,7
0.298483,3,8
28.084283,3,9
1.449896,3,11
43.402765,3,12
6.926432,4,2
58.325419,4,3
32.565496,4,5
27.282851,4,6
9.901405,4,7
13.45128,4,9
7.767091,4,10
0.508739,4,11
55.823059,4,12
29.797448,5,2
0.86408,5,3
0.107883,5,6
0.113675,5,7
5.356259,5,9
0.053333,5,10
0.098165,5,11
82.005403,5,12
24.184288,6,2
87.689165,6,3
7.948528,6,4
41.409296,6,5
13.114912,6,7
0.053333,6,8
22.431096,6,9
0.129845,6,10
2.328781,6,11
36.176253,6,12
2.087117,7,2
29.657317,7,3
14.962781,7,4
15.511304,7,5
11.838411,7,6
0.026667,7,8
9.727299,7,9
0.297752,7,11
7.059347,7,12
41.672875,8,2
11.69232,8,3
12.126525,8,4
197.482573,8,5
1.484371,8,6
3.327773,8,7
64.20616,8,9
8.713779,8,10
15.030296,8,11
75.098339,8,12
41.063243,9,2
30.589475,9,3
30.850149,9,4
110.812427,9,5
49.084227,9,6
23.700408,9,7
0.199611,9,8
0.152432,9,10
7.604451,9,11
134.092035,9,12
0.452792,10,2
0.16,10,3
10.285451,10,4
8.211168,10,5
0.027757,10,6
0.955,10,7
31.423525,10,8
1.636448,10,9
69.569272,10,11
3.47672,10,12
7.597125,11,2
3.694395,11,3
2.460784,11,4
56.704232,11,5
0.514133,11,6
2.145723,11,7
21.360211,11,8
11.74008,11,9
3.570696,11,10
10.659253,11,12
130.676883,12,2
39.248291,12,3
5.928192,12,4
209.670776,12,5
41.226483,12,6
14.647035,12,7
0.258731,12,8
174.658824,12,9
0.053333,12,10
7.851443,12,11
succeed
0.0,0.213925,0.379592,0.026667,0.281453,0.632139,0.102731,0.0,0.693939,0.0,0.0,0.639155
0.0,0.0,23.726219,0.053333,39.621813,20.020885,3.027109,0.0,11.083325,0.0,0.741376,54.245608
0.0,24.312683,0.0,37.257659,76.260856,41.833477,7.188424,0.298483,28.084283,0.0,1.449896,43.402765
0.0,6.926432,58.325419,0.0,32.565496,27.282851,9.901405,0.0,13.45128,7.767091,0.508739,55.823059
0.0,29.797448,0.86408,0.0,0.0,0.107883,0.113675,0.0,5.356259,0.053333,0.098165,82.005403
0.0,24.184288,87.689165,7.948528,41.409296,0.0,13.114912,0.053333,22.431096,0.129845,2.328781,36.176253
0.0,2.087117,29.657317,14.962781,15.511304,11.838411,0.0,0.026667,9.727299,0.0,0.297752,7.059347
0.0,41.672875,11.69232,12.126525,197.482573,1.484371,3.327773,0.0,64.20616,8.713779,15.030296,75.098339
0.0,41.063243,30.589475,30.850149,110.812427,49.084227,23.700408,0.199611,0.0,0.152432,7.604451,134.092035
0.0,0.452792,0.16,10.285451,8.211168,0.027757,0.955,31.423525,1.636448,0.0,69.569272,3.47672
0.0,7.597125,3.694395,2.460784,56.704232,0.514133,2.145723,21.360211,11.74008,3.570696,0.0,10.659253
0.0,130.676883,39.248291,5.928192,209.670776,41.226483,14.647035,0.258731,174.658824,0.053333,7.851443,0.0
