2898.561064
1.080213,1,2
0.357219,1,3
0.2384,1,5
0.053333,1,6
0.608067,1,8
0.220525,1,9
0.053333,1,11
0.807411,1,12
0.232624,2,1
14.992355,2,3
8.978395,2,4
5.61532,2,5
15.255867,2,6
6.476976,2,7
16.763931,2,8
4.711619,2,9
1.718381,2,10
5.783581,2,11
51.817323,2,12
0.520117,3,1
20.906563,3,2
9.754635,3,4
23.135539,3,5
63.456299,3,6
17.367619,3,7
39.536611,3,8
10.247824,3,9
3.093309,3,10
8.189749,3,11
27.302957,3,12
0.183197,4,1
8.378349,4,2
71.037067,4,3
38.698755,4,5
30.860128,4,6
20.039221,4,7
13.864907,4,8
13.315712,4,9
14.764523,4,10
10.421083,4,11
56.703419,4,12
0.441296,5,1
20.251499,5,2
11.877792,5,3
2.092453,5,4
6.812637,5,6
1.267104,5,7
7.584192,5,8
3.74008,5,9
0.368189,5,10
3.593493,5,11
6.852955,5,12
0.227179,6,1
20.528824,6,2
64.318075,6,3
14.779653,6,4
24.609053,6,5
10.662397,6,7
29.119448,6,8
32.957648,6,9
2.575659,6,10
22.825227,6,11
24.537363,6,12
0.10144,7,1
6.614987,7,2
29.132475,7,3
17.02704,7,4
4.648221,7,5
18.865363,7,6
3.477693,7,8
4.174861,7,9
2.530336,7,10
8.455163,7,11
12.607565,7,12
0.125992,8,1
29.783152,8,2
140.259832,8,3
13.388779,8,4
11.312717,8,5
39.511669,8,6
6.481387,8,7
68.582075,8,9
27.411981,8,10
29.658381,8,11
46.104547,8,12
1.4636,9,1
36.327645,9,2
24.176336,9,3
36.531813,9,4
13.968941,9,5
37.57256,9,6
16.93164,9,7
73.996907,9,8
6.287923,9,10
19.90532,9,11
138.838144,9,12
0.08,10,2
0.08164,10,3
20.892448,10,4
0.268736,10,5
0.435043,10,6
0.034467,10,7
26.949808,10,8
0.442405,10,9
27.120216,10,11
0.19888,10,12
0.210152,11,1
14.748741,11,2
24.511912,11,3
4.539088,11,4
5.862992,11,5
17.294328,11,6
5.5496,11,7
19.168531,11,8
22.948979,11,9
5.507493,11,10
50.730736,11,12
2.385395,12,1
142.460736,12,2
87.698568,12,3
75.260936,12,4
23.82208,12,5
72.206285,12,6
35.697517,12,7
73.401176,12,8
198.838371,12,9
8.461307,12,10
54.931341,12,11
succeed
0.0,1.080213,0.357219,0.0,0.2384,0.053333,0.0,0.608067,0.220525,0.0,0.053333,0.807411
0.232624,0.0,14.992355,8.978395,5.61532,15.255867,6.476976,16.763931,4.711619,1.718381,5.783581,51.817323
0.520117,20.906563,0.0,9.754635,23.135539,63.456299,17.367619,39.536611,10.247824,3.093309,8.189749,27.302957
0.183197,8.378349,71.037067,0.0,38.698755,30.860128,20.039221,13.864907,13.315712,14.764523,10.421083,56.703419
0.441296,20.251499,11.877792,2.092453,0.0,6.812637,1.267104,7.584192,3.74008,0.368189,3.593493,6.852955
0.227179,20.528824,64.318075,14.779653,24.609053,0.0,10.662397,29.119448,32.957648,2.575659,22.825227,24.537363
0.10144,6.614987,29.132475,17.02704,4.648221,18.865363,0.0,3.477693,4.174861,2.530336,8.455163,12.607565
0.125992,29.783152,140.259832,13.388779,11.312717,39.511669,6.481387,0.0,68.582075,27.411981,29.658381,46.104547
1.4636,36.327645,24.176336,36.531813,13.968941,37.57256,16.93164,73.996907,0.0,6.287923,19.90532,138.838144
0.0,0.08,0.08164,20.892448,0.268736,0.435043,0.034467,26.949808,0.442405,0.0,27.120216,0.19888
0.210152,14.748741,24.511912,4.539088,5.862992,17.294328,5.5496,19.168531,22.948979,5.507493,0.0,50.730736
2.385395,142.460736,87.698568,75.260936,23.82208,72.206285,35.697517,73.401176,198.838371,8.461307,54.931341,0.0
