2889.8711
0.441643,1,2
0.053333,1,3
0.041941,1,4
0.026667,1,5
0.048107,1,6
0.026667,1,7
0.431773,1,8
0.013333,1,10
0.112627,1,11
0.485987,1,12
0.026667,2,1
4.773896,2,3
2.830472,2,4
1.064763,2,5
13.947672,2,6
1.266645,2,7
13.588209,2,8
2.286141,2,9
0.259377,2,10
2.150688,2,11
34.773701,2,12
0.38752,3,1
3.535459,3,2
2.454949,3,4
4.630371,3,5
31.065667,3,6
4.028677,3,7
39.263965,3,8
18.463576,3,9
3.803339,3,10
4.566368,3,11
12.77604,3,12
2.259704,4,1
1.154144,4,2
46.722304,4,3
19.002397,4,5
20.693851,4,6
16.159539,4,7
14.197896,4,8
13.541307,4,9
6.484931,4,10
7.167984,4,11
40.805635,4,12
1.055904,5,1
35.598136,5,2
10.867205,5,3
0.742872,5,4
2.036944,5,6
1.071851,5,7
4.089901,5,8
5.528549,5,9
0.026667,5,10
3.760171,5,11
4.709032,5,12
13.676141,6,2
34.292493,6,3
6.86152,6,4
23.329376,6,5
1.910101,6,7
24.002,6,8
14.285291,6,9
0.229485,6,10
12.942864,6,11
46.084389,6,12
0.378325,7,1
1.19448,7,2
11.54592,7,3
9.375368,7,4
3.434867,7,5
9.058296,7,6
4.221789,7,8
2.189221,7,9
2.365829,7,10
3.328536,7,11
8.159781,7,12
0.133848,8,1
21.950512,8,2
1070.291867,8,3
8.277765,8,4
3.291867,8,5
17.266344,8,6
3.376883,8,7
51.473051,8,9
18.561808,8,10
30.52044,8,11
23.900099,8,12
3.144072,9,1
19.772616,9,2
12.071357,9,3
29.260437,9,4
8.997384,9,5
14.774576,9,6
15.607392,9,7
76.753139,9,8
1.587416,9,10
16.995832,9,11
51.142592,9,12
0.578197,10,2
0.204853,10,3
3.883491,10,4
0.026667,10,5
0.247315,10,6
28.899061,10,8
0.284715,10,9
25.836115,10,11
0.053333,10,12
0.046419,11,1
6.5712,11,2
14.878968,11,3
3.168165,11,4
4.568403,11,5
8.510619,11,6
2.800411,11,7
18.301288,11,8
14.373387,11,9
3.200811,11,10
7.640688,11,12
3.906192,12,1
99.740515,12,2
55.827605,12,3
38.810477,12,4
19.990291,12,5
45.096579,12,6
6.872512,12,7
75.238784,12,8
130.383133,12,9
7.224976,12,10
69.385397,12,11
succeed
0.0,0.441643,0.053333,0.041941,0.026667,0.048107,0.026667,0.431773,0.0,0.013333,0.112627,0.485987
0.026667,0.0,4.773896,2.830472,1.064763,13.947672,1.266645,13.588209,2.286141,0.259377,2.150688,34.773701
0.38752,3.535459,0.0,2.454949,4.630371,31.065667,4.028677,39.263965,18.463576,3.803339,4.566368,12.77604
2.259704,1.154144,46.722304,0.0,19.002397,20.693851,16.159539,14.197896,13.541307,6.484931,7.167984,40.805635
1.055904,35.598136,10.867205,0.742872,0.0,2.036944,1.071851,4.089901,5.528549,0.026667,3.760171,4.709032
0.0,13.676141,34.292493,6.86152,23.329376,0.0,1.910101,24.002,14.285291,0.229485,12.942864,46.084389
0.378325,1.19448,11.54592,9.375368,3.434867,9.058296,0.0,4.221789,2.189221,2.365829,3.328536,8.159781
0.133848,21.950512,1070.291867,8.277765,3.291867,17.266344,3.376883,0.0,51.473051,18.561808,30.52044,23.900099
3.144072,19.772616,12.071357,29.260437,8.997384,14.774576,15.607392,76.753139,0.0,1.587416,16.995832,51.142592
0.0,0.578197,0.204853,3.883491,0.026667,0.247315,0.0,28.899061,0.284715,0.0,25.836115,0.053333
0.046419,6.5712,14.878968,3.168165,4.568403,8.510619,2.800411,18.301288,14.373387,3.200811,0.0,7.640688
3.906192,99.740515,55.827605,38.810477,19.990291,45.096579,6.872512,75.238784,130.383133,7.224976,69.385397,0.0
