1810.0151759999999
0.180571,1,2
0.053333,1,3
0.110496,1,5
0.04576,1,6
0.445685,1,8
0.242829,1,9
0.207045,1,12
0.053333,2,1
4.805475,2,3
6.118896,2,4
0.571104,2,5
10.34072,2,6
0.686059,2,7
14.848745,2,8
4.913195,2,9
0.226876,2,10
4.336123,2,11
18.282008,2,12
0.244963,3,1
20.985771,3,2
3.601987,3,4
30.325709,3,5
22.360667,3,6
8.060144,3,7
29.171397,3,8
13.295112,3,9
0.509485,3,10
4.570773,3,11
11.614901,3,12
0.310224,4,1
1.975259,4,2
57.469608,4,3
11.876624,4,5
24.790763,4,6
31.114648,4,7
8.834635,4,8
12.864755,4,9
13.387088,4,10
17.112832,4,11
36.615725,4,12
3.074499,5,1
1.622043,5,2
6.263709,5,3
9.80312,5,4
2.4482,5,6
0.970664,5,7
11.829469,5,8
3.140315,5,9
1.809147,5,11
1.577336,5,12
3.080824,6,1
9.758933,6,2
31.111659,6,3
8.331824,6,4
25.091437,6,5
5.025253,6,7
22.399048,6,8
7.301403,6,9
0.204195,6,10
16.373712,6,11
6.331955,6,12
0.029432,7,1
3.779659,7,2
12.665205,7,3
8.230429,7,4
0.913467,7,5
13.413707,7,6
3.483883,7,8
3.088445,7,9
1.648608,7,10
4.643371,7,11
8.177216,7,12
0.120027,8,1
11.159981,8,2
56.431629,8,3
6.007739,8,4
17.3226,8,5
16.924453,8,6
4.585168,8,7
29.347141,8,9
12.86352,8,10
25.105051,8,11
41.41324,8,12
0.329917,9,1
16.925101,9,2
20.684075,9,3
27.513779,9,4
4.145261,9,5
18.787008,9,6
16.892501,9,7
66.130093,9,8
1.523568,9,10
16.884352,9,11
65.708672,9,12
0.082763,10,2
4.183579,10,4
0.0368,10,5
0.259011,10,6
31.408643,10,8
0.282901,10,9
34.580448,10,11
0.08,10,12
0.206592,11,1
8.333555,11,2
38.291677,11,3
3.703544,11,4
1.156005,11,5
7.785392,11,6
3.081811,11,7
15.071128,11,8
11.953899,11,9
2.457363,11,10
5.632893,11,12
0.708992,12,1
67.745587,12,2
53.839139,12,3
47.179704,12,4
26.690629,12,5
35.997885,12,6
6.378379,12,7
61.927123,12,8
152.929432,12,9
1.2988,12,10
44.743136,12,11
succeed
0.0,0.180571,0.053333,0.0,0.110496,0.04576,0.0,0.445685,0.242829,0.0,0.0,0.207045
0.053333,0.0,4.805475,6.118896,0.571104,10.34072,0.686059,14.848745,4.913195,0.226876,4.336123,18.282008
0.244963,20.985771,0.0,3.601987,30.325709,22.360667,8.060144,29.171397,13.295112,0.509485,4.570773,11.614901
0.310224,1.975259,57.469608,0.0,11.876624,24.790763,31.114648,8.834635,12.864755,13.387088,17.112832,36.615725
3.074499,1.622043,6.263709,9.80312,0.0,2.4482,0.970664,11.829469,3.140315,0.0,1.809147,1.577336
3.080824,9.758933,31.111659,8.331824,25.091437,0.0,5.025253,22.399048,7.301403,0.204195,16.373712,6.331955
0.029432,3.779659,12.665205,8.230429,0.913467,13.413707,0.0,3.483883,3.088445,1.648608,4.643371,8.177216
0.120027,11.159981,56.431629,6.007739,17.3226,16.924453,4.585168,0.0,29.347141,12.86352,25.105051,41.41324
0.329917,16.925101,20.684075,27.513779,4.145261,18.787008,16.892501,66.130093,0.0,1.523568,16.884352,65.708672
0.0,0.082763,0.0,4.183579,0.0368,0.259011,0.0,31.408643,0.282901,0.0,34.580448,0.08
0.206592,8.333555,38.291677,3.703544,1.156005,7.785392,3.081811,15.071128,11.953899,2.457363,0.0,5.632893
0.708992,67.745587,53.839139,47.179704,26.690629,35.997885,6.378379,61.927123,152.929432,1.2988,44.743136,0.0
