2036.663321
0.283405,1,3
0.078259,1,5
0.270685,1,7
0.132,1,8
0.026667,1,9
0.030091,1,11
0.220776,1,12
0.026667,2,1
19.906512,2,3
3.027411,2,4
0.643512,2,5
12.2472,2,6
7.567776,2,7
16.168771,2,8
5.657133,2,9
0.234541,2,10
10.587133,2,11
43.151403,2,12
0.146163,3,1
6.172963,3,2
4.931848,3,4
7.542709,3,5
17.05,3,6
6.01432,3,7
28.175853,3,8
14.864461,3,9
0.390072,3,10
11.097403,3,11
12.173861,3,12
0.11392,4,1
4.581341,4,2
77.524581,4,3
23.028088,4,5
26.344645,4,6
20.516891,4,7
11.938269,4,8
15.601736,4,9
12.908344,4,10
16.488669,4,11
48.514973,4,12
3.962248,5,1
1.496688,5,2
16.608045,5,3
0.795333,5,4
0.934227,5,6
0.96556,5,7
3.236128,5,8
1.69664,5,9
1.583293,5,11
3.517541,5,12
3.459027,6,2
75.773987,6,3
5.687195,6,4
0.255728,6,5
10.224557,6,7
13.265835,6,8
10.092387,6,9
0.026667,6,10
15.222163,6,11
6.981355,6,12
0.026667,7,1
1.420987,7,2
18.050285,7,3
4.063947,7,4
2.851608,7,5
14.821056,7,6
6.712688,7,8
1.125461,7,9
2.128875,7,10
2.909216,7,11
6.130963,7,12
0.026667,8,1
29.358941,8,2
99.941869,8,3
6.291997,8,4
4.434557,8,5
5.922779,8,6
13.642304,8,7
27.677619,8,9
29.182589,8,10
32.179717,8,11
68.183928,8,12
0.26688,9,1
6.939453,9,2
24.838416,9,3
27.639288,9,4
3.036944,9,5
7.050461,9,6
8.326768,9,7
69.888952,9,8
0.525189,9,10
15.010827,9,11
42.014915,9,12
0.252299,10,2
0.411387,10,4
0.222832,10,6
41.520928,10,8
0.060779,10,9
46.950531,10,11
0.094528,10,12
6.530477,11,2
15.863571,11,3
2.582904,11,4
2.412341,11,5
3.974949,11,6
1.159221,11,7
15.903205,11,8
7.784675,11,9
5.839701,11,10
5.140453,11,12
0.698421,12,1
86.531893,12,2
79.800304,12,3
54.281157,12,4
30.840155,12,5
33.113821,12,6
19.385565,12,7
94.529491,12,8
202.6188,12,9
0.17308,12,10
33.197384,12,11
succeed
0.0,0.0,0.283405,0.0,0.078259,0.0,0.270685,0.132,0.026667,0.0,0.030091,0.220776
0.026667,0.0,19.906512,3.027411,0.643512,12.2472,7.567776,16.168771,5.657133,0.234541,10.587133,43.151403
0.146163,6.172963,0.0,4.931848,7.542709,17.05,6.01432,28.175853,14.864461,0.390072,11.097403,12.173861
0.11392,4.581341,77.524581,0.0,23.028088,26.344645,20.516891,11.938269,15.601736,12.908344,16.488669,48.514973
3.962248,1.496688,16.608045,0.795333,0.0,0.934227,0.96556,3.236128,1.69664,0.0,1.583293,3.517541
0.0,3.459027,75.773987,5.687195,0.255728,0.0,10.224557,13.265835,10.092387,0.026667,15.222163,6.981355
0.026667,1.420987,18.050285,4.063947,2.851608,14.821056,0.0,6.712688,1.125461,2.128875,2.909216,6.130963
0.026667,29.358941,99.941869,6.291997,4.434557,5.922779,13.642304,0.0,27.677619,29.182589,32.179717,68.183928
0.26688,6.939453,24.838416,27.639288,3.036944,7.050461,8.326768,69.888952,0.0,0.525189,15.010827,42.014915
0.0,0.252299,0.0,0.411387,0.0,0.222832,0.0,41.520928,0.060779,0.0,46.950531,0.094528
0.0,6.530477,15.863571,2.582904,2.412341,3.974949,1.159221,15.903205,7.784675,5.839701,0.0,5.140453
0.698421,86.531893,79.800304,54.281157,30.840155,33.113821,19.385565,94.529491,202.6188,0.17308,33.197384,0.0
