2536.287427
0.107424,1,2
0.597515,1,3
0.077856,1,5
0.41832,1,6
0.230469,1,7
0.026667,1,8
1.610016,1,9
0.134176,1,11
2.677555,1,12
0.048731,2,1
9.913269,2,3
1.244035,2,4
9.710803,2,5
13.922083,2,6
1.054891,2,7
10.332653,2,8
5.98728,2,9
0.231928,2,10
7.156955,2,11
36.6712,2,12
0.174272,3,1
14.781109,3,2
6.203227,3,4
24.285016,3,5
30.41092,3,6
14.791376,3,7
24.909304,3,8
15.863461,3,9
4.197693,3,10
15.573075,3,11
25.788091,3,12
0.134917,4,1
5.287277,4,2
23.27888,4,3
20.433784,4,5
10.019195,4,6
29.746352,4,7
8.869917,4,8
6.858827,4,9
11.842405,4,10
18.947827,4,11
24.408115,4,12
2.577005,5,1
7.378787,5,2
10.115213,5,3
1.288368,5,4
4.856445,5,6
9.385261,5,7
34.143563,5,8
16.616448,5,9
5.298416,5,11
13.273283,5,12
0.061165,6,1
10.868077,6,2
46.636456,6,3
4.637979,6,4
2.462763,6,5
3.378109,6,7
13.756424,6,8
4.443768,6,9
0.678248,6,10
20.693504,6,11
13.080216,6,12
0.061307,7,1
4.697365,7,2
23.811656,7,3
7.914419,7,4
1.877821,7,5
19.688496,7,6
3.129384,7,8
3.076957,7,9
1.696712,7,10
8.577141,7,11
12.069235,7,12
0.111448,8,1
5.271541,8,2
741.33112,8,3
7.964301,8,4
2.798603,8,5
13.779744,8,6
3.911088,8,7
30.379187,8,9
17.409885,8,10
46.945776,8,11
42.958133,8,12
0.340416,9,1
23.146248,9,2
28.99444,9,3
8.688915,9,4
8.804616,9,5
15.452765,9,6
5.157947,9,7
37.576653,9,8
0.591536,9,10
17.151957,9,11
68.532229,9,12
0.389352,10,4
0.026667,10,5
0.256216,10,6
0.026667,10,7
6.269216,10,8
0.045365,10,9
23.64968,10,11
0.026667,10,12
0.11564,11,1
11.016832,11,2
32.851445,11,3
5.288475,11,4
5.588131,11,5
25.925312,11,6
10.448541,11,7
18.353616,11,8
8.924963,11,9
1.039728,11,10
22.896403,11,12
0.8638,12,1
63.888565,12,2
47.807229,12,3
75.648203,12,4
20.993219,12,5
34.246227,12,6
4.887819,12,7
60.323099,12,8
142.955515,12,9
1.167675,12,10
31.879755,12,11
succeed
0.0,0.107424,0.597515,0.0,0.077856,0.41832,0.230469,0.026667,1.610016,0.0,0.134176,2.677555
0.048731,0.0,9.913269,1.244035,9.710803,13.922083,1.054891,10.332653,5.98728,0.231928,7.156955,36.6712
0.174272,14.781109,0.0,6.203227,24.285016,30.41092,14.791376,24.909304,15.863461,4.197693,15.573075,25.788091
0.134917,5.287277,23.27888,0.0,20.433784,10.019195,29.746352,8.869917,6.858827,11.842405,18.947827,24.408115
2.577005,7.378787,10.115213,1.288368,0.0,4.856445,9.385261,34.143563,16.616448,0.0,5.298416,13.273283
0.061165,10.868077,46.636456,4.637979,2.462763,0.0,3.378109,13.756424,4.443768,0.678248,20.693504,13.080216
0.061307,4.697365,23.811656,7.914419,1.877821,19.688496,0.0,3.129384,3.076957,1.696712,8.577141,12.069235
0.111448,5.271541,741.33112,7.964301,2.798603,13.779744,3.911088,0.0,30.379187,17.409885,46.945776,42.958133
0.340416,23.146248,28.99444,8.688915,8.804616,15.452765,5.157947,37.576653,0.0,0.591536,17.151957,68.532229
0.0,0.0,0.0,0.389352,0.026667,0.256216,0.026667,6.269216,0.045365,0.0,23.64968,0.026667
0.11564,11.016832,32.851445,5.288475,5.588131,25.925312,10.448541,18.353616,8.924963,1.039728,0.0,22.896403
0.8638,63.888565,47.807229,75.648203,20.993219,34.246227,4.887819,60.323099,142.955515,1.167675,31.879755,0.0
