3314.788678
0.226813,1,2
0.193621,1,3
0.026667,1,4
0.1702,1,5
0.458923,1,6
0.066664,1,7
0.289565,1,8
0.08,1,9
0.043917,1,10
0.026667,1,11
1.279512,1,12
3.411715,2,1
11.418709,2,3
13.814925,2,4
9.287037,2,5
19.73156,2,6
2.402909,2,7
26.559567,2,8
19.976181,2,9
1.054788,2,10
10.819995,2,11
37.58324,2,12
0.384704,3,1
15.375936,3,2
19.895243,3,4
12.466427,3,5
38.424355,3,6
11.915507,3,7
62.307368,3,8
23.414803,3,9
1.695128,3,10
7.338315,3,11
34.935989,3,12
0.548392,4,1
29.000917,4,2
46.374779,4,3
21.074405,4,5
30.634035,4,6
28.93648,4,7
26.696824,4,8
22.24368,4,9
10.948579,4,10
21.765331,4,11
40.437304,4,12
2.846488,5,1
3.901347,5,2
14.145899,5,3
5.344283,5,4
14.732835,5,6
4.080187,5,7
11.197139,5,8
4.136925,5,9
0.135781,5,10
1.371552,5,11
7.102752,5,12
0.429152,6,1
19.805048,6,2
76.581301,6,3
14.396571,6,4
5.982739,6,5
9.982992,6,7
44.088531,6,8
33.958893,6,9
4.503173,6,10
19.189755,6,11
19.622323,6,12
0.534933,7,1
3.897832,7,2
34.828832,7,3
14.090067,7,4
6.197187,7,5
22.597853,7,6
5.901957,7,8
5.896336,7,9
1.311275,7,10
3.283925,7,11
20.425389,7,12
7.772787,8,1
32.341667,8,2
126.989635,8,3
42.633291,8,4
20.432451,8,5
105.158907,8,6
11.366552,8,7
75.533405,8,9
21.852728,8,10
48.67188,8,11
114.255165,8,12
0.684816,9,1
68.638355,9,2
111.529608,9,3
38.113205,9,4
16.586296,9,5
70.428072,9,6
25.208005,9,7
109.832581,9,8
7.565523,9,10
34.190045,9,11
74.846488,9,12
0.048971,10,1
1.614672,10,2
0.517653,10,3
7.609373,10,4
0.16,10,5
2.926272,10,6
0.167597,10,7
55.664893,10,8
2.854328,10,9
26.604259,10,11
0.448283,10,12
0.61336,11,1
16.860525,11,2
30.599901,11,3
8.210133,11,4
4.688539,11,5
21.602269,11,6
6.063984,11,7
60.488416,11,8
10.918237,11,9
7.056653,11,10
17.729248,11,12
4.377744,12,1
103.045717,12,2
86.748008,12,3
82.094579,12,4
40.848325,12,5
55.882856,12,6
25.708549,12,7
152.138845,12,8
155.360115,12,9
3.367853,12,10
54.898131,12,11
succeed
0.0,0.226813,0.193621,0.026667,0.1702,0.458923,0.066664,0.289565,0.08,0.043917,0.026667,1.279512
3.411715,0.0,11.418709,13.814925,9.287037,19.73156,2.402909,26.559567,19.976181,1.054788,10.819995,37.58324
0.384704,15.375936,0.0,19.895243,12.466427,38.424355,11.915507,62.307368,23.414803,1.695128,7.338315,34.935989
0.548392,29.000917,46.374779,0.0,21.074405,30.634035,28.93648,26.696824,22.24368,10.948579,21.765331,40.437304
2.846488,3.901347,14.145899,5.344283,0.0,14.732835,4.080187,11.197139,4.136925,0.135781,1.371552,7.102752
0.429152,19.805048,76.581301,14.396571,5.982739,0.0,9.982992,44.088531,33.958893,4.503173,19.189755,19.622323
0.534933,3.897832,34.828832,14.090067,6.197187,22.597853,0.0,5.901957,5.896336,1.311275,3.283925,20.425389
7.772787,32.341667,126.989635,42.633291,20.432451,105.158907,11.366552,0.0,75.533405,21.852728,48.67188,114.255165
0.684816,68.638355,111.529608,38.113205,16.586296,70.428072,25.208005,109.832581,0.0,7.565523,34.190045,74.846488
0.048971,1.614672,0.517653,7.609373,0.16,2.926272,0.167597,55.664893,2.854328,0.0,26.604259,0.448283
0.61336,16.860525,30.599901,8.210133,4.688539,21.602269,6.063984,60.488416,10.918237,7.056653,0.0,17.729248
4.377744,103.045717,86.748008,82.094579,40.848325,55.882856,25.708549,152.138845,155.360115,3.367853,54.898131,0.0
