3432.814617
1.063827,1,2
1.849944,1,3
1.240059,1,5
0.981571,1,6
0.288621,1,7
0.488736,1,9
0.026667,1,11
2.934565,1,12
37.222336,2,3
43.118104,2,5
38.474344,2,6
4.029816,2,7
19.236123,2,9
0.235557,2,11
76.500187,2,12
23.656376,3,2
16.546125,3,4
122.864659,3,5
73.014395,3,6
30.310051,3,7
0.299992,3,8
46.90912,3,9
1.313467,3,11
39.105629,3,12
3.261531,4,2
67.369867,4,3
34.595592,4,5
27.540669,4,6
11.134115,4,7
0.287685,4,8
16.529645,4,9
7.301272,4,10
0.081144,4,11
30.617707,4,12
31.796957,5,2
2.179656,5,3
0.104592,5,6
7.249539,5,9
0.026667,5,11
99.060243,5,12
14.632048,6,2
135.770563,6,3
21.297787,6,4
120.408941,6,5
10.468805,6,7
0.073141,6,8
74.955683,6,9
1.104493,6,10
0.90736,6,11
36.041725,6,12
7.937088,7,2
35.192432,7,3
6.240909,7,4
28.112528,7,5
13.744339,7,6
10.681856,7,9
0.128677,7,11
17.564037,7,12
22.088389,8,2
13.527499,8,3
16.704059,8,4
237.655832,8,5
0.208256,8,6
0.026667,8,7
93.415776,8,9
9.742261,8,10
35.405688,8,11
90.147365,8,12
32.767624,9,2
113.934861,9,3
39.041952,9,4
194.277856,9,5
59.234507,9,6
23.007589,9,7
0.388611,9,8
0.085696,9,10
4.471459,9,11
102.146307,9,12
0.238749,10,2
0.399424,10,3
9.737595,10,4
9.169912,10,5
0.214448,10,7
41.389555,10,8
4.381163,10,9
23.645699,10,11
1.826528,10,12
8.206923,11,2
3.902989,11,3
4.008907,11,4
31.213552,11,5
0.056363,11,6
6.330424,11,7
26.418963,11,8
14.649747,11,9
3.661485,11,10
14.560749,11,12
86.263648,12,2
127.225491,12,3
241.688877,12,5
63.9634,12,6
18.915032,12,7
0.14132,12,8
134.027155,12,9
12.188701,12,11
succeed
0.0,1.063827,1.849944,0.0,1.240059,0.981571,0.288621,0.0,0.488736,0.0,0.026667,2.934565
0.0,0.0,37.222336,0.0,43.118104,38.474344,4.029816,0.0,19.236123,0.0,0.235557,76.500187
0.0,23.656376,0.0,16.546125,122.864659,73.014395,30.310051,0.299992,46.90912,0.0,1.313467,39.105629
0.0,3.261531,67.369867,0.0,34.595592,27.540669,11.134115,0.287685,16.529645,7.301272,0.081144,30.617707
0.0,31.796957,2.179656,0.0,0.0,0.104592,0.0,0.0,7.249539,0.0,0.026667,99.060243
0.0,14.632048,135.770563,21.297787,120.408941,0.0,10.468805,0.073141,74.955683,1.104493,0.90736,36.041725
0.0,7.937088,35.192432,6.240909,28.112528,13.744339,0.0,0.0,10.681856,0.0,0.128677,17.564037
0.0,22.088389,13.527499,16.704059,237.655832,0.208256,0.026667,0.0,93.415776,9.742261,35.405688,90.147365
0.0,32.767624,113.934861,39.041952,194.277856,59.234507,23.007589,0.388611,0.0,0.085696,4.471459,102.146307
0.0,0.238749,0.399424,9.737595,9.169912,0.0,0.214448,41.389555,4.381163,0.0,23.645699,1.826528
0.0,8.206923,3.902989,4.008907,31.213552,0.056363,6.330424,26.418963,14.649747,3.661485,0.0,14.560749
0.0,86.263648,127.225491,0.0,241.688877,63.9634,18.915032,0.14132,134.027155,0.0,12.188701,0.0
