2457.64985
0.336395,1,2
0.295488,1,3
0.026667,1,4
0.187936,1,5
0.958736,1,6
0.162907,1,7
0.639229,1,8
0.087669,1,9
0.047141,1,11
1.890107,1,12
4.816867,2,1
8.175672,2,3
5.167165,2,4
1.986845,2,5
16.076979,2,6
8.411427,2,7
18.340049,2,8
4.633872,2,9
0.157367,2,10
4.912568,2,11
30.297013,2,12
0.433827,3,1
12.140803,3,2
3.640944,3,4
11.945277,3,5
53.060768,3,6
14.311355,3,7
32.075211,3,8
8.828237,3,9
5.786659,3,10
7.483176,3,11
27.097896,3,12
0.5832,4,1
5.372261,4,2
58.190379,4,3
31.963432,4,5
33.857664,4,6
31.316997,4,7
13.954773,4,8
14.456128,4,9
16.115885,4,10
17.971904,4,11
47.151531,4,12
0.402453,5,1
3.717421,5,2
11.942811,5,3
2.159869,5,4
1.692336,5,6
8.808504,5,7
3.285792,5,8
2.176589,5,9
0.104056,5,10
2.61832,5,11
8.996392,5,12
1.134056,6,1
14.884688,6,2
42.171555,6,3
15.452611,6,4
2.139488,6,5
12.301269,6,7
8.137701,6,8
14.661069,6,9
0.679736,6,10
16.332365,6,11
13.372891,6,12
0.285181,7,1
9.201328,7,2
10.069429,7,3
6.811411,7,4
7.654395,7,5
25.482501,7,6
5.671205,7,8
3.224549,7,9
2.948509,7,10
6.64808,7,11
19.876883,7,12
0.655848,8,1
34.318173,8,2
232.874339,8,3
22.653277,8,4
8.44816,8,5
11.323184,8,6
12.160277,8,7
39.207901,8,9
25.336656,8,10
41.365837,8,11
83.561141,8,12
1.510592,9,1
30.909528,9,2
26.472576,9,3
27.86768,9,4
9.937525,9,5
22.068032,9,6
12.895837,9,7
55.710896,9,8
2.700072,9,10
24.317032,9,11
74.515035,9,12
0.551872,10,2
0.608544,10,4
0.264203,10,6
0.057155,10,7
48.103696,10,8
0.363941,10,9
48.7538,10,11
0.087403,10,12
0.090408,11,1
6.919915,11,2
5.406821,11,3
4.240147,11,4
3.11752,11,5
4.712285,11,6
3.978352,11,7
15.038989,11,8
6.299619,11,9
4.063021,11,10
9.21744,11,12
2.438077,12,1
125.047675,12,2
97.563045,12,3
83.331776,12,4
24.470384,12,5
54.185627,12,6
23.957472,12,7
68.892576,12,8
128.420176,12,9
6.200635,12,10
40.065829,12,11
succeed
0.0,0.336395,0.295488,0.026667,0.187936,0.958736,0.162907,0.639229,0.087669,0.0,0.047141,1.890107
4.816867,0.0,8.175672,5.167165,1.986845,16.076979,8.411427,18.340049,4.633872,0.157367,4.912568,30.297013
0.433827,12.140803,0.0,3.640944,11.945277,53.060768,14.311355,32.075211,8.828237,5.786659,7.483176,27.097896
0.5832,5.372261,58.190379,0.0,31.963432,33.857664,31.316997,13.954773,14.456128,16.115885,17.971904,47.151531
0.402453,3.717421,11.942811,2.159869,0.0,1.692336,8.808504,3.285792,2.176589,0.104056,2.61832,8.996392
1.134056,14.884688,42.171555,15.452611,2.139488,0.0,12.301269,8.137701,14.661069,0.679736,16.332365,13.372891
0.285181,9.201328,10.069429,6.811411,7.654395,25.482501,0.0,5.671205,3.224549,2.948509,6.64808,19.876883
0.655848,34.318173,232.874339,22.653277,8.44816,11.323184,12.160277,0.0,39.207901,25.336656,41.365837,83.561141
1.510592,30.909528,26.472576,27.86768,9.937525,22.068032,12.895837,55.710896,0.0,2.700072,24.317032,74.515035
0.0,0.551872,0.0,0.608544,0.0,0.264203,0.057155,48.103696,0.363941,0.0,48.7538,0.087403
0.090408,6.919915,5.406821,4.240147,3.11752,4.712285,3.978352,15.038989,6.299619,4.063021,0.0,9.21744
2.438077,125.047675,97.563045,83.331776,24.470384,54.185627,23.957472,68.892576,128.420176,6.200635,40.065829,0.0
