2300.941603
0.026667,1,2
0.08864,1,3
0.026667,1,4
0.046592,1,5
0.026667,1,6
0.065733,1,7
0.292672,1,8
0.026667,1,9
0.091605,1,12
0.123304,2,1
4.509365,2,3
19.130208,2,4
0.504355,2,5
11.596355,2,6
0.608443,2,7
16.185633,2,8
4.198488,2,9
0.016425,2,10
10.070611,2,11
22.396192,2,12
0.420163,3,1
34.479267,3,2
13.149568,3,4
5.695525,3,5
19.508728,3,6
5.445757,3,7
51.421043,3,8
4.091933,3,9
0.85404,3,10
20.740989,3,11
14.340936,3,12
0.112,4,1
3.603176,4,2
52.634168,4,3
20.644067,4,5
23.190437,4,6
21.936648,4,7
7.030603,4,8
10.881355,4,9
13.875955,4,10
9.866341,4,11
46.135595,4,12
2.141549,5,1
14.730624,5,2
6.940523,5,3
2.874608,5,4
1.750555,5,6
1.337229,5,7
10.119715,5,8
1.212875,5,9
1.676021,5,11
3.299744,5,12
0.026667,6,1
18.699747,6,2
51.793797,6,3
12.174469,6,4
1.134424,6,5
2.16624,6,7
62.414901,6,8
31.284131,6,9
0.180296,6,10
8.377712,6,11
9.556771,6,12
1.437197,7,2
16.637379,7,3
8.83552,7,4
4.379456,7,5
8.034355,7,6
10.411499,7,8
5.117579,7,9
0.183533,7,10
2.998979,7,11
7.7772,7,12
0.368923,8,1
43.235523,8,2
83.506635,8,3
4.987816,8,4
9.990397,8,5
26.24916,8,6
1.924496,8,7
61.363752,8,9
19.068904,8,10
49.557029,8,11
98.430432,8,12
0.845024,9,1
41.886848,9,2
32.250733,9,3
25.023115,9,4
5.917531,9,5
34.598509,9,6
6.834984,9,7
88.569312,9,8
3.312715,9,10
26.507888,9,11
49.084776,9,12
0.026667,10,2
0.432691,10,3
5.269045,10,4
0.08112,10,5
10.146672,10,6
0.191931,10,7
41.600832,10,8
0.365277,10,9
28.971645,10,11
0.053333,10,12
0.027373,11,1
10.002016,11,2
15.719933,11,3
3.909032,11,4
1.674744,11,5
4.268648,11,6
2.693285,11,7
34.139888,11,8
9.280211,11,9
6.288064,11,10
6.073795,11,12
111.933413,12,2
67.874589,12,3
53.875264,12,4
17.876224,12,5
28.098664,12,6
13.661163,12,7
112.886408,12,8
162.033992,12,9
0.686557,12,10
57.489747,12,11
succeed
0.0,0.026667,0.08864,0.026667,0.046592,0.026667,0.065733,0.292672,0.026667,0.0,0.0,0.091605
0.123304,0.0,4.509365,19.130208,0.504355,11.596355,0.608443,16.185633,4.198488,0.016425,10.070611,22.396192
0.420163,34.479267,0.0,13.149568,5.695525,19.508728,5.445757,51.421043,4.091933,0.85404,20.740989,14.340936
0.112,3.603176,52.634168,0.0,20.644067,23.190437,21.936648,7.030603,10.881355,13.875955,9.866341,46.135595
2.141549,14.730624,6.940523,2.874608,0.0,1.750555,1.337229,10.119715,1.212875,0.0,1.676021,3.299744
0.026667,18.699747,51.793797,12.174469,1.134424,0.0,2.16624,62.414901,31.284131,0.180296,8.377712,9.556771
0.0,1.437197,16.637379,8.83552,4.379456,8.034355,0.0,10.411499,5.117579,0.183533,2.998979,7.7772
0.368923,43.235523,83.506635,4.987816,9.990397,26.24916,1.924496,0.0,61.363752,19.068904,49.557029,98.430432
0.845024,41.886848,32.250733,25.023115,5.917531,34.598509,6.834984,88.569312,0.0,3.312715,26.507888,49.084776
0.0,0.026667,0.432691,5.269045,0.08112,10.146672,0.191931,41.600832,0.365277,0.0,28.971645,0.053333
0.027373,10.002016,15.719933,3.909032,1.674744,4.268648,2.693285,34.139888,9.280211,6.288064,0.0,6.073795
0.0,111.933413,67.874589,53.875264,17.876224,28.098664,13.661163,112.886408,162.033992,0.686557,57.489747,0.0
