2195.140154
0.190688,1,2
0.197333,1,3
0.305072,1,5
0.298032,1,6
0.109941,1,7
0.202456,1,8
0.618595,1,9
0.081259,1,10
2.151704,1,12
0.434917,2,1
11.350083,2,3
4.465323,2,4
2.201336,2,5
8.234899,2,6
3.111285,2,7
5.166019,2,8
10.156637,2,9
0.540179,2,10
5.736685,2,11
32.857621,2,12
9.746765,3,2
9.674213,3,4
6.625115,3,5
29.177371,3,6
5.03704,3,7
21.798445,3,8
1.376352,3,9
0.979965,3,10
3.312792,3,11
2.830179,3,12
0.437168,4,1
9.035125,4,2
47.447835,4,3
18.760221,4,5
33.485416,4,6
16.601296,4,7
9.127235,4,8
22.650397,4,9
7.915413,4,10
10.877125,4,11
57.898816,4,12
2.387915,5,1
0.413392,5,2
14.342837,5,3
2.343227,5,4
4.851608,5,6
9.582789,5,7
8.622544,5,8
6.171941,5,9
1.303461,5,10
2.457408,5,11
2.315344,5,12
0.226733,6,1
13.098408,6,2
81.094269,6,3
9.287176,6,4
6.235251,6,5
7.128459,6,7
27.150261,6,8
40.144709,6,9
2.120925,6,10
21.08592,6,11
32.607669,6,12
0.026667,7,1
4.90264,7,2
26.152723,7,3
19.842397,7,4
3.558781,7,5
14.047152,7,6
9.961267,7,8
9.108328,7,9
1.188123,7,10
4.148341,7,11
9.657832,7,12
0.814544,8,1
8.014579,8,2
68.062869,8,3
12.238811,8,4
12.380069,8,5
11.421677,8,6
10.207835,8,7
37.953944,8,9
6.198555,8,10
15.367389,8,11
43.732315,8,12
0.410472,9,1
21.028643,9,2
53.899667,9,3
29.987869,9,4
9.836784,9,5
41.941352,9,6
25.700264,9,7
57.718941,9,8
7.816739,9,10
22.791712,9,11
43.818203,9,12
0.195019,10,2
3.246587,10,3
6.644088,10,4
0.694048,10,5
0.990443,10,6
0.419277,10,7
38.79724,10,8
1.005219,10,9
72.251891,10,11
0.133333,10,12
0.171333,11,1
9.408368,11,2
47.750051,11,3
3.190053,11,4
4.445483,11,5
10.396949,11,6
4.666011,11,7
19.578885,11,8
17.144019,11,9
5.782507,11,10
8.601992,11,12
0.060125,12,1
142.411,12,2
68.275328,12,3
42.658525,12,4
9.845704,12,5
72.063243,12,6
21.094867,12,7
60.497528,12,8
121.173776,12,9
8.165277,12,10
41.267907,12,11
succeed
0.0,0.190688,0.197333,0.0,0.305072,0.298032,0.109941,0.202456,0.618595,0.081259,0.0,2.151704
0.434917,0.0,11.350083,4.465323,2.201336,8.234899,3.111285,5.166019,10.156637,0.540179,5.736685,32.857621
0.0,9.746765,0.0,9.674213,6.625115,29.177371,5.03704,21.798445,1.376352,0.979965,3.312792,2.830179
0.437168,9.035125,47.447835,0.0,18.760221,33.485416,16.601296,9.127235,22.650397,7.915413,10.877125,57.898816
2.387915,0.413392,14.342837,2.343227,0.0,4.851608,9.582789,8.622544,6.171941,1.303461,2.457408,2.315344
0.226733,13.098408,81.094269,9.287176,6.235251,0.0,7.128459,27.150261,40.144709,2.120925,21.08592,32.607669
0.026667,4.90264,26.152723,19.842397,3.558781,14.047152,0.0,9.961267,9.108328,1.188123,4.148341,9.657832
0.814544,8.014579,68.062869,12.238811,12.380069,11.421677,10.207835,0.0,37.953944,6.198555,15.367389,43.732315
0.410472,21.028643,53.899667,29.987869,9.836784,41.941352,25.700264,57.718941,0.0,7.816739,22.791712,43.818203
0.0,0.195019,3.246587,6.644088,0.694048,0.990443,0.419277,38.79724,1.005219,0.0,72.251891,0.133333
0.171333,9.408368,47.750051,3.190053,4.445483,10.396949,4.666011,19.578885,17.144019,5.782507,0.0,8.601992
0.060125,142.411,68.275328,42.658525,9.845704,72.063243,21.094867,60.497528,121.173776,8.165277,41.267907,0.0
