2378.402121
0.032971,1,2
1.578771,1,3
0.026667,1,4
0.368195,1,5
0.026667,1,6
0.115547,1,7
1.003797,1,8
0.162331,1,9
0.013333,1,10
1.668491,1,11
0.700755,1,12
0.164243,2,1
10.197488,2,3
7.135181,2,4
0.587533,2,5
11.840501,2,6
0.802035,2,7
40.793941,2,8
5.909597,2,9
0.495432,2,10
4.977115,2,11
37.023488,2,12
0.143699,3,1
10.012016,3,2
20.029224,3,4
6.491043,3,5
24.745848,3,6
10.364531,3,7
64.83724,3,8
8.18928,3,9
0.397357,3,10
18.646451,3,11
67.546157,3,12
0.129547,4,1
10.547536,4,2
25.893387,4,3
21.846363,4,5
8.084272,4,6
21.00936,4,7
13.398096,4,8
16.190149,4,9
11.740643,4,10
16.557597,4,11
14.620843,4,12
0.345875,5,1
11.078403,5,2
8.174795,5,3
1.360437,5,4
1.467395,5,6
8.17904,5,7
10.107688,5,8
4.669064,5,9
4.923184,5,11
7.3246,5,12
0.026667,6,1
17.46296,6,2
41.946349,6,3
4.55076,6,4
4.534965,6,5
3.622069,6,7
51.539187,6,8
29.988781,6,9
3.697093,6,10
7.430011,6,11
11.870467,6,12
0.088515,7,1
1.937581,7,2
19.19708,7,3
14.488392,7,4
2.728155,7,5
10.724979,7,6
7.609312,7,8
5.391563,7,9
0.053333,7,10
4.731747,7,11
8.542355,7,12
1.47464,8,1
36.233725,8,2
93.000205,8,3
11.512827,8,4
8.362659,8,5
51.673299,8,6
4.240992,8,7
93.775709,8,9
16.779763,8,10
46.517925,8,11
127.122205,8,12
0.423952,9,1
45.74096,9,2
28.359107,9,3
22.777115,9,4
12.6172,9,5
34.479672,9,6
7.652157,9,7
87.619451,9,8
4.73336,9,10
37.058125,9,11
54.477488,9,12
0.086144,10,1
0.026667,10,2
0.243976,10,3
8.038947,10,4
0.02912,10,5
0.145859,10,6
0.026667,10,7
12.390965,10,8
0.620693,10,9
18.053429,10,11
0.08,10,12
0.084336,11,1
7.825821,11,2
12.57164,11,3
3.213467,11,4
2.411933,11,5
6.457019,11,6
3.238517,11,7
24.49688,11,8
11.962952,11,9
3.988771,11,10
9.311021,11,12
1.875211,12,1
105.397352,12,2
71.690213,12,3
35.827821,12,4
14.216304,12,5
50.011051,12,6
18.786299,12,7
142.731045,12,8
115.809947,12,9
1.938011,12,10
41.343987,12,11
succeed
0.0,0.032971,1.578771,0.026667,0.368195,0.026667,0.115547,1.003797,0.162331,0.013333,1.668491,0.700755
0.164243,0.0,10.197488,7.135181,0.587533,11.840501,0.802035,40.793941,5.909597,0.495432,4.977115,37.023488
0.143699,10.012016,0.0,20.029224,6.491043,24.745848,10.364531,64.83724,8.18928,0.397357,18.646451,67.546157
0.129547,10.547536,25.893387,0.0,21.846363,8.084272,21.00936,13.398096,16.190149,11.740643,16.557597,14.620843
0.345875,11.078403,8.174795,1.360437,0.0,1.467395,8.17904,10.107688,4.669064,0.0,4.923184,7.3246
0.026667,17.46296,41.946349,4.55076,4.534965,0.0,3.622069,51.539187,29.988781,3.697093,7.430011,11.870467
0.088515,1.937581,19.19708,14.488392,2.728155,10.724979,0.0,7.609312,5.391563,0.053333,4.731747,8.542355
1.47464,36.233725,93.000205,11.512827,8.362659,51.673299,4.240992,0.0,93.775709,16.779763,46.517925,127.122205
0.423952,45.74096,28.359107,22.777115,12.6172,34.479672,7.652157,87.619451,0.0,4.73336,37.058125,54.477488
0.086144,0.026667,0.243976,8.038947,0.02912,0.145859,0.026667,12.390965,0.620693,0.0,18.053429,0.08
0.084336,7.825821,12.57164,3.213467,2.411933,6.457019,3.238517,24.49688,11.962952,3.988771,0.0,9.311021
1.875211,105.397352,71.690213,35.827821,14.216304,50.011051,18.786299,142.731045,115.809947,1.938011,41.343987,0.0
