1877.896526
0.040344,1,2
0.066899,1,3
0.055675,1,5
0.026667,1,6
0.250955,1,8
0.013333,1,10
1.057491,1,12
2.693171,2,1
2.446435,2,3
3.611109,2,4
6.488936,2,5
23.779267,2,6
2.860083,2,7
5.086403,2,8
4.711805,2,9
0.093763,2,10
9.743528,2,11
34.583971,2,12
0.132811,3,1
7.700096,3,2
18.159419,3,4
3.532461,3,5
59.880501,3,6
5.866224,3,7
34.664397,3,8
10.038464,3,9
0.345203,3,10
4.78684,3,11
30.858237,3,12
0.156299,4,1
1.859301,4,2
58.223168,4,3
12.869424,4,5
40.160341,4,6
10.896477,4,7
7.540261,4,8
14.101213,4,9
7.334504,4,10
9.857237,4,11
34.620568,4,12
2.286851,5,1
2.146325,5,2
24.367536,5,3
1.21812,5,4
1.031744,5,6
0.593589,5,7
2.840533,5,8
5.886592,5,9
2.931192,5,11
1.154837,5,12
0.026667,6,1
13.365312,6,2
61.988613,6,3
4.992333,6,4
2.349733,6,5
8.865019,6,7
7.783659,6,8
25.523555,6,9
0.216373,6,10
10.563629,6,11
10.834275,6,12
1.331621,7,2
18.752304,7,3
12.346677,7,4
2.667139,7,5
11.122707,7,6
5.461387,7,8
1.886208,7,9
2.28768,7,10
9.015941,7,11
5.428251,7,12
0.504648,8,1
25.346685,8,2
120.709005,8,3
28.265032,8,4
2.221408,8,5
12.588304,8,6
3.206456,8,7
43.109667,8,9
27.392125,8,10
36.442619,8,11
18.150451,8,12
0.026667,9,1
18.088333,9,2
19.232813,9,3
27.910568,9,4
2.944816,9,5
30.634501,9,6
4.704955,9,7
77.486563,9,8
2.892451,9,10
20.975483,9,11
55.202379,9,12
0.086027,10,2
0.084363,10,3
0.526709,10,4
0.029227,10,5
0.288312,10,6
20.674699,10,8
0.286432,10,9
26.106149,10,11
0.026667,10,12
7.660885,11,2
18.046176,11,3
5.396379,11,4
1.096,11,5
4.493213,11,6
1.072317,11,7
15.938093,11,8
10.406693,11,9
1.894477,11,10
17.05116,11,12
0.168499,12,1
68.495469,12,2
30.44676,12,3
40.799493,12,4
17.020523,12,5
47.468424,12,6
4.548363,12,7
69.917965,12,8
129.426848,12,9
4.649299,12,10
23.295293,12,11
succeed
0.0,0.040344,0.066899,0.0,0.055675,0.026667,0.0,0.250955,0.0,0.013333,0.0,1.057491
2.693171,0.0,2.446435,3.611109,6.488936,23.779267,2.860083,5.086403,4.711805,0.093763,9.743528,34.583971
0.132811,7.700096,0.0,18.159419,3.532461,59.880501,5.866224,34.664397,10.038464,0.345203,4.78684,30.858237
0.156299,1.859301,58.223168,0.0,12.869424,40.160341,10.896477,7.540261,14.101213,7.334504,9.857237,34.620568
2.286851,2.146325,24.367536,1.21812,0.0,1.031744,0.593589,2.840533,5.886592,0.0,2.931192,1.154837
0.026667,13.365312,61.988613,4.992333,2.349733,0.0,8.865019,7.783659,25.523555,0.216373,10.563629,10.834275
0.0,1.331621,18.752304,12.346677,2.667139,11.122707,0.0,5.461387,1.886208,2.28768,9.015941,5.428251
0.504648,25.346685,120.709005,28.265032,2.221408,12.588304,3.206456,0.0,43.109667,27.392125,36.442619,18.150451
0.026667,18.088333,19.232813,27.910568,2.944816,30.634501,4.704955,77.486563,0.0,2.892451,20.975483,55.202379
0.0,0.086027,0.084363,0.526709,0.029227,0.288312,0.0,20.674699,0.286432,0.0,26.106149,0.026667
0.0,7.660885,18.046176,5.396379,1.096,4.493213,1.072317,15.938093,10.406693,1.894477,0.0,17.05116
0.168499,68.495469,30.44676,40.799493,17.020523,47.468424,4.548363,69.917965,129.426848,4.649299,23.295293,0.0
