9150.796364999998
0.106741,1,2
0.900549,1,3
1.382184,1,5
0.872208,1,6
0.115491,1,7
0.492253,1,9
1.590952,1,12
31.351648,2,3
0.026667,2,4
75.714349,2,5
22.491027,2,6
5.537296,2,7
0.071013,2,8
13.288408,2,9
0.227272,2,11
85.887629,2,12
34.396829,3,2
34.185467,3,4
131.993312,3,5
51.185509,3,6
13.572451,3,7
6.505821,3,8
38.839525,3,9
0.026667,3,10
2.894352,3,11
80.503672,3,12
7.216619,4,2
68.743451,4,3
37.578376,4,5
27.221243,4,6
10.66032,4,7
0.032971,4,8
18.100835,4,9
9.085181,4,10
0.821072,4,11
45.096619,4,12
34.49512,5,2
2.232448,5,3
0.030957,5,4
0.118083,5,6
0.026667,5,7
6.894669,5,9
0.026667,5,10
0.099051,5,11
132.276291,5,12
10.945739,6,2
134.391835,6,3
8.037429,6,4
87.077349,6,5
17.629717,6,7
0.420075,6,8
53.116413,6,9
0.053333,6,10
2.961611,6,11
32.65044,6,12
4.147371,7,2
34.288461,7,3
10.503163,7,4
19.174843,7,5
17.193235,7,6
8.240419,7,9
1.811883,7,10
0.911056,7,11
13.972824,7,12
34.987928,8,2
5710.626933,8,3
34.537013,8,4
186.199896,8,5
0.65344,8,6
0.400296,8,7
88.126867,8,9
20.136379,8,10
35.283147,8,11
120.806744,8,12
26.028387,9,2
76.993336,9,3
39.138984,9,4
151.456989,9,5
55.363283,9,6
23.453085,9,7
0.34416,9,8
8.250485,9,11
87.107635,9,12
0.4484,10,2
0.16,10,3
1.914739,10,4
4.897181,10,5
0.410421,10,7
41.752683,10,8
2.945627,10,9
45.392917,10,11
3.950728,10,12
7.76188,11,2
4.946709,11,3
6.970101,11,4
51.188267,11,5
0.156536,11,6
3.191152,11,7
22.719611,11,8
9.357139,11,9
7.544805,11,10
10.543029,11,12
136.381829,12,2
116.398139,12,3
3.719411,12,4
255.57848,12,5
65.012013,12,6
16.896088,12,7
0.295189,12,8
129.029904,12,9
0.279912,12,10
8.61536,12,11
succeed
0.0,0.106741,0.900549,0.0,1.382184,0.872208,0.115491,0.0,0.492253,0.0,0.0,1.590952
0.0,0.0,31.351648,0.026667,75.714349,22.491027,5.537296,0.071013,13.288408,0.0,0.227272,85.887629
0.0,34.396829,0.0,34.185467,131.993312,51.185509,13.572451,6.505821,38.839525,0.026667,2.894352,80.503672
0.0,7.216619,68.743451,0.0,37.578376,27.221243,10.66032,0.032971,18.100835,9.085181,0.821072,45.096619
0.0,34.49512,2.232448,0.030957,0.0,0.118083,0.026667,0.0,6.894669,0.026667,0.099051,132.276291
0.0,10.945739,134.391835,8.037429,87.077349,0.0,17.629717,0.420075,53.116413,0.053333,2.961611,32.65044
0.0,4.147371,34.288461,10.503163,19.174843,17.193235,0.0,0.0,8.240419,1.811883,0.911056,13.972824
0.0,34.987928,5710.626933,34.537013,186.199896,0.65344,0.400296,0.0,88.126867,20.136379,35.283147,120.806744
0.0,26.028387,76.993336,39.138984,151.456989,55.363283,23.453085,0.34416,0.0,0.0,8.250485,87.107635
0.0,0.4484,0.16,1.914739,4.897181,0.0,0.410421,41.752683,2.945627,0.0,45.392917,3.950728
0.0,7.76188,4.946709,6.970101,51.188267,0.156536,3.191152,22.719611,9.357139,7.544805,0.0,10.543029
0.0,136.381829,116.398139,3.719411,255.57848,65.012013,16.896088,0.295189,129.029904,0.279912,8.61536,0.0
