2885.310298
0.207944,1,2
0.08,1,3
0.365221,1,4
0.026667,1,5
0.026667,1,6
0.426611,1,7
0.058669,1,8
1.611573,1,9
0.518083,1,12
0.468843,2,1
15.782632,2,3
5.292803,2,4
23.898805,2,5
17.023523,2,6
7.742696,2,7
16.489991,2,8
8.69608,2,9
0.519663,2,10
5.125757,2,11
42.630984,2,12
0.366803,3,1
14.056483,3,2
43.812043,3,4
22.623568,3,5
84.204347,3,6
30.407923,3,7
32.245989,3,8
20.525992,3,9
4.328013,3,10
7.360637,3,11
50.418251,3,12
0.595821,4,1
6.876757,4,2
86.807376,4,3
27.029669,4,5
37.002384,4,6
26.377,4,7
24.719088,4,8
21.074867,4,9
20.406691,4,10
20.701784,4,11
43.309717,4,12
0.382528,5,1
16.567672,5,2
13.489312,5,3
2.414776,5,4
2.990677,5,6
3.591848,5,7
4.210613,5,8
6.024483,5,9
0.389648,5,10
2.608067,5,11
6.838077,5,12
0.053333,6,1
11.462259,6,2
76.267752,6,3
16.663227,6,4
32.247651,6,5
9.76576,6,7
18.502211,6,8
40.095248,6,9
1.259448,6,10
26.943741,6,11
24.584461,6,12
0.887891,7,1
2.484677,7,2
22.462429,7,3
13.285891,7,4
5.252283,7,5
20.915931,7,6
5.368867,7,8
5.523907,7,9
3.404208,7,10
12.714795,7,11
12.762717,7,12
0.089669,8,1
29.134904,8,2
112.733792,8,3
33.52328,8,4
7.731976,8,5
23.89608,8,6
6.976728,8,7
51.400336,8,9
34.751571,8,10
27.013533,8,11
58.496523,8,12
0.848408,9,1
38.013941,9,2
30.395883,9,3
26.709288,9,4
13.843773,9,5
39.523645,9,6
12.704765,9,7
65.994528,9,8
6.645592,9,10
18.958613,9,11
95.351603,9,12
0.060152,10,2
0.997461,10,3
3.13624,10,4
0.081088,10,5
0.485259,10,6
0.088787,10,7
31.465253,10,8
0.631357,10,9
38.950237,10,11
0.16432,10,12
0.258565,11,1
11.685952,11,2
62.821272,11,3
14.568989,11,4
5.071875,11,5
13.028384,11,6
4.366472,11,7
15.341181,11,8
14.972781,11,9
5.668245,11,10
18.813293,11,12
1.602859,12,1
122.985149,12,2
118.768005,12,3
60.798056,12,4
31.126187,12,5
72.182883,12,6
24.278869,12,7
45.159485,12,8
174.8612,12,9
18.398144,12,10
43.093064,12,11
succeed
0.0,0.207944,0.08,0.365221,0.026667,0.026667,0.426611,0.058669,1.611573,0.0,0.0,0.518083
0.468843,0.0,15.782632,5.292803,23.898805,17.023523,7.742696,16.489991,8.69608,0.519663,5.125757,42.630984
0.366803,14.056483,0.0,43.812043,22.623568,84.204347,30.407923,32.245989,20.525992,4.328013,7.360637,50.418251
0.595821,6.876757,86.807376,0.0,27.029669,37.002384,26.377,24.719088,21.074867,20.406691,20.701784,43.309717
0.382528,16.567672,13.489312,2.414776,0.0,2.990677,3.591848,4.210613,6.024483,0.389648,2.608067,6.838077
0.053333,11.462259,76.267752,16.663227,32.247651,0.0,9.76576,18.502211,40.095248,1.259448,26.943741,24.584461
0.887891,2.484677,22.462429,13.285891,5.252283,20.915931,0.0,5.368867,5.523907,3.404208,12.714795,12.762717
0.089669,29.134904,112.733792,33.52328,7.731976,23.89608,6.976728,0.0,51.400336,34.751571,27.013533,58.496523
0.848408,38.013941,30.395883,26.709288,13.843773,39.523645,12.704765,65.994528,0.0,6.645592,18.958613,95.351603
0.0,0.060152,0.997461,3.13624,0.081088,0.485259,0.088787,31.465253,0.631357,0.0,38.950237,0.16432
0.258565,11.685952,62.821272,14.568989,5.071875,13.028384,4.366472,15.341181,14.972781,5.668245,0.0,18.813293
1.602859,122.985149,118.768005,60.798056,31.126187,72.182883,24.278869,45.159485,174.8612,18.398144,43.093064,0.0
