1792.355798
1.456,1,3
0.026667,1,4
0.075611,1,5
0.606808,1,7
0.341584,1,8
0.104288,1,11
0.342816,1,12
4.031528,2,3
5.657179,2,4
0.696024,2,5
20.932309,2,6
0.807155,2,7
23.196253,2,8
6.403851,2,9
0.457035,2,10
3.528635,2,11
26.916085,2,12
0.780352,3,1
11.127333,3,2
12.202424,3,4
9.92472,3,5
62.365848,3,6
12.270784,3,7
28.074995,3,8
9.412768,3,9
0.526112,3,10
7.942995,3,11
11.438525,3,12
0.123627,4,1
6.681997,4,2
44.260152,4,3
15.70584,4,5
21.060789,4,6
15.548488,4,7
13.010781,4,8
12.560872,4,9
4.599573,4,10
10.699061,4,11
38.493915,4,12
3.498131,5,1
0.746845,5,2
15.798427,5,3
0.567733,5,4
0.457536,5,6
0.826248,5,7
2.720051,5,8
2.052424,5,9
0.741224,5,11
3.547813,5,12
14.806677,6,2
52.875221,6,3
9.811989,6,4
0.243957,6,5
5.376032,6,7
8.98136,6,8
5.89456,6,9
0.142925,6,10
10.4,6,11
9.370859,6,12
0.497291,7,1
3.260013,7,2
10.412883,7,3
5.222779,7,4
3.137416,7,5
11.262557,7,6
4.561325,7,8
1.599243,7,9
2.152299,7,10
3.611368,7,11
6.753872,7,12
35.300099,8,2
88.000501,8,3
25.6346,8,4
1.475176,8,5
5.701357,8,6
13.700875,8,7
26.747824,8,9
25.484747,8,10
31.632808,8,11
78.114288,8,12
0.833053,9,1
11.182747,9,2
20.389872,9,3
22.689683,9,4
6.304853,9,5
15.812549,9,6
2.993493,9,7
62.666053,9,8
2.322043,9,10
21.942941,9,11
31.286027,9,12
0.107477,10,3
0.913211,10,4
0.089184,10,6
32.656208,10,8
33.020067,10,11
0.113155,11,1
4.920435,11,2
19.210827,11,3
1.712216,11,4
2.845395,11,5
5.499517,11,6
2.344576,11,7
17.704832,11,8
7.278379,11,9
1.884451,11,10
3.199509,11,12
0.059093,12,1
74.730261,12,2
60.766544,12,3
30.267557,12,4
17.823064,12,5
21.296773,12,6
7.844339,12,7
107.263035,12,8
107.04592,12,9
0.750835,12,10
55.070512,12,11
succeed
0.0,0.0,1.456,0.026667,0.075611,0.0,0.606808,0.341584,0.0,0.0,0.104288,0.342816
0.0,0.0,4.031528,5.657179,0.696024,20.932309,0.807155,23.196253,6.403851,0.457035,3.528635,26.916085
0.780352,11.127333,0.0,12.202424,9.92472,62.365848,12.270784,28.074995,9.412768,0.526112,7.942995,11.438525
0.123627,6.681997,44.260152,0.0,15.70584,21.060789,15.548488,13.010781,12.560872,4.599573,10.699061,38.493915
3.498131,0.746845,15.798427,0.567733,0.0,0.457536,0.826248,2.720051,2.052424,0.0,0.741224,3.547813
0.0,14.806677,52.875221,9.811989,0.243957,0.0,5.376032,8.98136,5.89456,0.142925,10.4,9.370859
0.497291,3.260013,10.412883,5.222779,3.137416,11.262557,0.0,4.561325,1.599243,2.152299,3.611368,6.753872
0.0,35.300099,88.000501,25.6346,1.475176,5.701357,13.700875,0.0,26.747824,25.484747,31.632808,78.114288
0.833053,11.182747,20.389872,22.689683,6.304853,15.812549,2.993493,62.666053,0.0,2.322043,21.942941,31.286027
0.0,0.0,0.107477,0.913211,0.0,0.089184,0.0,32.656208,0.0,0.0,33.020067,0.0
0.113155,4.920435,19.210827,1.712216,2.845395,5.499517,2.344576,17.704832,7.278379,1.884451,0.0,3.199509
0.059093,74.730261,60.766544,30.267557,17.823064,21.296773,7.844339,107.263035,107.04592,0.750835,55.070512,0.0
