3824.6300960000003
0.643096,1,2
2.188592,1,3
0.228376,1,4
0.1328,1,5
0.160045,1,6
0.495227,1,7
0.652013,1,8
1.662877,1,9
0.020565,1,10
0.514291,1,11
1.415616,1,12
0.378808,2,1
22.902197,2,3
17.312445,2,4
29.94004,2,5
17.330373,2,6
7.795157,2,7
37.098896,2,8
12.935728,2,9
0.569061,2,10
5.121051,2,11
46.690752,2,12
1.959987,3,1
24.678307,3,2
46.132707,3,4
23.886053,3,5
33.332477,3,6
52.615227,3,7
60.989488,3,8
23.987208,3,9
4.194304,3,10
9.069749,3,11
35.102872,3,12
0.243643,4,1
7.2112,4,2
131.809016,4,3
25.167053,4,5
49.248939,4,6
12.670931,4,7
22.8378,4,8
21.656072,4,9
9.754187,4,10
16.246939,4,11
76.866539,4,12
0.258517,5,1
19.874403,5,2
24.636909,5,3
2.429749,5,4
5.7926,5,6
2.456691,5,7
9.480781,5,8
19.44876,5,9
0.275624,5,10
1.756949,5,11
7.926507,5,12
0.178963,6,1
20.422928,6,2
117.665435,6,3
17.333293,6,4
9.832571,6,5
11.165235,6,7
61.955051,6,8
35.791557,6,9
2.063125,6,10
24.493464,6,11
34.370888,6,12
0.690928,7,1
6.784592,7,2
48.369211,7,3
15.090661,7,4
5.78788,7,5
22.612141,7,6
11.02868,7,8
7.31792,7,9
3.34668,7,10
5.508757,7,11
14.042325,7,12
0.905763,8,1
32.709235,8,2
115.701155,8,3
19.851104,8,4
14.652115,8,5
42.422491,8,6
6.606851,8,7
57.708653,8,9
30.983872,8,10
53.757669,8,11
105.895037,8,12
1.895528,9,1
48.459277,9,2
117.664957,9,3
33.661861,9,4
13.872091,9,5
61.736885,9,6
21.360816,9,7
78.40016,9,8
5.803616,9,10
30.785405,9,11
122.538829,9,12
3.11504,10,1
0.314381,10,2
0.681221,10,3
8.187781,10,4
0.323752,10,5
1.939773,10,6
0.104864,10,7
33.848536,10,8
3.086584,10,9
26.709891,10,11
0.518341,10,12
0.04152,11,1
15.982875,11,2
23.166307,11,3
13.32752,11,4
6.621173,11,5
17.928755,11,6
6.004267,11,7
367.732,11,8
24.382173,11,9
9.610877,11,10
28.002627,11,12
0.379483,12,1
96.811416,12,2
102.150117,12,3
68.231976,12,4
36.047733,12,5
60.897691,12,6
32.704677,12,7
111.246645,12,8
178.229771,12,9
2.758629,12,10
60.129851,12,11
succeed
0.0,0.643096,2.188592,0.228376,0.1328,0.160045,0.495227,0.652013,1.662877,0.020565,0.514291,1.415616
0.378808,0.0,22.902197,17.312445,29.94004,17.330373,7.795157,37.098896,12.935728,0.569061,5.121051,46.690752
1.959987,24.678307,0.0,46.132707,23.886053,33.332477,52.615227,60.989488,23.987208,4.194304,9.069749,35.102872
0.243643,7.2112,131.809016,0.0,25.167053,49.248939,12.670931,22.8378,21.656072,9.754187,16.246939,76.866539
0.258517,19.874403,24.636909,2.429749,0.0,5.7926,2.456691,9.480781,19.44876,0.275624,1.756949,7.926507
0.178963,20.422928,117.665435,17.333293,9.832571,0.0,11.165235,61.955051,35.791557,2.063125,24.493464,34.370888
0.690928,6.784592,48.369211,15.090661,5.78788,22.612141,0.0,11.02868,7.31792,3.34668,5.508757,14.042325
0.905763,32.709235,115.701155,19.851104,14.652115,42.422491,6.606851,0.0,57.708653,30.983872,53.757669,105.895037
1.895528,48.459277,117.664957,33.661861,13.872091,61.736885,21.360816,78.40016,0.0,5.803616,30.785405,122.538829
3.11504,0.314381,0.681221,8.187781,0.323752,1.939773,0.104864,33.848536,3.086584,0.0,26.709891,0.518341
0.04152,15.982875,23.166307,13.32752,6.621173,17.928755,6.004267,367.732,24.382173,9.610877,0.0,28.002627
0.379483,96.811416,102.150117,68.231976,36.047733,60.897691,32.704677,111.246645,178.229771,2.758629,60.129851,0.0
