1553.2428340000001
0.026667,1,2
0.063563,1,3
0.058221,1,5
0.026667,1,7
0.139501,1,8
0.071957,1,9
1.324195,1,12
3.065029,2,3
4.455259,2,4
5.917531,2,5
7.457219,2,6
0.502245,2,7
6.409051,2,8
4.123032,2,9
0.053029,2,10
0.832883,2,11
18.507088,2,12
0.026667,3,1
8.931171,3,2
5.447443,3,4
7.506957,3,5
25.579181,3,6
6.433149,3,7
22.204931,3,8
23.006309,3,9
0.201875,3,10
9.550563,3,11
19.074,3,12
0.15392,4,1
5.617205,4,2
33.430461,4,3
17.726611,4,5
32.8076,4,6
13.108269,4,7
4.525027,4,8
21.67728,4,9
5.441981,4,10
4.527493,4,11
37.294141,4,12
0.960227,5,1
2.558629,5,2
6.198336,5,3
1.454907,5,4
1.339243,5,6
1.190952,5,7
1.069411,5,8
2.878037,5,9
0.026667,5,10
0.423933,5,11
0.928963,5,12
9.452245,6,2
39.411813,6,3
7.190864,6,4
17.033843,6,5
3.192269,6,7
14.039259,6,8
3.921643,6,9
0.16628,6,10
4.814637,6,11
10.367277,6,12
9.911443,7,2
9.939136,7,3
5.447555,7,4
3.398821,7,5
7.847664,7,6
2.808837,7,8
3.232032,7,9
1.983808,7,10
0.868917,7,11
5.079328,7,12
1.184845,8,1
16.299747,8,2
52.585811,8,3
6.240976,8,4
1.703515,8,5
9.489984,8,6
7.294941,8,7
20.007429,8,9
23.333856,8,10
30.041069,8,11
53.148144,8,12
12.580619,9,2
14.654059,9,3
21.331589,9,4
5.967163,9,5
12.632424,9,6
3.178611,9,7
52.254216,9,8
0.793931,9,10
16.712915,9,11
22.861715,9,12
0.026667,10,2
0.026667,10,3
4.095323,10,4
0.247376,10,6
30.243771,10,8
40.089205,10,11
0.106667,10,12
7.015683,11,2
13.385784,11,3
1.411115,11,4
0.717429,11,5
4.479792,11,6
3.09116,11,7
8.705443,11,8
8.139432,11,9
7.660344,11,10
2.401899,11,12
111.628547,12,2
43.374496,12,3
39.006597,12,4
13.132181,12,5
45.669037,12,6
26.521344,12,7
86.159059,12,8
117.896499,12,9
0.533179,12,10
16.738232,12,11
succeed
0.0,0.026667,0.063563,0.0,0.058221,0.0,0.026667,0.139501,0.071957,0.0,0.0,1.324195
0.0,0.0,3.065029,4.455259,5.917531,7.457219,0.502245,6.409051,4.123032,0.053029,0.832883,18.507088
0.026667,8.931171,0.0,5.447443,7.506957,25.579181,6.433149,22.204931,23.006309,0.201875,9.550563,19.074
0.15392,5.617205,33.430461,0.0,17.726611,32.8076,13.108269,4.525027,21.67728,5.441981,4.527493,37.294141
0.960227,2.558629,6.198336,1.454907,0.0,1.339243,1.190952,1.069411,2.878037,0.026667,0.423933,0.928963
0.0,9.452245,39.411813,7.190864,17.033843,0.0,3.192269,14.039259,3.921643,0.16628,4.814637,10.367277
0.0,9.911443,9.939136,5.447555,3.398821,7.847664,0.0,2.808837,3.232032,1.983808,0.868917,5.079328
1.184845,16.299747,52.585811,6.240976,1.703515,9.489984,7.294941,0.0,20.007429,23.333856,30.041069,53.148144
0.0,12.580619,14.654059,21.331589,5.967163,12.632424,3.178611,52.254216,0.0,0.793931,16.712915,22.861715
0.0,0.026667,0.026667,4.095323,0.0,0.247376,0.0,30.243771,0.0,0.0,40.089205,0.106667
0.0,7.015683,13.385784,1.411115,0.717429,4.479792,3.09116,8.705443,8.139432,7.660344,0.0,2.401899
0.0,111.628547,43.374496,39.006597,13.132181,45.669037,26.521344,86.159059,117.896499,0.533179,16.738232,0.0
