3371.829944
0.363787,1,2
0.368365,1,3
1.689067,1,5
0.191869,1,6
0.313624,1,7
2.763088,1,9
2.12624,1,12
33.840184,2,3
28.827011,2,5
29.897888,2,6
3.833363,2,7
16.127296,2,9
2.472005,2,10
0.733608,2,11
96.182373,2,12
23.165872,3,2
7.668683,3,4
126.991224,3,5
69.989427,3,6
20.638629,3,7
0.111173,3,8
28.42632,3,9
0.106667,3,10
8.106776,3,11
35.215285,3,12
3.6206,4,2
70.095333,4,3
23.499411,4,5
34.377027,4,6
10.864315,4,7
12.61736,4,9
4.631936,4,10
2.208747,4,11
27.236056,4,12
71.7682,5,2
1.424773,5,3
0.08,5,6
0.062656,5,7
4.822192,5,9
0.026667,5,10
0.026667,5,11
110.403824,5,12
28.637011,6,2
133.103891,6,3
5.188395,6,4
47.327933,6,5
8.079701,6,7
0.129541,6,8
68.717909,6,9
0.445979,6,10
3.673955,6,11
34.556776,6,12
5.13184,7,2
31.529597,7,3
2.331995,7,4
14.527763,7,5
11.0732,7,6
7.419976,7,9
0.061955,7,10
5.998645,7,11
13.223184,7,12
55.210747,8,2
15.389045,8,3
7.354027,8,4
254.410152,8,5
0.425907,8,6
0.902792,8,7
84.73372,8,9
11.1324,8,10
29.128637,8,11
102.203747,8,12
54.6844,9,2
82.502269,9,3
27.205795,9,4
143.145701,9,5
72.53436,9,6
10.807069,9,7
0.20636,9,8
0.053333,9,10
2.665043,9,11
98.312403,9,12
0.702733,10,2
0.328992,10,3
0.648467,10,4
13.254187,10,5
0.249867,10,7
37.977797,10,8
6.072645,10,9
29.094069,10,11
1.855571,10,12
9.844101,11,2
3.528219,11,3
2.681107,11,4
36.068304,11,5
0.251259,11,6
4.139413,11,7
18.791715,11,8
14.518301,11,9
3.361568,11,10
26.514648,11,12
117.006075,12,2
100.1142,12,3
268.723147,12,5
79.962645,12,6
15.792731,12,7
0.139909,12,8
181.501037,12,9
0.134731,12,10
6.489765,12,11
succeed
0.0,0.363787,0.368365,0.0,1.689067,0.191869,0.313624,0.0,2.763088,0.0,0.0,2.12624
0.0,0.0,33.840184,0.0,28.827011,29.897888,3.833363,0.0,16.127296,2.472005,0.733608,96.182373
0.0,23.165872,0.0,7.668683,126.991224,69.989427,20.638629,0.111173,28.42632,0.106667,8.106776,35.215285
0.0,3.6206,70.095333,0.0,23.499411,34.377027,10.864315,0.0,12.61736,4.631936,2.208747,27.236056
0.0,71.7682,1.424773,0.0,0.0,0.08,0.062656,0.0,4.822192,0.026667,0.026667,110.403824
0.0,28.637011,133.103891,5.188395,47.327933,0.0,8.079701,0.129541,68.717909,0.445979,3.673955,34.556776
0.0,5.13184,31.529597,2.331995,14.527763,11.0732,0.0,0.0,7.419976,0.061955,5.998645,13.223184
0.0,55.210747,15.389045,7.354027,254.410152,0.425907,0.902792,0.0,84.73372,11.1324,29.128637,102.203747
0.0,54.6844,82.502269,27.205795,143.145701,72.53436,10.807069,0.20636,0.0,0.053333,2.665043,98.312403
0.0,0.702733,0.328992,0.648467,13.254187,0.0,0.249867,37.977797,6.072645,0.0,29.094069,1.855571
0.0,9.844101,3.528219,2.681107,36.068304,0.251259,4.139413,18.791715,14.518301,3.361568,0.0,26.514648
0.0,117.006075,100.1142,0.0,268.723147,79.962645,15.792731,0.139909,181.501037,0.134731,6.489765,0.0
