2949.691094
0.292256,1,2
0.722299,1,3
0.319909,1,6
0.416459,1,7
0.384035,1,8
0.053333,1,9
1.993344,1,10
0.130181,1,11
2.107584,1,12
0.681987,2,1
21.873963,2,3
6.854744,2,4
26.39476,2,5
12.522784,2,6
1.562427,2,7
7.874288,2,8
6.500387,2,9
3.910309,2,10
3.361877,2,11
67.89784,2,12
0.246115,3,1
12.744157,3,2
20.113429,3,4
11.715949,3,5
28.326416,3,6
9.064979,3,7
33.666611,3,8
16.215659,3,9
25.832501,3,10
7.946648,3,11
64.420763,3,12
0.053333,4,1
4.885872,4,2
154.967003,4,3
18.886427,4,5
29.113072,4,6
22.101693,4,7
4.452432,4,8
21.374869,4,9
28.430984,4,10
10.205397,4,11
41.843336,4,12
23.62296,5,2
39.163237,5,3
2.215496,5,4
3.213496,5,6
2.800784,5,7
6.207915,5,8
4.469304,5,9
0.100603,5,10
2.055987,5,11
4.85472,5,12
0.401997,6,1
24.739475,6,2
125.593683,6,3
6.223952,6,4
2.041117,6,5
6.554109,6,7
17.347088,6,8
19.289776,6,9
8.5874,6,10
6.018344,6,11
19.972269,6,12
0.338917,7,1
2.852219,7,2
26.429712,7,3
5.009717,7,4
3.434605,7,5
10.592293,7,6
2.057549,7,8
2.610216,7,9
2.416915,7,10
0.756603,7,11
13.328405,7,12
3.311837,8,1
24.017805,8,2
156.318272,8,3
16.624421,8,4
12.576104,8,5
38.16396,8,6
6.761405,8,7
69.550808,8,9
15.508667,8,10
32.671357,8,11
120.853912,8,12
1.806248,9,1
41.252811,9,2
72.594709,9,3
30.005005,9,4
8.098568,9,5
38.940517,9,6
10.662152,9,7
25.062285,9,8
28.903987,9,10
22.373829,9,11
86.712768,9,12
0.195453,10,2
4.868387,10,3
33.622923,10,4
0.303997,10,5
3.962085,10,6
0.133333,10,7
3.101683,10,8
54.714768,10,9
35.576072,10,11
9.743699,10,12
0.186453,11,1
8.010331,11,2
33.755064,11,3
2.572376,11,4
2.646248,11,5
11.257384,11,6
1.912531,11,7
12.12776,11,8
31.351603,11,9
23.662957,11,10
10.003627,11,12
0.397912,12,1
101.846941,12,2
164.988301,12,3
47.193731,12,4
22.167715,12,5
34.954661,12,6
22.302651,12,7
93.612392,12,8
146.139664,12,9
11.154464,12,10
30.689227,12,11
succeed
0.0,0.292256,0.722299,0.0,0.0,0.319909,0.416459,0.384035,0.053333,1.993344,0.130181,2.107584
0.681987,0.0,21.873963,6.854744,26.39476,12.522784,1.562427,7.874288,6.500387,3.910309,3.361877,67.89784
0.246115,12.744157,0.0,20.113429,11.715949,28.326416,9.064979,33.666611,16.215659,25.832501,7.946648,64.420763
0.053333,4.885872,154.967003,0.0,18.886427,29.113072,22.101693,4.452432,21.374869,28.430984,10.205397,41.843336
0.0,23.62296,39.163237,2.215496,0.0,3.213496,2.800784,6.207915,4.469304,0.100603,2.055987,4.85472
0.401997,24.739475,125.593683,6.223952,2.041117,0.0,6.554109,17.347088,19.289776,8.5874,6.018344,19.972269
0.338917,2.852219,26.429712,5.009717,3.434605,10.592293,0.0,2.057549,2.610216,2.416915,0.756603,13.328405
3.311837,24.017805,156.318272,16.624421,12.576104,38.16396,6.761405,0.0,69.550808,15.508667,32.671357,120.853912
1.806248,41.252811,72.594709,30.005005,8.098568,38.940517,10.662152,25.062285,0.0,28.903987,22.373829,86.712768
0.0,0.195453,4.868387,33.622923,0.303997,3.962085,0.133333,3.101683,54.714768,0.0,35.576072,9.743699
0.186453,8.010331,33.755064,2.572376,2.646248,11.257384,1.912531,12.12776,31.351603,23.662957,0.0,10.003627
0.397912,101.846941,164.988301,47.193731,22.167715,34.954661,22.302651,93.612392,146.139664,11.154464,30.689227,0.0
