2291.909329
0.520205,1,3
0.026667,1,4
0.130781,1,5
0.104701,1,8
0.08,1,9
0.556075,1,12
0.026667,2,1
9.377464,2,3
2.491885,2,4
39.366027,2,5
18.262797,2,6
0.405536,2,7
19.579713,2,8
5.479011,2,9
1.102257,2,10
2.446733,2,11
58.287251,2,12
0.054571,3,1
5.350397,3,2
16.314395,3,4
5.926664,3,5
13.235213,3,6
5.784688,3,7
42.974227,3,8
65.808251,3,9
0.736573,3,10
5.701008,3,11
38.526293,3,12
0.05696,4,1
2.437651,4,2
64.251899,4,3
19.072051,4,5
27.385387,4,6
22.984611,4,7
9.276203,4,8
25.277579,4,9
18.472805,4,10
22.372005,4,11
40.692437,4,12
4.441587,5,1
2.255285,5,2
19.177064,5,3
0.748301,5,4
0.689651,5,6
0.867109,5,7
7.069856,5,8
4.424619,5,9
0.026667,5,10
3.721184,5,11
3.59284,5,12
33.636309,6,2
84.631128,6,3
8.842032,6,4
0.753288,6,5
3.392147,6,7
32.864941,6,8
20.967427,6,9
2.139424,6,10
6.521315,6,11
21.315928,6,12
1.393467,7,2
27.862872,7,3
3.067523,7,4
2.51696,7,5
25.027339,7,6
8.630195,7,8
9.480843,7,9
0.205136,7,10
0.785251,7,11
6.933837,7,12
0.41056,8,1
17.374981,8,2
121.651384,8,3
5.155208,8,4
4.924328,8,5
19.322368,8,6
4.102763,8,7
73.550739,8,9
10.204453,8,10
29.902251,8,11
85.115507,8,12
0.237429,9,1
25.322101,9,2
54.877349,9,3
27.076451,9,4
6.787259,9,5
23.318981,9,6
14.786536,9,7
77.4652,9,8
2.240397,9,10
27.464147,9,11
53.349656,9,12
4.130445,10,2
1.360339,10,3
0.860507,10,4
0.026667,10,5
0.201104,10,6
0.053333,10,7
36.662112,10,8
1.227768,10,9
34.854139,10,11
0.053333,10,12
0.133904,11,1
7.439768,11,2
24.57728,11,3
1.711504,11,4
0.635952,11,5
3.8168,11,6
1.961296,11,7
21.294848,11,8
11.265651,11,9
2.058632,11,10
3.352597,11,12
0.065341,12,1
76.50272,12,2
64.704952,12,3
50.283571,12,4
14.742485,12,5
58.461923,12,6
7.368883,12,7
100.704757,12,8
89.829317,12,9
1.765795,12,10
26.244395,12,11
succeed
0.0,0.0,0.520205,0.026667,0.130781,0.0,0.0,0.104701,0.08,0.0,0.0,0.556075
0.026667,0.0,9.377464,2.491885,39.366027,18.262797,0.405536,19.579713,5.479011,1.102257,2.446733,58.287251
0.054571,5.350397,0.0,16.314395,5.926664,13.235213,5.784688,42.974227,65.808251,0.736573,5.701008,38.526293
0.05696,2.437651,64.251899,0.0,19.072051,27.385387,22.984611,9.276203,25.277579,18.472805,22.372005,40.692437
4.441587,2.255285,19.177064,0.748301,0.0,0.689651,0.867109,7.069856,4.424619,0.026667,3.721184,3.59284
0.0,33.636309,84.631128,8.842032,0.753288,0.0,3.392147,32.864941,20.967427,2.139424,6.521315,21.315928
0.0,1.393467,27.862872,3.067523,2.51696,25.027339,0.0,8.630195,9.480843,0.205136,0.785251,6.933837
0.41056,17.374981,121.651384,5.155208,4.924328,19.322368,4.102763,0.0,73.550739,10.204453,29.902251,85.115507
0.237429,25.322101,54.877349,27.076451,6.787259,23.318981,14.786536,77.4652,0.0,2.240397,27.464147,53.349656
0.0,4.130445,1.360339,0.860507,0.026667,0.201104,0.053333,36.662112,1.227768,0.0,34.854139,0.053333
0.133904,7.439768,24.57728,1.711504,0.635952,3.8168,1.961296,21.294848,11.265651,2.058632,0.0,3.352597
0.065341,76.50272,64.704952,50.283571,14.742485,58.461923,7.368883,100.704757,89.829317,1.765795,26.244395,0.0
