3236.171018
1.011544,1,2
0.741987,1,3
0.427955,1,5
0.648923,1,6
0.377651,1,7
0.457248,1,9
0.582592,1,12
33.006229,2,3
0.069387,2,4
42.38476,2,5
26.02028,2,6
3.645211,2,7
0.026667,2,8
8.289224,2,9
1.782899,2,11
41.691045,2,12
69.804168,3,2
26.950883,3,4
145.132603,3,5
101.204712,3,6
14.480949,3,7
0.078315,3,8
31.763411,3,9
1.552307,3,11
56.760651,3,12
6.937523,4,2
54.673971,4,3
39.027597,4,5
28.988117,4,6
15.867813,4,7
0.034003,4,8
12.034323,4,9
9.945675,4,10
2.30612,4,11
37.245648,4,12
53.767451,5,2
1.283464,5,3
0.026667,5,8
5.383264,5,9
0.150573,5,11
95.075395,5,12
13.134597,6,2
141.4696,6,3
10.626768,6,4
64.308115,6,5
12.896507,6,7
0.245077,6,8
79.650264,6,9
0.416435,6,10
4.08732,6,11
25.8756,6,12
5.634459,7,2
33.238315,7,3
5.546963,7,4
15.078936,7,5
13.968872,7,6
0.026667,7,8
12.645107,7,9
0.661411,7,11
13.874771,7,12
46.067011,8,2
11.008173,8,3
19.842504,8,4
163.768584,8,5
0.198285,8,6
0.08,8,7
73.410763,8,9
15.556432,8,10
19.628261,8,11
89.011656,8,12
20.448083,9,2
92.113307,9,3
35.468045,9,4
133.385493,9,5
71.668283,9,6
17.102152,9,7
0.294987,9,8
0.053333,9,10
2.851336,9,11
128.748549,9,12
0.153224,10,2
0.026667,10,3
10.750552,10,4
4.398533,10,5
0.187893,10,7
44.624917,10,8
5.706931,10,9
43.797331,10,11
0.540619,10,12
10.9548,11,2
0.964784,11,3
6.903624,11,4
27.552405,11,5
0.242835,11,6
3.461661,11,7
31.450736,11,8
11.527787,11,9
3.850459,11,10
10.719339,11,12
113.212424,12,2
78.572117,12,3
5.641149,12,4
201.843075,12,5
53.274139,12,6
20.845645,12,7
0.026667,12,8
166.714621,12,9
0.053333,12,10
12.442525,12,11
succeed
0.0,1.011544,0.741987,0.0,0.427955,0.648923,0.377651,0.0,0.457248,0.0,0.0,0.582592
0.0,0.0,33.006229,0.069387,42.38476,26.02028,3.645211,0.026667,8.289224,0.0,1.782899,41.691045
0.0,69.804168,0.0,26.950883,145.132603,101.204712,14.480949,0.078315,31.763411,0.0,1.552307,56.760651
0.0,6.937523,54.673971,0.0,39.027597,28.988117,15.867813,0.034003,12.034323,9.945675,2.30612,37.245648
0.0,53.767451,1.283464,0.0,0.0,0.0,0.0,0.026667,5.383264,0.0,0.150573,95.075395
0.0,13.134597,141.4696,10.626768,64.308115,0.0,12.896507,0.245077,79.650264,0.416435,4.08732,25.8756
0.0,5.634459,33.238315,5.546963,15.078936,13.968872,0.0,0.026667,12.645107,0.0,0.661411,13.874771
0.0,46.067011,11.008173,19.842504,163.768584,0.198285,0.08,0.0,73.410763,15.556432,19.628261,89.011656
0.0,20.448083,92.113307,35.468045,133.385493,71.668283,17.102152,0.294987,0.0,0.053333,2.851336,128.748549
0.0,0.153224,0.026667,10.750552,4.398533,0.0,0.187893,44.624917,5.706931,0.0,43.797331,0.540619
0.0,10.9548,0.964784,6.903624,27.552405,0.242835,3.461661,31.450736,11.527787,3.850459,0.0,10.719339
0.0,113.212424,78.572117,5.641149,201.843075,53.274139,20.845645,0.026667,166.714621,0.053333,12.442525,0.0
