3291.784501
0.171989,1,2
0.307171,1,3
0.128045,1,4
0.67556,1,5
1.721653,1,6
1.588821,1,7
0.497189,1,8
0.352723,1,9
0.312768,1,10
0.133333,1,11
1.069728,1,12
1.178365,2,1
17.293693,2,3
5.351699,2,4
3.19488,2,5
16.172837,2,6
3.371499,2,7
27.894413,2,8
8.244629,2,9
0.587387,2,10
9.329592,2,11
25.847669,2,12
2.672539,3,1
23.30964,3,2
29.352325,3,4
13.111936,3,5
54.021589,3,6
15.19428,3,7
88.406904,3,8
25.191272,3,9
3.156093,3,10
20.477352,3,11
32.6332,3,12
0.646544,4,1
4.752709,4,2
63.199323,4,3
15.9936,4,5
31.671059,4,6
15.431312,4,7
9.116317,4,8
25.745507,4,9
7.905976,4,10
8.352747,4,11
45.92412,4,12
4.422336,5,1
4.062653,5,2
30.19364,5,3
4.800629,5,4
9.58044,5,6
5.460792,5,7
7.690088,5,8
8.290621,5,9
0.767139,5,10
3.838621,5,11
14.730376,5,12
1.680141,6,1
19.315789,6,2
108.639576,6,3
11.574451,6,4
11.030571,6,5
12.855392,6,7
66.338995,6,8
82.902152,6,9
2.13732,6,10
13.758461,6,11
46.434827,6,12
0.920363,7,1
6.029752,7,2
30.968376,7,3
9.508811,7,4
5.395549,7,5
28.856253,7,6
7.677411,7,8
8.888485,7,9
0.748059,7,10
1.975965,7,11
21.530317,7,12
1.451104,8,1
14.469757,8,2
84.306459,8,3
12.101205,8,4
36.59464,8,5
43.728101,8,6
18.563235,8,7
91.548117,8,9
16.63276,8,10
30.49716,8,11
101.226835,8,12
2.578856,9,1
42.504693,9,2
86.687864,9,3
41.437755,9,4
16.615216,9,5
61.097677,9,6
30.001509,9,7
109.931952,9,8
3.470944,9,10
41.557051,9,11
261.804792,9,12
0.332573,10,1
0.181504,10,2
1.526896,10,3
0.440339,10,4
0.29848,10,5
5.995267,10,6
0.384411,10,7
33.138181,10,8
1.320075,10,9
50.251235,10,11
0.861333,10,12
0.305869,11,1
6.793133,11,2
19.886936,11,3
5.433883,11,4
4.472168,11,5
8.920067,11,6
5.726832,11,7
33.607728,11,8
11.995989,11,9
3.31284,11,10
8.679491,11,12
2.9442,12,1
93.146347,12,2
86.270349,12,3
58.89636,12,4
35.85076,12,5
41.877923,12,6
15.575192,12,7
125.522707,12,8
182.371427,12,9
1.559005,12,10
40.400981,12,11
succeed
0.0,0.171989,0.307171,0.128045,0.67556,1.721653,1.588821,0.497189,0.352723,0.312768,0.133333,1.069728
1.178365,0.0,17.293693,5.351699,3.19488,16.172837,3.371499,27.894413,8.244629,0.587387,9.329592,25.847669
2.672539,23.30964,0.0,29.352325,13.111936,54.021589,15.19428,88.406904,25.191272,3.156093,20.477352,32.6332
0.646544,4.752709,63.199323,0.0,15.9936,31.671059,15.431312,9.116317,25.745507,7.905976,8.352747,45.92412
4.422336,4.062653,30.19364,4.800629,0.0,9.58044,5.460792,7.690088,8.290621,0.767139,3.838621,14.730376
1.680141,19.315789,108.639576,11.574451,11.030571,0.0,12.855392,66.338995,82.902152,2.13732,13.758461,46.434827
0.920363,6.029752,30.968376,9.508811,5.395549,28.856253,0.0,7.677411,8.888485,0.748059,1.975965,21.530317
1.451104,14.469757,84.306459,12.101205,36.59464,43.728101,18.563235,0.0,91.548117,16.63276,30.49716,101.226835
2.578856,42.504693,86.687864,41.437755,16.615216,61.097677,30.001509,109.931952,0.0,3.470944,41.557051,261.804792
0.332573,0.181504,1.526896,0.440339,0.29848,5.995267,0.384411,33.138181,1.320075,0.0,50.251235,0.861333
0.305869,6.793133,19.886936,5.433883,4.472168,8.920067,5.726832,33.607728,11.995989,3.31284,0.0,8.679491
2.9442,93.146347,86.270349,58.89636,35.85076,41.877923,15.575192,125.522707,182.371427,1.559005,40.400981,0.0
