2745.634638
0.108933,1,2
1.886693,1,3
0.063691,1,4
0.154523,1,5
0.297237,1,6
0.195989,1,7
0.080125,1,8
0.809941,1,9
0.422763,1,11
0.892109,1,12
0.046552,2,1
13.695829,2,3
3.849757,2,4
36.967467,2,5
18.097155,2,6
4.811309,2,7
21.247119,2,8
4.4108,2,9
0.404215,2,10
8.20548,2,11
28.699171,2,12
1.983067,3,1
167.111219,3,2
18.765992,3,4
11.515941,3,5
54.571539,3,6
19.814512,3,7
37.877504,3,8
17.153795,3,9
4.967712,3,10
24.833664,3,11
26.579003,3,12
0.124725,4,1
3.443013,4,2
24.031301,4,3
12.534181,4,5
16.417805,4,6
19.644915,4,7
7.762853,4,8
6.277656,4,9
9.862595,4,10
14.366981,4,11
28.040699,4,12
3.247091,5,1
11.757285,5,2
9.452923,5,3
1.102243,5,4
10.835472,5,6
14.475323,5,7
36.303688,5,8
1.756267,5,9
0.125549,5,10
6.114485,5,11
11.349424,5,12
1.123613,6,1
6.266824,6,2
36.680077,6,3
15.627424,6,4
5.191157,6,5
3.144008,6,7
12.154363,6,8
6.475493,6,9
0.648067,6,10
14.484728,6,11
25.245736,6,12
0.026667,7,1
2.880827,7,2
31.976051,7,3
10.126629,7,4
3.416032,7,5
18.816533,7,6
5.516856,7,8
4.75208,7,9
2.058291,7,10
8.473821,7,11
17.466371,7,12
0.857117,8,1
6.246515,8,2
227.824,8,3
7.759411,8,4
3.805928,8,5
19.815296,8,6
3.59288,8,7
36.915523,8,9
22.569264,8,10
50.904037,8,11
49.557597,8,12
0.851472,9,1
18.755211,9,2
29.183699,9,3
10.338837,9,4
12.366835,9,5
28.654923,9,6
11.110392,9,7
49.266856,9,8
1.465235,9,10
17.336227,9,11
76.870832,9,12
0.026667,10,3
3.715035,10,4
0.026667,10,5
0.316219,10,6
4.735488,10,8
0.553443,10,9
24.386,10,11
0.088931,10,12
3.958149,11,1
49.227237,11,2
110.482563,11,3
28.171672,11,4
49.039472,11,5
73.047008,11,6
47.339629,11,7
24.065253,11,8
47.081677,11,9
6.382288,11,10
95.288661,11,12
1.099403,12,1
68.592576,12,2
51.876931,12,3
50.725544,12,4
14.45088,12,5
28.523173,12,6
16.017571,12,7
61.350635,12,8
134.747824,12,9
9.705475,12,10
42.465552,12,11
succeed
0.0,0.108933,1.886693,0.063691,0.154523,0.297237,0.195989,0.080125,0.809941,0.0,0.422763,0.892109
0.046552,0.0,13.695829,3.849757,36.967467,18.097155,4.811309,21.247119,4.4108,0.404215,8.20548,28.699171
1.983067,167.111219,0.0,18.765992,11.515941,54.571539,19.814512,37.877504,17.153795,4.967712,24.833664,26.579003
0.124725,3.443013,24.031301,0.0,12.534181,16.417805,19.644915,7.762853,6.277656,9.862595,14.366981,28.040699
3.247091,11.757285,9.452923,1.102243,0.0,10.835472,14.475323,36.303688,1.756267,0.125549,6.114485,11.349424
1.123613,6.266824,36.680077,15.627424,5.191157,0.0,3.144008,12.154363,6.475493,0.648067,14.484728,25.245736
0.026667,2.880827,31.976051,10.126629,3.416032,18.816533,0.0,5.516856,4.75208,2.058291,8.473821,17.466371
0.857117,6.246515,227.824,7.759411,3.805928,19.815296,3.59288,0.0,36.915523,22.569264,50.904037,49.557597
0.851472,18.755211,29.183699,10.338837,12.366835,28.654923,11.110392,49.266856,0.0,1.465235,17.336227,76.870832
0.0,0.0,0.026667,3.715035,0.026667,0.316219,0.0,4.735488,0.553443,0.0,24.386,0.088931
3.958149,49.227237,110.482563,28.171672,49.039472,73.047008,47.339629,24.065253,47.081677,6.382288,0.0,95.288661
1.099403,68.592576,51.876931,50.725544,14.45088,28.523173,16.017571,61.350635,134.747824,9.705475,42.465552,0.0
