2411.436542
0.278803,1,2
1.690192,1,3
0.026667,1,4
0.08,1,5
0.178901,1,8
0.149523,1,9
0.359424,1,12
0.356784,2,1
7.895603,2,3
4.100803,2,4
41.241347,2,5
17.007672,2,6
6.558971,2,7
22.256239,2,8
8.27168,2,9
0.249892,2,10
13.893779,2,11
25.35056,2,12
0.106667,3,1
16.530429,3,2
9.742611,3,4
10.197757,3,5
23.72588,3,6
23.723083,3,7
36.467544,3,8
8.991421,3,9
0.995392,3,10
11.576208,3,11
19.036213,3,12
0.06592,4,1
5.699288,4,2
65.233083,4,3
22.547813,4,5
27.136731,4,6
22.616909,4,7
15.343083,4,8
15.679411,4,9
17.944387,4,10
9.244853,4,11
37.202749,4,12
1.446709,5,1
3.685883,5,2
11.037944,5,3
0.845323,5,4
1.931995,5,6
0.948232,5,7
15.644728,5,8
11.593109,5,9
0.297717,5,10
6.103763,5,11
9.091008,5,12
0.116693,6,1
10.335477,6,2
41.716011,6,3
10.743643,6,4
35.762664,6,5
2.400224,6,7
29.822339,6,8
35.409461,6,9
1.985651,6,10
15.555528,6,11
14.865216,6,12
3.620485,7,2
15.486869,7,3
7.607971,7,4
2.969075,7,5
15.259832,7,6
5.986299,7,8
5.981083,7,9
2.150507,7,10
3.367168,7,11
10.342019,7,12
0.10048,8,1
26.910115,8,2
46.800155,8,3
11.769429,8,4
3.768661,8,5
11.765883,8,6
2.3462,8,7
57.566152,8,9
20.897035,8,10
33.771997,8,11
16.938152,8,12
0.543048,9,1
33.632331,9,2
75.189733,9,3
27.453323,9,4
9.612624,9,5
34.881032,9,6
7.396184,9,7
84.763365,9,8
1.342453,9,10
30.204005,9,11
108.826203,9,12
0.096933,10,2
28.770328,10,4
0.026667,10,5
0.82524,10,6
31.601389,10,8
0.326155,10,9
34.850701,10,11
0.026667,11,1
7.449333,11,2
42.121757,11,3
3.847747,11,4
2.488269,11,5
12.816669,11,6
4.083365,11,7
23.095275,11,8
8.669883,11,9
4.131787,11,10
11.390621,11,12
0.248573,12,1
135.91888,12,2
74.908147,12,3
87.880925,12,4
26.19636,12,5
49.916997,12,6
12.494728,12,7
53.831064,12,8
160.47568,12,9
8.229579,12,10
54.373365,12,11
succeed
0.0,0.278803,1.690192,0.026667,0.08,0.0,0.0,0.178901,0.149523,0.0,0.0,0.359424
0.356784,0.0,7.895603,4.100803,41.241347,17.007672,6.558971,22.256239,8.27168,0.249892,13.893779,25.35056
0.106667,16.530429,0.0,9.742611,10.197757,23.72588,23.723083,36.467544,8.991421,0.995392,11.576208,19.036213
0.06592,5.699288,65.233083,0.0,22.547813,27.136731,22.616909,15.343083,15.679411,17.944387,9.244853,37.202749
1.446709,3.685883,11.037944,0.845323,0.0,1.931995,0.948232,15.644728,11.593109,0.297717,6.103763,9.091008
0.116693,10.335477,41.716011,10.743643,35.762664,0.0,2.400224,29.822339,35.409461,1.985651,15.555528,14.865216
0.0,3.620485,15.486869,7.607971,2.969075,15.259832,0.0,5.986299,5.981083,2.150507,3.367168,10.342019
0.10048,26.910115,46.800155,11.769429,3.768661,11.765883,2.3462,0.0,57.566152,20.897035,33.771997,16.938152
0.543048,33.632331,75.189733,27.453323,9.612624,34.881032,7.396184,84.763365,0.0,1.342453,30.204005,108.826203
0.0,0.096933,0.0,28.770328,0.026667,0.82524,0.0,31.601389,0.326155,0.0,34.850701,0.0
0.026667,7.449333,42.121757,3.847747,2.488269,12.816669,4.083365,23.095275,8.669883,4.131787,0.0,11.390621
0.248573,135.91888,74.908147,87.880925,26.19636,49.916997,12.494728,53.831064,160.47568,8.229579,54.373365,0.0
