3696.107769
0.363499,1,2
1.111072,1,3
0.194379,1,4
0.423029,1,5
1.300803,1,6
0.175912,1,7
0.550581,1,8
1.040373,1,9
0.151235,1,10
0.149229,1,11
4.703237,1,12
0.809968,2,1
23.698107,2,3
3.920205,2,4
9.457515,2,5
22.407179,2,6
12.525981,2,7
16.842364,2,8
21.005464,2,9
1.351009,2,10
6.707325,2,11
95.046403,2,12
1.204944,3,1
20.345016,3,2
6.879032,3,4
19.7804,3,5
40.48124,3,6
12.253163,3,7
22.23068,3,8
8.12052,3,9
4.302323,3,10
15.491176,3,11
22.589301,3,12
0.471712,4,1
11.994595,4,2
86.119211,4,3
17.049939,4,5
30.968947,4,6
20.42928,4,7
24.133571,4,8
29.989181,4,9
19.518827,4,10
39.237832,4,11
53.829389,4,12
0.482768,5,1
5.291792,5,2
37.994227,5,3
3.476536,5,4
9.159496,5,6
6.459552,5,7
186.105843,5,8
6.173979,5,9
2.755843,5,10
1.685947,5,11
10.949048,5,12
1.56064,6,1
23.349765,6,2
136.263429,6,3
40.643917,6,4
5.770787,6,5
27.41792,6,7
94.183952,6,8
35.060099,6,9
4.237408,6,10
13.076645,6,11
68.68832,6,12
1.220379,7,1
8.633952,7,2
55.319312,7,3
16.822827,7,4
4.592773,7,5
17.128915,7,6
4.339448,7,8
12.678184,7,9
1.530877,7,10
3.307179,7,11
16.217856,7,12
0.088016,8,1
43.537051,8,2
152.416147,8,3
9.556379,8,4
23.611357,8,5
51.634933,8,6
8.64332,8,7
63.948088,8,9
7.859192,8,10
28.668085,8,11
68.461955,8,12
2.722027,9,1
56.473501,9,2
76.906848,9,3
31.996136,9,4
17.839389,9,5
77.468456,9,6
20.548208,9,7
50.672643,9,8
13.743757,9,10
27.218019,9,11
143.815179,9,12
0.157091,10,1
1.656579,10,2
8.508565,10,3
5.614629,10,4
0.336701,10,5
2.661008,10,6
1.288032,10,7
33.02096,10,8
3.006051,10,9
57.697056,10,11
3.06512,10,12
0.497909,11,1
15.33788,11,2
85.765083,11,3
5.384656,11,4
6.098275,11,5
17.668427,11,6
5.874032,11,7
16.317155,11,8
24.904805,11,9
3.813488,11,10
28.334165,11,12
2.246187,12,1
122.845445,12,2
99.807675,12,3
70.146803,12,4
45.572363,12,5
133.798048,12,6
31.173968,12,7
75.214691,12,8
182.517539,12,9
4.452699,12,10
29.561235,12,11
succeed
0.0,0.363499,1.111072,0.194379,0.423029,1.300803,0.175912,0.550581,1.040373,0.151235,0.149229,4.703237
0.809968,0.0,23.698107,3.920205,9.457515,22.407179,12.525981,16.842364,21.005464,1.351009,6.707325,95.046403
1.204944,20.345016,0.0,6.879032,19.7804,40.48124,12.253163,22.23068,8.12052,4.302323,15.491176,22.589301
0.471712,11.994595,86.119211,0.0,17.049939,30.968947,20.42928,24.133571,29.989181,19.518827,39.237832,53.829389
0.482768,5.291792,37.994227,3.476536,0.0,9.159496,6.459552,186.105843,6.173979,2.755843,1.685947,10.949048
1.56064,23.349765,136.263429,40.643917,5.770787,0.0,27.41792,94.183952,35.060099,4.237408,13.076645,68.68832
1.220379,8.633952,55.319312,16.822827,4.592773,17.128915,0.0,4.339448,12.678184,1.530877,3.307179,16.217856
0.088016,43.537051,152.416147,9.556379,23.611357,51.634933,8.64332,0.0,63.948088,7.859192,28.668085,68.461955
2.722027,56.473501,76.906848,31.996136,17.839389,77.468456,20.548208,50.672643,0.0,13.743757,27.218019,143.815179
0.157091,1.656579,8.508565,5.614629,0.336701,2.661008,1.288032,33.02096,3.006051,0.0,57.697056,3.06512
0.497909,15.33788,85.765083,5.384656,6.098275,17.668427,5.874032,16.317155,24.904805,3.813488,0.0,28.334165
2.246187,122.845445,99.807675,70.146803,45.572363,133.798048,31.173968,75.214691,182.517539,4.452699,29.561235,0.0
