2197.805417
0.053653,1,2
1.092152,1,3
0.091355,1,4
0.214128,1,5
0.097205,1,7
0.265731,1,8
0.271107,1,9
0.053931,1,10
0.082123,1,11
0.31152,1,12
1.386909,2,1
11.437763,2,3
6.283997,2,4
37.340584,2,5
12.0632,2,6
0.616821,2,7
15.507548,2,8
1.841157,2,9
0.434564,2,10
6.802435,2,11
36.850019,2,12
1.868595,3,1
30.6802,3,2
13.170608,3,4
16.521216,3,5
18.743109,3,6
6.648533,3,7
47.221077,3,8
21.203381,3,9
1.889125,3,10
6.045584,3,11
28.965213,3,12
0.123253,4,1
3.240811,4,2
50.422992,4,3
20.770051,4,5
27.39532,4,6
10.399309,4,7
21.234501,4,8
13.414731,4,9
14.486267,4,10
12.141344,4,11
33.217829,4,12
3.098283,5,1
2.696907,5,2
7.154787,5,3
1.564672,5,4
4.65548,5,6
2.820307,5,7
8.744141,5,8
6.230149,5,9
0.247709,5,10
1.644509,5,11
1.8802,5,12
0.084701,6,1
18.386597,6,2
34.051317,6,3
8.355461,6,4
2.325968,6,5
10.347651,6,7
17.914363,6,8
15.433176,6,9
8.871688,6,10
14.775795,6,11
7.282651,6,12
0.560013,7,1
2.172824,7,2
16.169813,7,3
4.69348,7,4
4.884243,7,5
12.137869,7,6
7.151741,7,8
3.518824,7,9
3.739464,7,10
6.458635,7,11
8.982059,7,12
0.518117,8,1
17.578584,8,2
74.378773,8,3
14.109941,8,4
11.553856,8,5
17.770456,8,6
15.616171,8,7
83.456555,8,9
32.070848,8,10
29.758123,8,11
82.240459,8,12
1.896864,9,1
20.616155,9,2
26.424336,9,3
30.293907,9,4
12.863211,9,5
18.290549,9,6
8.038784,9,7
69.792387,9,8
6.434981,9,10
27.939021,9,11
80.349011,9,12
0.026667,10,2
6.635707,10,4
0.301659,10,6
0.026667,10,7
30.884952,10,8
2.725659,10,9
30.194128,10,11
0.026667,10,12
0.077144,11,1
8.485392,11,2
15.083893,11,3
4.197627,11,4
3.733635,11,5
7.311568,11,6
2.567421,11,7
25.172925,11,8
9.700811,11,9
3.345555,11,10
15.577968,11,12
0.447181,12,1
89.238805,12,2
66.554792,12,3
50.319429,12,4
12.798272,12,5
32.651469,12,6
13.259341,12,7
86.366163,12,8
153.939539,12,9
10.586245,12,10
51.640619,12,11
succeed
0.0,0.053653,1.092152,0.091355,0.214128,0.0,0.097205,0.265731,0.271107,0.053931,0.082123,0.31152
1.386909,0.0,11.437763,6.283997,37.340584,12.0632,0.616821,15.507548,1.841157,0.434564,6.802435,36.850019
1.868595,30.6802,0.0,13.170608,16.521216,18.743109,6.648533,47.221077,21.203381,1.889125,6.045584,28.965213
0.123253,3.240811,50.422992,0.0,20.770051,27.39532,10.399309,21.234501,13.414731,14.486267,12.141344,33.217829
3.098283,2.696907,7.154787,1.564672,0.0,4.65548,2.820307,8.744141,6.230149,0.247709,1.644509,1.8802
0.084701,18.386597,34.051317,8.355461,2.325968,0.0,10.347651,17.914363,15.433176,8.871688,14.775795,7.282651
0.560013,2.172824,16.169813,4.69348,4.884243,12.137869,0.0,7.151741,3.518824,3.739464,6.458635,8.982059
0.518117,17.578584,74.378773,14.109941,11.553856,17.770456,15.616171,0.0,83.456555,32.070848,29.758123,82.240459
1.896864,20.616155,26.424336,30.293907,12.863211,18.290549,8.038784,69.792387,0.0,6.434981,27.939021,80.349011
0.0,0.026667,0.0,6.635707,0.0,0.301659,0.026667,30.884952,2.725659,0.0,30.194128,0.026667
0.077144,8.485392,15.083893,4.197627,3.733635,7.311568,2.567421,25.172925,9.700811,3.345555,0.0,15.577968
0.447181,89.238805,66.554792,50.319429,12.798272,32.651469,13.259341,86.366163,153.939539,10.586245,51.640619,0.0
