6072.490399
0.349843,1,2
1.332165,1,3
1.704397,1,5
1.420472,1,6
0.217752,1,7
0.92872,1,9
0.026667,1,10
0.026667,1,11
1.789435,1,12
37.474709,2,3
0.440843,2,4
72.453024,2,5
37.968968,2,6
6.56944,2,7
0.058667,2,8
20.097424,2,9
0.868544,2,10
0.846792,2,11
82.616104,2,12
39.311576,3,2
33.969803,3,4
134.87616,3,5
74.402653,3,6
23.994992,3,7
2.067008,3,8
46.008829,3,9
0.212552,3,10
1.576141,3,11
120.11552,3,12
20.835539,4,2
69.406893,4,3
63.656749,4,5
51.838203,4,6
18.520856,4,7
0.028216,4,8
23.647011,4,9
30.396381,4,10
23.628843,4,11
41.837997,4,12
52.672824,5,2
4.101445,5,3
0.058389,5,4
0.106667,5,6
0.053333,5,7
0.08128,5,8
9.018304,5,9
0.142819,5,10
0.324405,5,11
191.393093,5,12
35.899733,6,2
166.314069,6,3
17.306547,6,4
114.473344,6,5
21.030509,6,7
0.053333,6,8
98.578341,6,9
1.285128,6,10
29.6696,6,11
68.223979,6,12
9.096427,7,2
31.046827,7,3
26.513147,7,4
29.751701,7,5
17.09828,7,6
0.026667,7,8
12.578149,7,9
0.093333,7,10
0.221501,7,11
17.786885,7,12
35.15316,8,2
23.16204,8,3
22.776067,8,4
1594.05168,8,5
0.773861,8,6
2.353245,8,7
102.331251,8,9
22.577229,8,10
24.903376,8,11
150.549781,8,12
74.986112,9,2
149.776008,9,3
48.09428,9,4
172.191571,9,5
95.292693,9,6
31.578117,9,7
0.203701,9,8
1.380629,9,10
8.397704,9,11
194.309931,9,12
4.127064,10,2
0.735099,10,3
5.360163,10,4
15.495965,10,5
0.978605,10,7
44.5752,10,8
7.802208,10,9
48.712645,10,11
2.829496,10,12
17.787544,11,2
5.244195,11,3
17.9418,11,4
70.373709,11,5
0.934008,11,6
5.922435,11,7
27.590549,11,8
12.291645,11,9
8.609523,11,10
17.114749,11,12
125.401299,12,2
128.3976,12,3
15.517917,12,4
316.776613,12,5
67.722859,12,6
27.889592,12,7
0.085333,12,8
273.042827,12,9
0.45304,12,10
5.411667,12,11
succeed
0.0,0.349843,1.332165,0.0,1.704397,1.420472,0.217752,0.0,0.92872,0.026667,0.026667,1.789435
0.0,0.0,37.474709,0.440843,72.453024,37.968968,6.56944,0.058667,20.097424,0.868544,0.846792,82.616104
0.0,39.311576,0.0,33.969803,134.87616,74.402653,23.994992,2.067008,46.008829,0.212552,1.576141,120.11552
0.0,20.835539,69.406893,0.0,63.656749,51.838203,18.520856,0.028216,23.647011,30.396381,23.628843,41.837997
0.0,52.672824,4.101445,0.058389,0.0,0.106667,0.053333,0.08128,9.018304,0.142819,0.324405,191.393093
0.0,35.899733,166.314069,17.306547,114.473344,0.0,21.030509,0.053333,98.578341,1.285128,29.6696,68.223979
0.0,9.096427,31.046827,26.513147,29.751701,17.09828,0.0,0.026667,12.578149,0.093333,0.221501,17.786885
0.0,35.15316,23.16204,22.776067,1594.05168,0.773861,2.353245,0.0,102.331251,22.577229,24.903376,150.549781
0.0,74.986112,149.776008,48.09428,172.191571,95.292693,31.578117,0.203701,0.0,1.380629,8.397704,194.309931
0.0,4.127064,0.735099,5.360163,15.495965,0.0,0.978605,44.5752,7.802208,0.0,48.712645,2.829496
0.0,17.787544,5.244195,17.9418,70.373709,0.934008,5.922435,27.590549,12.291645,8.609523,0.0,17.114749
0.0,125.401299,128.3976,15.517917,316.776613,67.722859,27.889592,0.085333,273.042827,0.45304,5.411667,0.0
