2676.696179
0.07072,1,2
0.485821,1,3
0.053333,1,4
0.312008,1,5
0.090483,1,6
0.032861,1,7
0.103501,1,8
0.306469,1,9
0.050168,1,10
0.655475,1,11
0.204949,1,12
0.044715,2,1
20.806965,2,3
5.590208,2,4
5.819528,2,5
13.10828,2,6
0.641899,2,7
9.961249,2,8
3.51284,2,9
4.881711,2,10
4.082171,2,11
30.775267,2,12
0.16596,3,1
8.622056,3,2
26.396808,3,4
16.305013,3,5
56.67792,3,6
8.401315,3,7
55.198461,3,8
23.6426,3,9
42.572515,3,10
11.009859,3,11
34.580488,3,12
0.479669,4,1
3.046013,4,2
56.494901,4,3
23.953059,4,5
27.395101,4,6
17.158299,4,7
6.053725,4,8
10.881624,4,9
28.733309,4,10
9.868245,4,11
33.679133,4,12
0.133443,5,1
1.095515,5,2
38.158528,5,3
3.913339,5,4
5.273053,5,6
3.153795,5,7
10.802736,5,8
9.479037,5,9
2.813917,5,11
4.735672,5,12
0.054117,6,1
11.275573,6,2
76.614155,6,3
12.240947,6,4
3.351872,6,5
5.657467,6,7
19.279347,6,8
31.387685,6,9
8.266237,6,10
9.030832,6,11
7.289059,6,12
2.569165,7,2
27.056408,7,3
5.331995,7,4
17.419101,7,5
8.869408,7,6
5.333976,7,8
3.145339,7,9
2.974597,7,10
2.040304,7,11
11.017336,7,12
1.216133,8,1
26.830339,8,2
111.507485,8,3
27.839739,8,4
11.198163,8,5
25.003307,8,6
8.371936,8,7
66.344328,8,9
15.743563,8,10
34.607397,8,11
101.552387,8,12
0.842165,9,1
17.345779,9,2
67.969659,9,3
34.47052,9,4
13.670029,9,5
37.684877,9,6
7.915632,9,7
67.291731,9,8
41.676864,9,10
35.191651,9,11
78.83572,9,12
0.145323,10,2
0.490131,10,3
2.793765,10,4
0.170712,10,5
0.619632,10,6
0.029259,10,7
9.584693,10,8
52.485272,10,9
40.075315,10,11
0.220491,10,12
0.119776,11,1
9.905877,11,2
17.166888,11,3
4.062928,11,4
4.400509,11,5
11.302256,11,6
2.508805,11,7
23.714299,11,8
9.364629,11,9
21.11596,11,10
7.921261,11,12
0.629243,12,1
98.472741,12,2
126.537227,12,3
61.643733,12,4
41.926536,12,5
38.130776,12,6
23.424931,12,7
102.764,12,8
132.154499,12,9
14.707136,12,10
32.327523,12,11
succeed
0.0,0.07072,0.485821,0.053333,0.312008,0.090483,0.032861,0.103501,0.306469,0.050168,0.655475,0.204949
0.044715,0.0,20.806965,5.590208,5.819528,13.10828,0.641899,9.961249,3.51284,4.881711,4.082171,30.775267
0.16596,8.622056,0.0,26.396808,16.305013,56.67792,8.401315,55.198461,23.6426,42.572515,11.009859,34.580488
0.479669,3.046013,56.494901,0.0,23.953059,27.395101,17.158299,6.053725,10.881624,28.733309,9.868245,33.679133
0.133443,1.095515,38.158528,3.913339,0.0,5.273053,3.153795,10.802736,9.479037,0.0,2.813917,4.735672
0.054117,11.275573,76.614155,12.240947,3.351872,0.0,5.657467,19.279347,31.387685,8.266237,9.030832,7.289059
0.0,2.569165,27.056408,5.331995,17.419101,8.869408,0.0,5.333976,3.145339,2.974597,2.040304,11.017336
1.216133,26.830339,111.507485,27.839739,11.198163,25.003307,8.371936,0.0,66.344328,15.743563,34.607397,101.552387
0.842165,17.345779,67.969659,34.47052,13.670029,37.684877,7.915632,67.291731,0.0,41.676864,35.191651,78.83572
0.0,0.145323,0.490131,2.793765,0.170712,0.619632,0.029259,9.584693,52.485272,0.0,40.075315,0.220491
0.119776,9.905877,17.166888,4.062928,4.400509,11.302256,2.508805,23.714299,9.364629,21.11596,0.0,7.921261
0.629243,98.472741,126.537227,61.643733,41.926536,38.130776,23.424931,102.764,132.154499,14.707136,32.327523,0.0
