3581.449697
0.110147,1,3
0.026667,1,4
0.082507,1,5
0.026667,1,6
0.026667,1,7
0.121005,1,8
0.111493,1,11
0.400352,1,12
0.056683,2,1
10.752773,2,3
6.914944,2,4
25.101509,2,5
15.85112,2,6
1.891947,2,7
900.357733,2,8
4.605171,2,9
0.028971,2,10
6.036955,2,11
29.724928,2,12
0.509256,3,1
18.389611,3,2
28.648067,3,4
4.764488,3,5
19.201997,3,6
6.496269,3,7
59.875088,3,8
6.266413,3,9
0.896963,3,10
11.351685,3,11
19.499336,3,12
0.22784,4,1
8.188208,4,2
38.549093,4,3
12.695237,4,5
46.016131,4,6
19.489171,4,7
11.386104,4,8
16.239581,4,9
6.323179,4,10
12.338293,4,11
47.351461,4,12
2.641568,5,1
5.545491,5,2
8.782845,5,3
1.570592,5,4
1.001184,5,6
0.642067,5,7
9.554355,5,8
3.193779,5,9
1.812376,5,11
11.504811,5,12
39.479987,6,2
62.785749,6,3
15.803147,6,4
2.24592,6,5
2.446499,6,7
57.839747,6,8
25.358229,6,9
0.406589,6,10
19.654347,6,11
15.399467,6,12
0.028859,7,1
2.777579,7,2
19.921773,7,3
12.376395,7,4
5.517683,7,5
10.9516,7,6
31.196061,7,8
1.294976,7,9
2.205659,7,10
9.236531,7,11
8.746179,7,12
28.143365,8,2
130.07084,8,3
32.226728,8,4
6.874723,8,5
31.434155,8,6
4.667051,8,7
42.120779,8,9
13.260376,8,10
34.539288,8,11
72.034837,8,12
0.026667,9,1
26.201189,9,2
34.212456,9,3
21.425877,9,4
11.192592,9,5
20.063365,9,6
11.672579,9,7
89.596456,9,8
1.282576,9,10
29.758867,9,11
52.505888,9,12
0.187907,10,2
0.35776,10,3
5.903768,10,4
0.053333,10,5
4.566384,10,6
0.026667,10,7
38.667779,10,8
0.549272,10,9
33.260219,10,11
0.212219,10,12
0.026667,11,1
10.961491,11,2
10.321109,11,3
3.334344,11,4
2.279637,11,5
4.748061,11,6
3.341517,11,7
451.321093,11,8
5.895771,11,9
6.407323,11,10
7.916237,11,12
1.84936,12,1
64.281088,12,2
92.9624,12,3
44.742712,12,4
30.637437,12,5
44.816381,12,6
14.005747,12,7
76.981224,12,8
97.759896,12,9
3.389267,12,10
37.521219,12,11
succeed
0.0,0.0,0.110147,0.026667,0.082507,0.026667,0.026667,0.121005,0.0,0.0,0.111493,0.400352
0.056683,0.0,10.752773,6.914944,25.101509,15.85112,1.891947,900.357733,4.605171,0.028971,6.036955,29.724928
0.509256,18.389611,0.0,28.648067,4.764488,19.201997,6.496269,59.875088,6.266413,0.896963,11.351685,19.499336
0.22784,8.188208,38.549093,0.0,12.695237,46.016131,19.489171,11.386104,16.239581,6.323179,12.338293,47.351461
2.641568,5.545491,8.782845,1.570592,0.0,1.001184,0.642067,9.554355,3.193779,0.0,1.812376,11.504811
0.0,39.479987,62.785749,15.803147,2.24592,0.0,2.446499,57.839747,25.358229,0.406589,19.654347,15.399467
0.028859,2.777579,19.921773,12.376395,5.517683,10.9516,0.0,31.196061,1.294976,2.205659,9.236531,8.746179
0.0,28.143365,130.07084,32.226728,6.874723,31.434155,4.667051,0.0,42.120779,13.260376,34.539288,72.034837
0.026667,26.201189,34.212456,21.425877,11.192592,20.063365,11.672579,89.596456,0.0,1.282576,29.758867,52.505888
0.0,0.187907,0.35776,5.903768,0.053333,4.566384,0.026667,38.667779,0.549272,0.0,33.260219,0.212219
0.026667,10.961491,10.321109,3.334344,2.279637,4.748061,3.341517,451.321093,5.895771,6.407323,0.0,7.916237
1.84936,64.281088,92.9624,44.742712,30.637437,44.816381,14.005747,76.981224,97.759896,3.389267,37.521219,0.0
