1653.259607
0.095619,1,3
0.026667,1,5
0.026667,1,6
0.667435,1,7
0.523288,1,8
0.053333,1,9
0.083925,1,11
0.798291,1,12
0.055925,2,1
2.692995,2,3
4.223651,2,4
1.052091,2,5
10.210003,2,6
0.359205,2,7
21.213091,2,8
6.832205,2,9
0.227125,2,10
3.634389,2,11
33.840421,2,12
2.221963,3,1
9.664317,3,2
10.279653,3,4
4.331299,3,5
12.300029,3,6
2.519008,3,7
42.692696,3,8
8.332483,3,9
0.106667,3,10
5.217917,3,11
17.210283,3,12
2.130901,4,2
56.175029,4,3
9.975027,4,5
24.139808,4,6
7.951363,4,7
27.182296,4,8
14.847672,4,9
2.269947,4,10
6.651651,4,11
29.132544,4,12
1.830376,5,1
3.708643,5,2
10.264152,5,3
0.302733,5,4
0.646832,5,6
0.576075,5,7
4.940344,5,8
4.99976,5,9
0.993136,5,11
2.229213,5,12
10.735733,6,2
51.387237,6,3
13.43848,6,4
0.192384,6,5
1.634451,6,7
14.57052,6,8
23.223195,6,9
0.106667,6,10
13.368845,6,11
4.454888,6,12
0.026667,7,1
1.17692,7,2
10.515933,7,3
9.432507,7,4
2.041848,7,5
8.296395,7,6
9.896797,7,8
2.590469,7,9
0.136051,7,10
6.139789,7,11
8.621269,7,12
0.127301,8,1
14.513845,8,2
105.180192,8,3
20.046563,8,4
13.69028,8,5
7.805571,8,6
4.363136,8,7
53.798941,8,9
8.437819,8,10
27.318451,8,11
11.06108,8,12
0.088339,9,1
12.499139,9,2
16.27736,9,3
27.056451,9,4
5.569448,9,5
11.118784,9,6
5.885048,9,7
72.214821,9,8
0.678488,9,10
31.318371,9,11
30.328037,9,12
0.026667,10,3
6.420765,10,4
0.029333,10,5
0.347805,10,6
0.026667,10,7
22.522904,10,8
0.518293,10,9
16.721568,10,11
0.104611,11,1
6.000403,11,2
27.033981,11,3
3.146427,11,4
2.053603,11,5
3.733515,11,6
3.418248,11,7
14.371685,11,8
12.051624,11,9
1.041149,11,10
6.585917,11,12
0.376536,12,1
42.702632,12,2
68.382829,12,3
39.824712,12,4
18.308235,12,5
33.316387,12,6
19.876141,12,7
56.478152,12,8
114.985637,12,9
0.464083,12,10
48.584445,12,11
succeed
0.0,0.0,0.095619,0.0,0.026667,0.026667,0.667435,0.523288,0.053333,0.0,0.083925,0.798291
0.055925,0.0,2.692995,4.223651,1.052091,10.210003,0.359205,21.213091,6.832205,0.227125,3.634389,33.840421
2.221963,9.664317,0.0,10.279653,4.331299,12.300029,2.519008,42.692696,8.332483,0.106667,5.217917,17.210283
0.0,2.130901,56.175029,0.0,9.975027,24.139808,7.951363,27.182296,14.847672,2.269947,6.651651,29.132544
1.830376,3.708643,10.264152,0.302733,0.0,0.646832,0.576075,4.940344,4.99976,0.0,0.993136,2.229213
0.0,10.735733,51.387237,13.43848,0.192384,0.0,1.634451,14.57052,23.223195,0.106667,13.368845,4.454888
0.026667,1.17692,10.515933,9.432507,2.041848,8.296395,0.0,9.896797,2.590469,0.136051,6.139789,8.621269
0.127301,14.513845,105.180192,20.046563,13.69028,7.805571,4.363136,0.0,53.798941,8.437819,27.318451,11.06108
0.088339,12.499139,16.27736,27.056451,5.569448,11.118784,5.885048,72.214821,0.0,0.678488,31.318371,30.328037
0.0,0.0,0.026667,6.420765,0.029333,0.347805,0.026667,22.522904,0.518293,0.0,16.721568,0.0
0.104611,6.000403,27.033981,3.146427,2.053603,3.733515,3.418248,14.371685,12.051624,1.041149,0.0,6.585917
0.376536,42.702632,68.382829,39.824712,18.308235,33.316387,19.876141,56.478152,114.985637,0.464083,48.584445,0.0
