2938.012647
0.280589,1,2
0.658165,1,3
0.186661,1,4
0.181203,1,5
0.254315,1,6
0.849864,1,7
0.298941,1,8
1.185568,1,9
0.026667,1,10
0.112949,1,11
1.1506,1,12
0.730267,2,1
28.861139,2,3
4.697488,2,4
19.317645,2,5
26.756725,2,6
5.010339,2,7
8.649189,2,8
34.257461,2,9
0.5702,2,10
4.708093,2,11
73.393477,2,12
1.290464,3,1
10.968592,3,2
5.175907,3,4
10.528709,3,5
13.537504,3,6
15.755872,3,7
19.263067,3,8
7.909267,3,9
2.96032,3,10
5.392048,3,11
7.763661,3,12
0.199739,4,1
5.909088,4,2
80.907627,4,3
18.231883,4,5
30.320448,4,6
17.195397,4,7
8.376032,4,8
22.094197,4,9
11.957296,4,10
10.705485,4,11
58.309171,4,12
1.309152,5,1
4.73996,5,2
45.636416,5,3
10.054371,5,4
7.037936,5,6
4.172016,5,7
96.82236,5,8
7.020277,5,9
0.442069,5,10
2.930797,5,11
7.280664,5,12
0.486283,6,1
21.950616,6,2
123.143477,6,3
8.956541,6,4
9.344376,6,5
12.966739,6,7
70.669141,6,8
46.080627,6,9
1.336208,6,10
9.635616,6,11
27.896736,6,12
0.414027,7,1
6.650245,7,2
38.810261,7,3
7.270581,7,4
2.211104,7,5
17.454053,7,6
4.867341,7,8
13.523275,7,9
1.066165,7,10
2.424144,7,11
7.700349,7,12
0.53516,8,1
18.551688,8,2
165.221613,8,3
9.044728,8,4
20.553808,8,5
38.976997,8,6
5.827123,8,7
59.801773,8,9
8.327861,8,10
22.042723,8,11
50.085032,8,12
4.727803,9,1
35.101208,9,2
106.760667,9,3
32.573613,9,4
20.501344,9,5
43.089059,9,6
19.765597,9,7
56.619645,9,8
4.515536,9,10
32.996925,9,11
79.421101,9,12
0.042627,10,1
0.352445,10,2
7.231352,10,3
5.829112,10,4
0.337885,10,5
1.023555,10,6
1.367621,10,7
32.432557,10,8
1.371349,10,9
55.916155,10,11
0.546829,10,12
0.795365,11,1
10.333155,11,2
86.930096,11,3
5.731763,11,4
8.239872,11,5
19.970843,11,6
6.68908,11,7
19.651885,11,8
21.729715,11,9
7.745635,11,10
23.828864,11,12
0.265952,12,1
123.489128,12,2
78.695477,12,3
49.260051,12,4
12.910011,12,5
52.848157,12,6
37.209859,12,7
56.556584,12,8
147.079867,12,9
4.444075,12,10
22.92148,12,11
succeed
0.0,0.280589,0.658165,0.186661,0.181203,0.254315,0.849864,0.298941,1.185568,0.026667,0.112949,1.1506
0.730267,0.0,28.861139,4.697488,19.317645,26.756725,5.010339,8.649189,34.257461,0.5702,4.708093,73.393477
1.290464,10.968592,0.0,5.175907,10.528709,13.537504,15.755872,19.263067,7.909267,2.96032,5.392048,7.763661
0.199739,5.909088,80.907627,0.0,18.231883,30.320448,17.195397,8.376032,22.094197,11.957296,10.705485,58.309171
1.309152,4.73996,45.636416,10.054371,0.0,7.037936,4.172016,96.82236,7.020277,0.442069,2.930797,7.280664
0.486283,21.950616,123.143477,8.956541,9.344376,0.0,12.966739,70.669141,46.080627,1.336208,9.635616,27.896736
0.414027,6.650245,38.810261,7.270581,2.211104,17.454053,0.0,4.867341,13.523275,1.066165,2.424144,7.700349
0.53516,18.551688,165.221613,9.044728,20.553808,38.976997,5.827123,0.0,59.801773,8.327861,22.042723,50.085032
4.727803,35.101208,106.760667,32.573613,20.501344,43.089059,19.765597,56.619645,0.0,4.515536,32.996925,79.421101
0.042627,0.352445,7.231352,5.829112,0.337885,1.023555,1.367621,32.432557,1.371349,0.0,55.916155,0.546829
0.795365,10.333155,86.930096,5.731763,8.239872,19.970843,6.68908,19.651885,21.729715,7.745635,0.0,23.828864
0.265952,123.489128,78.695477,49.260051,12.910011,52.848157,37.209859,56.556584,147.079867,4.444075,22.92148,0.0
