2999.01765
0.053333,1,2
0.667915,1,3
0.473269,1,5
0.549987,1,6
1.466835,1,7
0.114181,1,9
1.568883,1,12
25.338032,2,3
0.05664,2,4
46.149968,2,5
28.550155,2,6
8.463949,2,7
0.053333,2,8
18.078056,2,9
0.182717,2,11
38.273021,2,12
44.102091,3,2
18.827539,3,4
162.559027,3,5
40.416568,3,6
15.539579,3,7
0.439592,3,8
32.195589,3,9
0.053333,3,10
3.356571,3,11
38.146717,3,12
5.129155,4,2
54.719811,4,3
46.649947,4,5
48.360624,4,6
15.028557,4,7
1.066283,4,8
28.086693,4,9
7.001787,4,10
0.109744,4,11
39.195645,4,12
25.042891,5,2
2.725856,5,3
0.026667,5,4
0.031328,5,6
0.026667,5,7
0.026667,5,8
3.832899,5,9
0.459277,5,11
92.206421,5,12
15.354219,6,2
126.22104,6,3
12.347752,6,4
108.570027,6,5
22.692539,6,7
0.026667,6,8
56.370768,6,9
0.026667,6,10
3.959971,6,11
31.434267,6,12
3.907413,7,2
20.551816,7,3
9.985395,7,4
18.939277,7,5
13.169685,7,6
0.053333,7,8
12.798995,7,9
0.065005,7,11
10.907251,7,12
15.654928,8,2
9.662373,8,3
10.182976,8,4
172.286821,8,5
0.187259,8,6
0.100203,8,7
87.317557,8,9
9.862456,8,10
29.141019,8,11
87.166709,8,12
34.002795,9,2
69.259616,9,3
39.825928,9,4
143.622019,9,5
37.246501,9,6
18.699037,9,7
0.484944,9,8
3.830437,9,11
62.929093,9,12
0.384232,10,2
0.154363,10,3
1.428923,10,4
2.812397,10,5
0.164168,10,7
36.708048,10,8
4.754069,10,9
49.958107,10,11
0.718059,10,12
7.526232,11,2
4.334125,11,3
4.407573,11,4
42.933376,11,5
3.296837,11,7
26.667427,11,8
6.856659,11,9
7.986867,11,10
7.229992,11,12
57.970904,12,2
87.021139,12,3
0.88708,12,4
224.084413,12,5
52.476965,12,6
21.018315,12,7
0.266016,12,8
140.182933,12,9
0.053333,12,10
12.486541,12,11
succeed
0.0,0.053333,0.667915,0.0,0.473269,0.549987,1.466835,0.0,0.114181,0.0,0.0,1.568883
0.0,0.0,25.338032,0.05664,46.149968,28.550155,8.463949,0.053333,18.078056,0.0,0.182717,38.273021
0.0,44.102091,0.0,18.827539,162.559027,40.416568,15.539579,0.439592,32.195589,0.053333,3.356571,38.146717
0.0,5.129155,54.719811,0.0,46.649947,48.360624,15.028557,1.066283,28.086693,7.001787,0.109744,39.195645
0.0,25.042891,2.725856,0.026667,0.0,0.031328,0.026667,0.026667,3.832899,0.0,0.459277,92.206421
0.0,15.354219,126.22104,12.347752,108.570027,0.0,22.692539,0.026667,56.370768,0.026667,3.959971,31.434267
0.0,3.907413,20.551816,9.985395,18.939277,13.169685,0.0,0.053333,12.798995,0.0,0.065005,10.907251
0.0,15.654928,9.662373,10.182976,172.286821,0.187259,0.100203,0.0,87.317557,9.862456,29.141019,87.166709
0.0,34.002795,69.259616,39.825928,143.622019,37.246501,18.699037,0.484944,0.0,0.0,3.830437,62.929093
0.0,0.384232,0.154363,1.428923,2.812397,0.0,0.164168,36.708048,4.754069,0.0,49.958107,0.718059
0.0,7.526232,4.334125,4.407573,42.933376,0.0,3.296837,26.667427,6.856659,7.986867,0.0,7.229992
0.0,57.970904,87.021139,0.88708,224.084413,52.476965,21.018315,0.266016,140.182933,0.053333,12.486541,0.0
