2481.388883
0.118664,1,2
0.035237,1,4
0.041768,1,5
0.210069,1,6
0.16508,1,7
0.170048,1,8
0.986768,1,9
0.026667,1,11
0.866224,1,12
0.283165,2,1
7.904832,2,3
2.867547,2,4
43.20092,2,5
22.700539,2,6
3.952181,2,7
14.163171,2,8
8.229613,2,9
0.596987,2,10
3.988917,2,11
56.799355,2,12
0.053333,3,1
15.359219,3,2
8.368989,3,4
11.563085,3,5
52.032253,3,6
6.398448,3,7
27.646797,3,8
18.618344,3,9
2.063259,3,10
6.145707,3,11
35.481096,3,12
0.254965,4,1
3.391035,4,2
58.980523,4,3
20.027608,4,5
27.320707,4,6
29.478197,4,7
10.279995,4,8
15.298403,4,9
17.599192,4,10
12.011992,4,11
51.390531,4,12
0.124811,5,1
6.314752,5,2
13.469432,5,3
1.403552,5,4
2.420509,5,6
4.57884,5,7
2.413125,5,8
11.146888,5,9
0.301739,5,10
0.632968,5,11
9.098805,5,12
0.176613,6,1
18.629755,6,2
68.787701,6,3
10.225077,6,4
27.650336,6,5
3.869179,6,7
11.91332,6,8
17.020352,6,9
1.940352,6,10
11.980037,6,11
23.347003,6,12
0.440067,7,1
2.142272,7,2
14.804709,7,3
9.722776,7,4
4.136811,7,5
19.37568,7,6
3.740987,7,8
5.054827,7,9
2.136659,7,10
3.839344,7,11
21.834355,7,12
0.153227,8,1
10.577787,8,2
98.691261,8,3
24.335064,8,4
7.499176,8,5
21.793032,8,6
4.522544,8,7
48.355363,8,9
35.01248,8,10
19.268987,8,11
74.054693,8,12
0.355736,9,1
25.882363,9,2
26.405464,9,3
39.756909,9,4
9.905933,9,5
40.038096,9,6
11.023933,9,7
56.913728,9,8
2.962112,9,10
27.965563,9,11
89.074717,9,12
0.08,10,2
0.078667,10,3
2.801856,10,4
0.092491,10,5
0.270317,10,6
0.411491,10,7
30.300512,10,8
0.917989,10,9
30.869389,10,11
1.180456,10,12
0.310765,11,1
9.878229,11,2
50.65792,11,3
1.658413,11,4
4.920608,11,5
11.051763,11,6
3.311088,11,7
12.569443,11,8
9.536355,11,9
4.158848,11,10
14.678829,11,12
1.166499,12,1
129.455949,12,2
83.692501,12,3
54.705701,12,4
35.418696,12,5
81.247909,12,6
26.330445,12,7
45.554499,12,8
174.821659,12,9
4.26584,12,10
48.700525,12,11
succeed
0.0,0.118664,0.0,0.035237,0.041768,0.210069,0.16508,0.170048,0.986768,0.0,0.026667,0.866224
0.283165,0.0,7.904832,2.867547,43.20092,22.700539,3.952181,14.163171,8.229613,0.596987,3.988917,56.799355
0.053333,15.359219,0.0,8.368989,11.563085,52.032253,6.398448,27.646797,18.618344,2.063259,6.145707,35.481096
0.254965,3.391035,58.980523,0.0,20.027608,27.320707,29.478197,10.279995,15.298403,17.599192,12.011992,51.390531
0.124811,6.314752,13.469432,1.403552,0.0,2.420509,4.57884,2.413125,11.146888,0.301739,0.632968,9.098805
0.176613,18.629755,68.787701,10.225077,27.650336,0.0,3.869179,11.91332,17.020352,1.940352,11.980037,23.347003
0.440067,2.142272,14.804709,9.722776,4.136811,19.37568,0.0,3.740987,5.054827,2.136659,3.839344,21.834355
0.153227,10.577787,98.691261,24.335064,7.499176,21.793032,4.522544,0.0,48.355363,35.01248,19.268987,74.054693
0.355736,25.882363,26.405464,39.756909,9.905933,40.038096,11.023933,56.913728,0.0,2.962112,27.965563,89.074717
0.0,0.08,0.078667,2.801856,0.092491,0.270317,0.411491,30.300512,0.917989,0.0,30.869389,1.180456
0.310765,9.878229,50.65792,1.658413,4.920608,11.051763,3.311088,12.569443,9.536355,4.158848,0.0,14.678829
1.166499,129.455949,83.692501,54.705701,35.418696,81.247909,26.330445,45.554499,174.821659,4.26584,48.700525,0.0
