5865.156384
0.148,1,2
0.696229,1,3
0.201931,1,4
0.107237,1,5
0.851083,1,6
0.137877,1,7
0.693787,1,8
0.619613,1,9
0.134347,1,10
0.026667,1,11
1.012011,1,12
0.268875,2,1
21.805248,2,3
4.591997,2,4
4.769243,2,5
18.123832,2,6
5.943315,2,7
17.86852,2,8
7.021539,2,9
0.88168,2,10
4.970083,2,11
37.613005,2,12
0.979411,3,1
18.773336,3,2
21.486379,3,4
46.776973,3,5
67.008635,3,6
22.392981,3,7
2048.11696,3,8
19.084475,3,9
4.379656,3,10
11.579376,3,11
39.13168,3,12
0.386523,4,1
8.558072,4,2
78.266824,4,3
14.909243,4,5
34.522285,4,6
28.146725,4,7
10.449067,4,8
18.297528,4,9
12.146611,4,10
17.468987,4,11
40.704579,4,12
3.015008,5,1
3.596397,5,2
17.212933,5,3
3.847467,5,4
8.323739,5,6
4.968051,5,7
8.379075,5,8
3.401976,5,9
1.670888,5,10
1.920032,5,11
11.825637,5,12
0.562531,6,1
16.601656,6,2
95.333251,6,3
26.924155,6,4
9.935232,6,5
9.162416,6,7
70.781939,6,8
68.258693,6,9
1.622667,6,10
8.071061,6,11
40.898477,6,12
0.472269,7,1
2.276389,7,2
20.615563,7,3
10.007024,7,4
3.844952,7,5
13.826288,7,6
6.722693,7,8
4.806496,7,9
1.217923,7,10
1.21184,7,11
16.637909,7,12
1.756861,8,1
16.297053,8,2
1068.221147,8,3
16.373501,8,4
16.673467,8,5
38.167123,8,6
10.501013,8,7
80.085477,8,9
5.805592,8,10
18.910904,8,11
87.017333,8,12
4.652163,9,1
24.242675,9,2
50.190211,9,3
27.357832,9,4
17.079885,9,5
50.282699,9,6
17.261011,9,7
89.359557,9,8
2.882867,9,10
23.968195,9,11
135.431893,9,12
0.365509,10,1
0.08,10,2
3.134323,10,3
5.869312,10,4
0.848045,10,5
5.205461,10,6
4.724829,10,7
33.455232,10,8
0.557661,10,9
51.684088,10,11
0.100661,10,12
0.265085,11,1
8.221256,11,2
12.266112,11,3
5.704075,11,4
5.819384,11,5
8.369261,11,6
2.177771,11,7
21.821133,11,8
4.971301,11,9
5.341717,11,10
6.051835,11,12
1.797456,12,1
72.965507,12,2
94.260819,12,3
69.288515,12,4
16.768659,12,5
52.760787,12,6
37.765816,12,7
117.192637,12,8
180.699173,12,9
4.859461,12,10
37.239992,12,11
succeed
0.0,0.148,0.696229,0.201931,0.107237,0.851083,0.137877,0.693787,0.619613,0.134347,0.026667,1.012011
0.268875,0.0,21.805248,4.591997,4.769243,18.123832,5.943315,17.86852,7.021539,0.88168,4.970083,37.613005
0.979411,18.773336,0.0,21.486379,46.776973,67.008635,22.392981,2048.11696,19.084475,4.379656,11.579376,39.13168
0.386523,8.558072,78.266824,0.0,14.909243,34.522285,28.146725,10.449067,18.297528,12.146611,17.468987,40.704579
3.015008,3.596397,17.212933,3.847467,0.0,8.323739,4.968051,8.379075,3.401976,1.670888,1.920032,11.825637
0.562531,16.601656,95.333251,26.924155,9.935232,0.0,9.162416,70.781939,68.258693,1.622667,8.071061,40.898477
0.472269,2.276389,20.615563,10.007024,3.844952,13.826288,0.0,6.722693,4.806496,1.217923,1.21184,16.637909
1.756861,16.297053,1068.221147,16.373501,16.673467,38.167123,10.501013,0.0,80.085477,5.805592,18.910904,87.017333
4.652163,24.242675,50.190211,27.357832,17.079885,50.282699,17.261011,89.359557,0.0,2.882867,23.968195,135.431893
0.365509,0.08,3.134323,5.869312,0.848045,5.205461,4.724829,33.455232,0.557661,0.0,51.684088,0.100661
0.265085,8.221256,12.266112,5.704075,5.819384,8.369261,2.177771,21.821133,4.971301,5.341717,0.0,6.051835
1.797456,72.965507,94.260819,69.288515,16.768659,52.760787,37.765816,117.192637,180.699173,4.859461,37.239992,0.0
