2112.800721
0.053333,1,2
0.055317,1,3
0.105392,1,5
0.370704,1,6
0.948131,1,8
0.028139,1,11
0.155016,1,12
0.053333,2,1
8.459629,2,3
4.907957,2,4
1.150645,2,5
13.718192,2,6
0.69032,2,7
19.965539,2,8
9.472283,2,9
0.052171,2,10
5.001208,2,11
35.001853,2,12
0.067987,3,1
10.784309,3,2
7.579149,3,4
5.376965,3,5
23.601789,3,6
8.448608,3,7
27.503091,3,8
41.431701,3,9
0.906989,3,10
7.392955,3,11
45.848888,3,12
0.208408,4,1
11.69388,4,2
45.406936,4,3
18.683635,4,5
26.54832,4,6
15.060224,4,7
19.023445,4,8
22.30592,4,9
7.233992,4,10
13.970069,4,11
40.998253,4,12
3.725309,5,1
14.702392,5,2
16.483624,5,3
0.723571,5,4
1.849795,5,6
7.234216,5,7
11.813648,5,8
2.449765,5,9
0.162667,5,10
4.704368,5,11
1.187072,5,12
11.59484,6,2
62.691013,6,3
3.528648,6,4
0.824152,6,5
6.096115,6,7
33.022528,6,8
44.089728,6,9
0.779109,6,10
5.94704,6,11
26.950845,6,12
2.527325,7,2
24.613939,7,3
15.005821,7,4
4.368144,7,5
6.625197,7,6
3.632792,7,8
2.673832,7,9
1.063251,7,10
0.981595,7,11
10.256043,7,12
2.076717,8,1
23.514459,8,2
74.211171,8,3
6.331544,8,4
8.124045,8,5
34.505235,8,6
4.689155,8,7
85.206184,8,9
10.818355,8,10
37.687429,8,11
83.869013,8,12
0.216915,9,1
13.825315,9,2
42.696235,9,3
28.173659,9,4
6.609933,9,5
28.014032,9,6
7.507435,9,7
75.718395,9,8
3.530491,9,10
31.716227,9,11
43.180235,9,12
0.08,10,2
2.335784,10,3
1.147011,10,4
0.053333,10,5
0.166075,10,6
42.926875,10,8
0.17624,10,9
42.390141,10,11
0.026667,10,12
7.945315,11,2
10.280368,11,3
3.809608,11,4
1.805851,11,5
9.333459,11,6
5.043611,11,7
21.980336,11,8
9.241339,11,9
5.614608,11,10
7.913869,11,12
92.651573,12,2
46.790509,12,3
43.221605,12,4
17.126309,12,5
24.666117,12,6
7.029432,12,7
87.069101,12,8
112.513328,12,9
1.257552,12,10
23.409467,12,11
succeed
0.0,0.053333,0.055317,0.0,0.105392,0.370704,0.0,0.948131,0.0,0.0,0.028139,0.155016
0.053333,0.0,8.459629,4.907957,1.150645,13.718192,0.69032,19.965539,9.472283,0.052171,5.001208,35.001853
0.067987,10.784309,0.0,7.579149,5.376965,23.601789,8.448608,27.503091,41.431701,0.906989,7.392955,45.848888
0.208408,11.69388,45.406936,0.0,18.683635,26.54832,15.060224,19.023445,22.30592,7.233992,13.970069,40.998253
3.725309,14.702392,16.483624,0.723571,0.0,1.849795,7.234216,11.813648,2.449765,0.162667,4.704368,1.187072
0.0,11.59484,62.691013,3.528648,0.824152,0.0,6.096115,33.022528,44.089728,0.779109,5.94704,26.950845
0.0,2.527325,24.613939,15.005821,4.368144,6.625197,0.0,3.632792,2.673832,1.063251,0.981595,10.256043
2.076717,23.514459,74.211171,6.331544,8.124045,34.505235,4.689155,0.0,85.206184,10.818355,37.687429,83.869013
0.216915,13.825315,42.696235,28.173659,6.609933,28.014032,7.507435,75.718395,0.0,3.530491,31.716227,43.180235
0.0,0.08,2.335784,1.147011,0.053333,0.166075,0.0,42.926875,0.17624,0.0,42.390141,0.026667
0.0,7.945315,10.280368,3.809608,1.805851,9.333459,5.043611,21.980336,9.241339,5.614608,0.0,7.913869
0.0,92.651573,46.790509,43.221605,17.126309,24.666117,7.029432,87.069101,112.513328,1.257552,23.409467,0.0
