2586.858304
0.046747,1,2
0.740349,1,3
0.142912,1,5
0.274904,1,6
0.026667,1,7
0.200797,1,8
0.053333,1,9
0.013333,1,10
0.147541,1,11
1.505499,1,12
0.113045,2,1
15.044373,2,3
4.575027,2,4
25.780056,2,5
13.076752,2,6
1.390627,2,7
8.144949,2,8
7.231243,2,9
4.176485,2,10
2.483848,2,11
69.937339,2,12
0.16628,3,1
9.59768,3,2
18.611568,3,4
7.314013,3,5
19.393885,3,6
5.889488,3,7
33.045464,3,8
14.707048,3,9
26.572053,3,10
7.606229,3,11
66.721435,3,12
4.070205,4,2
77.636797,4,3
15.368853,4,5
29.451259,4,6
15.455032,4,7
5.470581,4,8
15.848325,4,9
19.471523,4,10
6.394909,4,11
37.586171,4,12
0.026667,5,1
5.902376,5,2
43.311997,5,3
1.910219,5,4
2.87672,5,6
1.763219,5,7
14.316085,5,8
7.067872,5,9
0.067851,5,10
1.445896,5,11
5.574552,5,12
0.114731,6,1
23.225355,6,2
111.016277,6,3
4.287787,6,4
2.006816,6,5
3.279944,6,7
18.111656,6,8
21.150456,6,9
9.204365,6,10
9.495771,6,11
17.166997,6,12
0.151125,7,1
6.356645,7,2
30.619672,7,3
5.561424,7,4
2.709109,7,5
8.233845,7,6
1.558424,7,8
1.863616,7,9
1.733251,7,10
0.595789,7,11
9.210616,7,12
1.877197,8,1
22.812733,8,2
151.308336,8,3
13.88752,8,4
7.407896,8,5
27.652019,8,6
7.307173,8,7
70.62276,8,9
11.715939,8,10
28.026227,8,11
108.285304,8,12
0.795283,9,1
33.979187,9,2
65.736629,9,3
27.528352,9,4
10.124963,9,5
35.660376,9,6
8.143747,9,7
26.974405,9,8
27.254608,9,10
21.948848,9,11
71.585803,9,12
0.209056,10,2
1.967264,10,3
17.673165,10,4
0.187259,10,5
0.637829,10,6
0.503211,10,7
3.9046,10,8
27.9846,10,9
32.892248,10,11
0.695501,10,12
0.069051,11,1
9.767109,11,2
29.130339,11,3
3.547928,11,4
1.833285,11,5
10.606307,11,6
1.189528,11,7
12.864011,11,8
30.695373,11,9
23.886309,11,10
8.725707,11,12
0.233472,12,1
109.168451,12,2
123.961552,12,3
45.98804,12,4
21.351328,12,5
19.887861,12,6
17.480952,12,7
87.687365,12,8
156.582896,12,9
10.581629,12,10
30.928024,12,11
succeed
0.0,0.046747,0.740349,0.0,0.142912,0.274904,0.026667,0.200797,0.053333,0.013333,0.147541,1.505499
0.113045,0.0,15.044373,4.575027,25.780056,13.076752,1.390627,8.144949,7.231243,4.176485,2.483848,69.937339
0.16628,9.59768,0.0,18.611568,7.314013,19.393885,5.889488,33.045464,14.707048,26.572053,7.606229,66.721435
0.0,4.070205,77.636797,0.0,15.368853,29.451259,15.455032,5.470581,15.848325,19.471523,6.394909,37.586171
0.026667,5.902376,43.311997,1.910219,0.0,2.87672,1.763219,14.316085,7.067872,0.067851,1.445896,5.574552
0.114731,23.225355,111.016277,4.287787,2.006816,0.0,3.279944,18.111656,21.150456,9.204365,9.495771,17.166997
0.151125,6.356645,30.619672,5.561424,2.709109,8.233845,0.0,1.558424,1.863616,1.733251,0.595789,9.210616
1.877197,22.812733,151.308336,13.88752,7.407896,27.652019,7.307173,0.0,70.62276,11.715939,28.026227,108.285304
0.795283,33.979187,65.736629,27.528352,10.124963,35.660376,8.143747,26.974405,0.0,27.254608,21.948848,71.585803
0.0,0.209056,1.967264,17.673165,0.187259,0.637829,0.503211,3.9046,27.9846,0.0,32.892248,0.695501
0.069051,9.767109,29.130339,3.547928,1.833285,10.606307,1.189528,12.864011,30.695373,23.886309,0.0,8.725707
0.233472,109.168451,123.961552,45.98804,21.351328,19.887861,17.480952,87.687365,156.582896,10.581629,30.928024,0.0
