1928.425199
0.550979,1,3
1.024597,1,4
0.069091,1,5
0.08648,1,9
0.026667,1,10
0.053451,1,11
0.991299,1,12
0.093824,2,1
14.263779,2,3
3.404139,2,4
1.073536,2,5
10.993272,2,6
1.703947,2,7
10.609977,2,8
2.190877,2,9
0.088172,2,10
5.246704,2,11
25.187272,2,12
0.1,3,1
11.345552,3,2
4.576523,3,4
10.536768,3,5
18.592603,3,6
19.143107,3,7
31.791187,3,8
22.553115,3,9
0.425197,3,10
10.157056,3,11
16.407888,3,12
0.031744,4,1
4.855024,4,2
38.677957,4,3
23.741219,4,5
31.899349,4,6
37.006885,4,7
10.731232,4,8
13.441747,4,9
8.244565,4,10
7.243464,4,11
48.851165,4,12
2.337237,5,1
6.745499,5,2
5.853568,5,3
3.620283,5,4
1.340125,5,6
1.471915,5,7
7.356771,5,8
11.978901,5,9
0.053333,5,10
0.994544,5,11
7.302773,5,12
0.053333,6,1
15.087139,6,2
26.244024,6,3
16.642181,6,4
0.755824,6,5
5.860789,6,7
16.652349,6,8
5.949971,6,9
0.524147,6,10
8.2962,6,11
6.782253,6,12
4.226757,7,2
7.936603,7,3
5.766819,7,4
5.970243,7,5
15.466032,7,6
6.655229,7,8
2.038019,7,9
2.740005,7,10
1.155784,7,11
11.558963,7,12
0.125581,8,1
19.773712,8,2
44.085397,8,3
7.512491,8,4
4.734736,8,5
13.570875,8,6
4.323333,8,7
24.304704,8,9
24.407219,8,10
32.083853,8,11
83.118973,8,12
2.257808,9,1
16.400557,9,2
15.895445,9,3
25.287928,9,4
8.234016,9,5
8.213309,9,6
4.187197,9,7
53.670133,9,8
0.927965,9,10
26.149509,9,11
42.325493,9,12
0.617043,10,2
0.053336,10,3
10.198344,10,4
0.026667,10,5
0.232427,10,6
37.388139,10,8
0.376832,10,9
36.788643,10,11
0.026667,10,12
0.088667,11,1
9.121995,11,2
16.529944,11,3
1.202392,11,4
1.562003,11,5
8.009085,11,6
3.017925,11,7
9.819461,11,8
12.283387,11,9
10.603251,11,10
8.834371,11,12
0.649971,12,1
116.645627,12,2
63.562328,12,3
66.119747,12,4
20.689637,12,5
42.319629,12,6
25.423427,12,7
103.353387,12,8
166.006733,12,9
2.384136,12,10
29.470741,12,11
succeed
0.0,0.0,0.550979,1.024597,0.069091,0.0,0.0,0.0,0.08648,0.026667,0.053451,0.991299
0.093824,0.0,14.263779,3.404139,1.073536,10.993272,1.703947,10.609977,2.190877,0.088172,5.246704,25.187272
0.1,11.345552,0.0,4.576523,10.536768,18.592603,19.143107,31.791187,22.553115,0.425197,10.157056,16.407888
0.031744,4.855024,38.677957,0.0,23.741219,31.899349,37.006885,10.731232,13.441747,8.244565,7.243464,48.851165
2.337237,6.745499,5.853568,3.620283,0.0,1.340125,1.471915,7.356771,11.978901,0.053333,0.994544,7.302773
0.053333,15.087139,26.244024,16.642181,0.755824,0.0,5.860789,16.652349,5.949971,0.524147,8.2962,6.782253
0.0,4.226757,7.936603,5.766819,5.970243,15.466032,0.0,6.655229,2.038019,2.740005,1.155784,11.558963
0.125581,19.773712,44.085397,7.512491,4.734736,13.570875,4.323333,0.0,24.304704,24.407219,32.083853,83.118973
2.257808,16.400557,15.895445,25.287928,8.234016,8.213309,4.187197,53.670133,0.0,0.927965,26.149509,42.325493
0.0,0.617043,0.053336,10.198344,0.026667,0.232427,0.0,37.388139,0.376832,0.0,36.788643,0.026667
0.088667,9.121995,16.529944,1.202392,1.562003,8.009085,3.017925,9.819461,12.283387,10.603251,0.0,8.834371
0.649971,116.645627,63.562328,66.119747,20.689637,42.319629,25.423427,103.353387,166.006733,2.384136,29.470741,0.0
