3339.9163550000003
0.083696,1,2
0.425181,1,3
0.491667,1,5
1.736941,1,6
0.239293,1,7
1.595845,1,9
0.456435,1,12
21.966035,2,3
36.578477,2,5
33.061672,2,6
18.556584,2,7
12.003485,2,9
0.08,2,10
0.39128,2,11
45.406251,2,12
21.606453,3,2
22.279883,3,4
135.736368,3,5
67.872136,3,6
21.038805,3,7
0.893296,3,8
39.417693,3,9
0.595683,3,10
1.401264,3,11
26.819483,3,12
5.267019,4,2
73.693088,4,3
56.728965,4,5
46.802061,4,6
19.001432,4,7
0.04132,4,8
16.905075,4,9
9.943912,4,10
0.521205,4,11
39.181925,4,12
27.846056,5,2
2.463717,5,3
0.145173,5,6
0.053333,5,7
0.053333,5,8
3.798651,5,9
0.053333,5,10
0.053333,5,11
119.082832,5,12
18.264045,6,2
124.439795,6,3
11.344621,6,4
101.773901,6,5
28.916491,6,7
0.035936,6,8
71.97608,6,9
0.18772,6,10
1.463107,6,11
38.379528,6,12
5.501573,7,2
27.929341,7,3
6.763365,7,4
11.555208,7,5
22.23652,7,6
10.351656,7,9
0.12048,7,11
12.353987,7,12
21.29024,8,2
17.278136,8,3
29.665832,8,4
153.507965,8,5
0.201731,8,6
0.376819,8,7
77.969205,8,9
8.655211,8,10
27.100229,8,11
111.0546,8,12
31.850461,9,2
102.644651,9,3
36.229944,9,4
174.880629,9,5
60.22512,9,6
20.553379,9,7
0.489277,9,8
0.316747,9,10
4.807909,9,11
86.943819,9,12
1.079165,10,2
0.105984,10,3
11.201499,10,4
6.140741,10,5
0.053333,10,7
37.949949,10,8
12.572179,10,9
48.716,10,11
0.593131,10,12
8.280475,11,2
3.613509,11,3
5.540413,11,4
38.656853,11,5
4.822277,11,7
27.369403,11,8
13.981197,11,9
7.744448,11,10
8.903712,11,12
102.325824,12,2
89.057509,12,3
0.187464,12,4
265.60508,12,5
59.699787,12,6
43.109531,12,7
0.053333,12,8
144.989528,12,9
0.215723,12,10
5.343381,12,11
succeed
0.0,0.083696,0.425181,0.0,0.491667,1.736941,0.239293,0.0,1.595845,0.0,0.0,0.456435
0.0,0.0,21.966035,0.0,36.578477,33.061672,18.556584,0.0,12.003485,0.08,0.39128,45.406251
0.0,21.606453,0.0,22.279883,135.736368,67.872136,21.038805,0.893296,39.417693,0.595683,1.401264,26.819483
0.0,5.267019,73.693088,0.0,56.728965,46.802061,19.001432,0.04132,16.905075,9.943912,0.521205,39.181925
0.0,27.846056,2.463717,0.0,0.0,0.145173,0.053333,0.053333,3.798651,0.053333,0.053333,119.082832
0.0,18.264045,124.439795,11.344621,101.773901,0.0,28.916491,0.035936,71.97608,0.18772,1.463107,38.379528
0.0,5.501573,27.929341,6.763365,11.555208,22.23652,0.0,0.0,10.351656,0.0,0.12048,12.353987
0.0,21.29024,17.278136,29.665832,153.507965,0.201731,0.376819,0.0,77.969205,8.655211,27.100229,111.0546
0.0,31.850461,102.644651,36.229944,174.880629,60.22512,20.553379,0.489277,0.0,0.316747,4.807909,86.943819
0.0,1.079165,0.105984,11.201499,6.140741,0.0,0.053333,37.949949,12.572179,0.0,48.716,0.593131
0.0,8.280475,3.613509,5.540413,38.656853,0.0,4.822277,27.369403,13.981197,7.744448,0.0,8.903712
0.0,102.325824,89.057509,0.187464,265.60508,59.699787,43.109531,0.053333,144.989528,0.215723,5.343381,0.0
