2332.5720499999998
0.138773,1,2
0.080373,1,4
0.093896,1,5
0.929133,1,8
0.026667,1,9
0.187176,1,11
2.609232,1,12
0.145859,2,1
6.814683,2,3
4.633072,2,4
36.698141,2,5
28.15408,2,6
5.212205,2,7
10.611284,2,8
10.245131,2,9
0.223903,2,10
5.195008,2,11
22.714669,2,12
0.117061,3,1
13.958757,3,2
11.178987,3,4
7.870173,3,5
89.353253,3,6
10.372555,3,7
40.331368,3,8
43.862683,3,9
2.700803,3,10
8.481819,3,11
27.784589,3,12
1.592587,4,1
2.559464,4,2
51.149485,4,3
23.921389,4,5
27.437584,4,6
37.535272,4,7
16.26244,4,8
8.915629,4,9
8.641955,4,10
17.609939,4,11
39.237059,4,12
1.223032,5,1
5.507528,5,2
6.975533,5,3
1.367981,5,4
1.787325,5,6
7.762104,5,7
2.141469,5,8
5.351395,5,9
5.526512,5,10
1.319781,5,11
2.720413,5,12
11.299368,6,2
43.490624,6,3
8.036843,6,4
23.8916,6,5
4.906861,6,7
13.851592,6,8
16.267112,6,9
0.574888,6,10
14.396811,6,11
18.579837,6,12
0.148184,7,1
3.678419,7,2
16.284053,7,3
9.213525,7,4
6.542704,7,5
12.77476,7,6
8.014064,7,8
4.897344,7,9
2.71324,7,10
4.057651,7,11
12.287304,7,12
0.037544,8,1
17.348488,8,2
45.436995,8,3
11.408067,8,4
11.661576,8,5
11.252725,8,6
1.962352,8,7
73.667283,8,9
37.080875,8,10
37.344453,8,11
23.791024,8,12
1.106493,9,1
13.097341,9,2
30.822227,9,3
32.143621,9,4
18.085784,9,5
25.667672,9,6
10.388608,9,7
70.916933,9,8
2.169984,9,10
45.306448,9,11
44.505675,9,12
0.694005,10,2
1.568795,10,4
0.226584,10,6
0.026667,10,7
42.613587,10,8
0.653128,10,9
38.027893,10,11
0.63632,10,12
0.026667,11,1
8.112147,11,2
32.675763,11,3
3.998115,11,4
1.300837,11,5
10.460051,11,6
4.043403,11,7
17.126003,11,8
14.590741,11,9
3.079683,11,10
10.5674,11,12
0.121931,12,1
103.998872,12,2
96.979392,12,3
55.800853,12,4
68.690573,12,5
59.423016,12,6
10.846099,12,7
57.557653,12,8
177.197477,12,9
3.864637,12,10
39.283597,12,11
succeed
0.0,0.138773,0.0,0.080373,0.093896,0.0,0.0,0.929133,0.026667,0.0,0.187176,2.609232
0.145859,0.0,6.814683,4.633072,36.698141,28.15408,5.212205,10.611284,10.245131,0.223903,5.195008,22.714669
0.117061,13.958757,0.0,11.178987,7.870173,89.353253,10.372555,40.331368,43.862683,2.700803,8.481819,27.784589
1.592587,2.559464,51.149485,0.0,23.921389,27.437584,37.535272,16.26244,8.915629,8.641955,17.609939,39.237059
1.223032,5.507528,6.975533,1.367981,0.0,1.787325,7.762104,2.141469,5.351395,5.526512,1.319781,2.720413
0.0,11.299368,43.490624,8.036843,23.8916,0.0,4.906861,13.851592,16.267112,0.574888,14.396811,18.579837
0.148184,3.678419,16.284053,9.213525,6.542704,12.77476,0.0,8.014064,4.897344,2.71324,4.057651,12.287304
0.037544,17.348488,45.436995,11.408067,11.661576,11.252725,1.962352,0.0,73.667283,37.080875,37.344453,23.791024
1.106493,13.097341,30.822227,32.143621,18.085784,25.667672,10.388608,70.916933,0.0,2.169984,45.306448,44.505675
0.0,0.694005,0.0,1.568795,0.0,0.226584,0.026667,42.613587,0.653128,0.0,38.027893,0.63632
0.026667,8.112147,32.675763,3.998115,1.300837,10.460051,4.043403,17.126003,14.590741,3.079683,0.0,10.5674
0.121931,103.998872,96.979392,55.800853,68.690573,59.423016,10.846099,57.557653,177.197477,3.864637,39.283597,0.0
