2351.824753
0.521675,1,2
1.197317,1,3
0.175723,1,5
0.026667,1,6
0.106667,1,8
0.053333,1,9
0.053333,1,11
0.210635,1,12
0.318467,2,1
8.841715,2,3
3.582131,2,4
33.783725,2,5
18.346885,2,6
0.578715,2,7
15.999031,2,8
5.786288,2,9
0.156385,2,10
3.951109,2,11
30.085755,2,12
0.08,3,1
9.378771,3,2
27.176437,3,4
9.327309,3,5
34.377288,3,6
7.597288,3,7
60.859816,3,8
15.125363,3,9
1.227469,3,10
11.791392,3,11
25.603189,3,12
0.09792,4,1
7.460333,4,2
41.793525,4,3
21.178237,4,5
30.812133,4,6
25.265813,4,7
17.599304,4,8
26.954059,4,9
14.334003,4,10
20.480752,4,11
35.03664,4,12
3.703659,5,1
19.497883,5,2
12.912619,5,3
1.35788,5,4
2.250619,5,6
3.775048,5,7
14.197248,5,8
5.444525,5,9
3.217157,5,11
4.551803,5,12
0.13812,6,1
13.513808,6,2
53.364832,6,3
12.909819,6,4
3.480749,6,5
5.24092,6,7
30.084496,6,8
20.198592,6,9
0.496365,6,10
17.092885,6,11
22.077405,6,12
0.026667,7,1
2.202424,7,2
16.323989,7,3
13.354957,7,4
10.811429,7,5
14.879755,7,6
8.127277,7,8
5.751568,7,9
2.709861,7,10
4.231171,7,11
10.574392,7,12
0.163259,8,1
110.253005,8,2
71.656051,8,3
20.910192,8,4
5.048371,8,5
23.557963,8,6
5.353973,8,7
34.265208,8,9
13.400091,8,10
43.64628,8,11
50.628005,8,12
0.25628,9,1
22.873605,9,2
65.209475,9,3
20.172123,9,4
12.305205,9,5
25.502432,9,6
11.512221,9,7
72.866789,9,8
4.797611,9,10
27.074808,9,11
77.514115,9,12
0.133515,10,2
0.059205,10,3
4.448875,10,4
0.033643,10,5
0.264773,10,6
0.053333,10,7
44.277416,10,8
0.429539,10,9
25.868277,10,11
0.053333,10,12
0.161317,11,1
7.57532,11,2
9.580371,11,3
4.093491,11,4
2.446416,11,5
12.068363,11,6
3.88676,11,7
24.19412,11,8
6.736125,11,9
6.002976,11,10
12.393765,11,12
2.501565,12,1
114.39724,12,2
73.33596,12,3
64.006221,12,4
9.830688,12,5
42.938613,12,6
16.502013,12,7
59.262061,12,8
142.699627,12,9
4.572576,12,10
32.217675,12,11
succeed
0.0,0.521675,1.197317,0.0,0.175723,0.026667,0.0,0.106667,0.053333,0.0,0.053333,0.210635
0.318467,0.0,8.841715,3.582131,33.783725,18.346885,0.578715,15.999031,5.786288,0.156385,3.951109,30.085755
0.08,9.378771,0.0,27.176437,9.327309,34.377288,7.597288,60.859816,15.125363,1.227469,11.791392,25.603189
0.09792,7.460333,41.793525,0.0,21.178237,30.812133,25.265813,17.599304,26.954059,14.334003,20.480752,35.03664
3.703659,19.497883,12.912619,1.35788,0.0,2.250619,3.775048,14.197248,5.444525,0.0,3.217157,4.551803
0.13812,13.513808,53.364832,12.909819,3.480749,0.0,5.24092,30.084496,20.198592,0.496365,17.092885,22.077405
0.026667,2.202424,16.323989,13.354957,10.811429,14.879755,0.0,8.127277,5.751568,2.709861,4.231171,10.574392
0.163259,110.253005,71.656051,20.910192,5.048371,23.557963,5.353973,0.0,34.265208,13.400091,43.64628,50.628005
0.25628,22.873605,65.209475,20.172123,12.305205,25.502432,11.512221,72.866789,0.0,4.797611,27.074808,77.514115
0.0,0.133515,0.059205,4.448875,0.033643,0.264773,0.053333,44.277416,0.429539,0.0,25.868277,0.053333
0.161317,7.57532,9.580371,4.093491,2.446416,12.068363,3.88676,24.19412,6.736125,6.002976,0.0,12.393765
2.501565,114.39724,73.33596,64.006221,9.830688,42.938613,16.502013,59.262061,142.699627,4.572576,32.217675,0.0
