2305.015771
0.235659,1,3
0.260925,1,4
0.02776,1,5
0.762616,1,6
0.126283,1,8
0.383856,1,9
0.242875,1,11
0.886584,1,12
16.80876,2,3
3.745133,2,4
1.141893,2,5
12.084952,2,6
0.748589,2,7
20.005737,2,8
4.936861,2,9
0.047089,2,10
11.163179,2,11
43.452861,2,12
0.820493,3,1
8.073867,3,2
25.062563,3,4
1.343432,3,5
23.880003,3,6
14.602693,3,7
77.594707,3,8
4.907179,3,9
0.586221,3,10
4.95352,3,11
15.043413,3,12
0.07392,4,1
1.398819,4,2
57.484867,4,3
12.488325,4,5
41.030784,4,6
12.335232,4,7
11.892325,4,8
9.281595,4,9
9.537269,4,10
10.465608,4,11
31.010589,4,12
1.918763,5,1
15.00668,5,2
16.321835,5,3
0.982851,5,4
0.865709,5,6
1.411949,5,7
4.132371,5,8
11.920008,5,9
2.810979,5,11
1.409781,5,12
0.026667,6,1
11.933056,6,2
67.682533,6,3
8.161067,6,4
1.371133,6,5
2.275981,6,7
40.702587,6,8
19.890579,6,9
0.188872,6,10
8.807861,6,11
9.655197,6,12
1.148155,7,2
18.717275,7,3
17.089637,7,4
4.858635,7,5
9.349787,7,6
7.539112,7,8
3.483224,7,9
2.823387,7,10
5.391891,7,11
8.881429,7,12
0.405299,8,1
11.049443,8,2
340.118347,8,3
10.073227,8,4
8.609309,8,5
16.604499,8,6
6.477144,8,7
28.244259,8,9
9.810568,8,10
41.601909,8,11
29.286189,8,12
0.575264,9,1
19.975781,9,2
69.055245,9,3
24.634368,9,4
10.220176,9,5
21.571576,9,6
15.119776,9,7
87.328613,9,8
0.357744,9,10
32.284824,9,11
39.239227,9,12
0.026667,10,2
0.184157,10,3
23.353053,10,4
0.114699,10,5
0.280429,10,6
36.831048,10,8
0.163861,10,9
30.495824,10,11
0.151488,10,12
0.453797,11,1
7.381808,11,2
19.228197,11,3
2.656275,11,4
3.127637,11,5
3.932859,11,6
4.550085,11,7
25.021941,11,8
8.663891,11,9
1.998011,11,10
6.987557,11,12
0.63616,12,1
73.915573,12,2
83.644176,12,3
49.865483,12,4
19.421248,12,5
46.250952,12,6
8.452075,12,7
64.235491,12,8
107.612803,12,9
1.213957,12,10
53.833755,12,11
succeed
0.0,0.0,0.235659,0.260925,0.02776,0.762616,0.0,0.126283,0.383856,0.0,0.242875,0.886584
0.0,0.0,16.80876,3.745133,1.141893,12.084952,0.748589,20.005737,4.936861,0.047089,11.163179,43.452861
0.820493,8.073867,0.0,25.062563,1.343432,23.880003,14.602693,77.594707,4.907179,0.586221,4.95352,15.043413
0.07392,1.398819,57.484867,0.0,12.488325,41.030784,12.335232,11.892325,9.281595,9.537269,10.465608,31.010589
1.918763,15.00668,16.321835,0.982851,0.0,0.865709,1.411949,4.132371,11.920008,0.0,2.810979,1.409781
0.026667,11.933056,67.682533,8.161067,1.371133,0.0,2.275981,40.702587,19.890579,0.188872,8.807861,9.655197
0.0,1.148155,18.717275,17.089637,4.858635,9.349787,0.0,7.539112,3.483224,2.823387,5.391891,8.881429
0.405299,11.049443,340.118347,10.073227,8.609309,16.604499,6.477144,0.0,28.244259,9.810568,41.601909,29.286189
0.575264,19.975781,69.055245,24.634368,10.220176,21.571576,15.119776,87.328613,0.0,0.357744,32.284824,39.239227
0.0,0.026667,0.184157,23.353053,0.114699,0.280429,0.0,36.831048,0.163861,0.0,30.495824,0.151488
0.453797,7.381808,19.228197,2.656275,3.127637,3.932859,4.550085,25.021941,8.663891,1.998011,0.0,6.987557
0.63616,73.915573,83.644176,49.865483,19.421248,46.250952,8.452075,64.235491,107.612803,1.213957,53.833755,0.0
