5981.28563
0.592037,1,2
0.900677,1,3
2.041968,1,5
0.519,1,6
0.45528,1,7
0.833155,1,9
0.026667,1,11
1.007181,1,12
32.904419,2,3
0.068088,2,4
66.689293,2,5
37.31112,2,6
4.603419,2,7
0.041371,2,8
18.361493,2,9
0.569285,2,11
73.117256,2,12
35.588061,3,2
24.670387,3,4
165.853104,3,5
66.902101,3,6
21.092749,3,7
2.809584,3,8
52.18112,3,9
0.026667,3,10
2.282696,3,11
94.059453,3,12
11.520728,4,2
66.068827,4,3
53.780317,4,5
39.757048,4,6
15.71268,4,7
0.053333,4,8
17.14144,4,9
10.823736,4,10
0.205949,4,11
46.891579,4,12
44.485835,5,2
1.350603,5,3
0.026667,5,4
0.026667,5,6
0.081891,5,7
0.08,5,8
5.898867,5,9
0.026667,5,10
0.348029,5,11
155.23668,5,12
21.979963,6,2
138.554688,6,3
19.926197,6,4
142.778749,6,5
16.612896,6,7
0.053333,6,8
85.383579,6,9
0.041269,6,10
3.194968,6,11
43.998347,6,12
5.884091,7,2
28.051472,7,3
9.708395,7,4
17.304408,7,5
15.263541,7,6
0.026667,7,8
9.259216,7,9
0.642384,7,11
17.317632,7,12
35.712483,8,2
2115.735627,8,3
37.252299,8,4
200.195176,8,5
0.905891,8,6
0.769419,8,7
102.963181,8,9
12.362619,8,10
38.183587,8,11
141.734163,8,12
36.347576,9,2
95.978307,9,3
42.244573,9,4
165.748632,9,5
64.175803,9,6
17.652136,9,7
0.555645,9,8
14.331723,9,11
119.858904,9,12
0.310205,10,2
0.106667,10,3
2.249635,10,4
7.605456,10,5
0.411808,10,7
42.816885,10,8
4.041808,10,9
55.4126,10,11
1.026077,10,12
12.058283,11,2
2.793939,11,3
7.382499,11,4
43.441616,11,5
0.136035,11,6
4.883173,11,7
35.586344,11,8
14.014499,11,9
12.038877,11,10
10.313067,11,12
92.8996,12,2
119.976672,12,3
8.381157,12,4
251.410195,12,5
73.171491,12,6
16.498355,12,7
0.183253,12,8
156.632427,12,9
0.243963,12,10
11.544331,12,11
succeed
0.0,0.592037,0.900677,0.0,2.041968,0.519,0.45528,0.0,0.833155,0.0,0.026667,1.007181
0.0,0.0,32.904419,0.068088,66.689293,37.31112,4.603419,0.041371,18.361493,0.0,0.569285,73.117256
0.0,35.588061,0.0,24.670387,165.853104,66.902101,21.092749,2.809584,52.18112,0.026667,2.282696,94.059453
0.0,11.520728,66.068827,0.0,53.780317,39.757048,15.71268,0.053333,17.14144,10.823736,0.205949,46.891579
0.0,44.485835,1.350603,0.026667,0.0,0.026667,0.081891,0.08,5.898867,0.026667,0.348029,155.23668
0.0,21.979963,138.554688,19.926197,142.778749,0.0,16.612896,0.053333,85.383579,0.041269,3.194968,43.998347
0.0,5.884091,28.051472,9.708395,17.304408,15.263541,0.0,0.026667,9.259216,0.0,0.642384,17.317632
0.0,35.712483,2115.735627,37.252299,200.195176,0.905891,0.769419,0.0,102.963181,12.362619,38.183587,141.734163
0.0,36.347576,95.978307,42.244573,165.748632,64.175803,17.652136,0.555645,0.0,0.0,14.331723,119.858904
0.0,0.310205,0.106667,2.249635,7.605456,0.0,0.411808,42.816885,4.041808,0.0,55.4126,1.026077
0.0,12.058283,2.793939,7.382499,43.441616,0.136035,4.883173,35.586344,14.014499,12.038877,0.0,10.313067
0.0,92.8996,119.976672,8.381157,251.410195,73.171491,16.498355,0.183253,156.632427,0.243963,11.544331,0.0
