3001.584903
0.356109,1,2
1.297504,1,3
0.074405,1,4
0.198131,1,5
0.378083,1,6
0.194219,1,7
0.372192,1,8
0.91436,1,9
1.944125,1,11
1.407813,1,12
0.309387,2,1
10.358259,2,3
1.865184,2,4
3.09064,2,5
28.200219,2,6
5.805371,2,7
13.274905,2,8
17.153875,2,9
1.070831,2,10
33.499813,2,11
62.655608,2,12
0.367536,3,1
25.586248,3,2
8.16964,3,4
7.531211,3,5
29.025971,3,6
10.638432,3,7
19.721373,3,8
13.805864,3,9
1.999264,3,10
52.952773,3,11
21.956312,3,12
5.083696,4,1
16.065864,4,2
72.419499,4,3
15.851933,4,5
13.934733,4,6
18.957152,4,7
6.926885,4,8
18.344315,4,9
11.955803,4,10
27.557819,4,11
23.982208,4,12
5.762061,5,1
4.613549,5,2
35.423795,5,3
1.543419,5,4
6.807139,5,6
2.827693,5,7
2.420187,5,8
3.673091,5,9
0.157947,5,10
19.37416,5,11
6.511387,5,12
0.364216,6,1
12.924712,6,2
69.209803,6,3
7.877213,6,4
2.39532,6,5
9.916187,6,7
8.666904,6,8
23.645872,6,9
0.536664,6,10
42.898053,6,11
16.972195,6,12
1.026573,7,1
7.815701,7,2
41.752275,7,3
8.873867,7,4
5.534733,7,5
18.973853,7,6
7.160856,7,8
7.151672,7,9
2.660723,7,10
19.439968,7,11
14.444043,7,12
0.097371,8,1
21.841696,8,2
133.68188,8,3
21.22672,8,4
13.594669,8,5
14.154549,8,6
4.668459,8,7
41.406,8,9
22.995949,8,10
79.026205,8,11
89.138821,8,12
4.100293,9,1
32.569717,9,2
26.880987,9,3
16.536485,9,4
6.470989,9,5
19.930963,9,6
16.016584,9,7
52.713584,9,8
1.565136,9,10
28.660901,9,11
87.437571,9,12
0.026667,10,2
0.34544,10,3
5.681408,10,4
0.116259,10,5
0.729984,10,6
0.049147,10,7
7.324248,10,8
0.072533,10,9
22.347077,10,11
0.217424,10,12
4.51568,11,1
55.675096,11,2
96.395613,11,3
18.447203,11,4
28.961205,11,5
82.916752,11,6
51.111565,11,7
23.447083,11,8
21.902784,11,9
2.631384,11,10
92.330557,11,12
0.642819,12,1
180.821779,12,2
86.422003,12,3
64.075797,12,4
18.861685,12,5
51.482595,12,6
19.327664,12,7
70.017499,12,8
157.210872,12,9
1.982352,12,10
74.167805,12,11
succeed
0.0,0.356109,1.297504,0.074405,0.198131,0.378083,0.194219,0.372192,0.91436,0.0,1.944125,1.407813
0.309387,0.0,10.358259,1.865184,3.09064,28.200219,5.805371,13.274905,17.153875,1.070831,33.499813,62.655608
0.367536,25.586248,0.0,8.16964,7.531211,29.025971,10.638432,19.721373,13.805864,1.999264,52.952773,21.956312
5.083696,16.065864,72.419499,0.0,15.851933,13.934733,18.957152,6.926885,18.344315,11.955803,27.557819,23.982208
5.762061,4.613549,35.423795,1.543419,0.0,6.807139,2.827693,2.420187,3.673091,0.157947,19.37416,6.511387
0.364216,12.924712,69.209803,7.877213,2.39532,0.0,9.916187,8.666904,23.645872,0.536664,42.898053,16.972195
1.026573,7.815701,41.752275,8.873867,5.534733,18.973853,0.0,7.160856,7.151672,2.660723,19.439968,14.444043
0.097371,21.841696,133.68188,21.22672,13.594669,14.154549,4.668459,0.0,41.406,22.995949,79.026205,89.138821
4.100293,32.569717,26.880987,16.536485,6.470989,19.930963,16.016584,52.713584,0.0,1.565136,28.660901,87.437571
0.0,0.026667,0.34544,5.681408,0.116259,0.729984,0.049147,7.324248,0.072533,0.0,22.347077,0.217424
4.51568,55.675096,96.395613,18.447203,28.961205,82.916752,51.111565,23.447083,21.902784,2.631384,0.0,92.330557
0.642819,180.821779,86.422003,64.075797,18.861685,51.482595,19.327664,70.017499,157.210872,1.982352,74.167805,0.0
