3071.675623
0.317523,1,2
0.313736,1,3
0.08,1,4
0.173488,1,5
1.457688,1,6
0.11176,1,7
0.132555,1,8
0.425136,1,9
0.311067,1,11
1.26316,1,12
0.680061,2,1
13.789669,2,3
5.893976,2,4
8.114043,2,5
12.176416,2,6
3.998357,2,7
16.065689,2,8
9.619648,2,9
3.153137,2,10
10.406496,2,11
58.527851,2,12
0.408099,3,1
26.217253,3,2
65.073432,3,4
7.865032,3,5
61.668456,3,6
75.918611,3,7
83.857451,3,8
28.763845,3,9
3.162099,3,10
14.349587,3,11
53.494427,3,12
0.732944,4,1
8.952408,4,2
43.313512,4,3
13.122752,4,5
30.347304,4,6
9.915432,4,7
21.816315,4,8
12.941283,4,9
11.987645,4,10
9.012379,4,11
52.744232,4,12
1.385251,5,1
14.102771,5,2
12.992896,5,3
2.875373,5,4
6.597485,5,6
1.862869,5,7
8.668205,5,8
7.093299,5,9
0.273091,5,10
2.348112,5,11
14.886389,5,12
0.654664,6,1
14.879176,6,2
57.255971,6,3
6.680397,6,4
2.835037,6,5
3.516283,6,7
22.780125,6,8
14.546056,6,9
0.919349,6,10
16.544925,6,11
27.584077,6,12
0.053333,7,1
4.915059,7,2
19.159315,7,3
10.393699,7,4
5.980923,7,5
12.584283,7,6
5.342613,7,8
3.604915,7,9
2.922312,7,10
4.315083,7,11
15.853125,7,12
0.174192,8,1
25.972077,8,2
116.888773,8,3
9.391861,8,4
15.648749,8,5
41.478771,8,6
6.655357,8,7
100.512296,8,9
23.428667,8,10
41.728685,8,11
76.604952,8,12
1.572229,9,1
52.029539,9,2
105.413405,9,3
33.078333,9,4
22.124432,9,5
44.791152,9,6
11.583333,9,7
81.362421,9,8
4.114147,9,10
23.276155,9,11
98.343357,9,12
5.120669,10,2
0.996184,10,3
8.719315,10,4
0.134128,10,5
10.346019,10,6
0.782379,10,7
55.27688,10,8
0.339413,10,9
30.219448,10,11
0.682512,10,12
3.70948,11,1
17.669709,11,2
25.116141,11,3
11.763283,11,4
6.375421,11,5
12.224856,11,6
2.774045,11,7
29.322325,11,8
25.599147,11,9
3.294704,11,10
27.236069,11,12
1.019597,12,1
162.031936,12,2
125.716547,12,3
54.162541,12,4
12.103077,12,5
57.563107,12,6
20.428115,12,7
79.526939,12,8
174.300203,12,9
8.234464,12,10
53.631672,12,11
succeed
0.0,0.317523,0.313736,0.08,0.173488,1.457688,0.11176,0.132555,0.425136,0.0,0.311067,1.26316
0.680061,0.0,13.789669,5.893976,8.114043,12.176416,3.998357,16.065689,9.619648,3.153137,10.406496,58.527851
0.408099,26.217253,0.0,65.073432,7.865032,61.668456,75.918611,83.857451,28.763845,3.162099,14.349587,53.494427
0.732944,8.952408,43.313512,0.0,13.122752,30.347304,9.915432,21.816315,12.941283,11.987645,9.012379,52.744232
1.385251,14.102771,12.992896,2.875373,0.0,6.597485,1.862869,8.668205,7.093299,0.273091,2.348112,14.886389
0.654664,14.879176,57.255971,6.680397,2.835037,0.0,3.516283,22.780125,14.546056,0.919349,16.544925,27.584077
0.053333,4.915059,19.159315,10.393699,5.980923,12.584283,0.0,5.342613,3.604915,2.922312,4.315083,15.853125
0.174192,25.972077,116.888773,9.391861,15.648749,41.478771,6.655357,0.0,100.512296,23.428667,41.728685,76.604952
1.572229,52.029539,105.413405,33.078333,22.124432,44.791152,11.583333,81.362421,0.0,4.114147,23.276155,98.343357
0.0,5.120669,0.996184,8.719315,0.134128,10.346019,0.782379,55.27688,0.339413,0.0,30.219448,0.682512
3.70948,17.669709,25.116141,11.763283,6.375421,12.224856,2.774045,29.322325,25.599147,3.294704,0.0,27.236069
1.019597,162.031936,125.716547,54.162541,12.103077,57.563107,20.428115,79.526939,174.300203,8.234464,53.631672,0.0
