2710.720574
0.394512,1,2
0.412784,1,3
0.137389,1,5
0.255304,1,6
0.120264,1,7
0.366816,1,8
1.265363,1,9
0.11408,1,11
2.577757,1,12
1.003507,2,1
18.374901,2,3
8.225093,2,4
5.089237,2,5
19.28612,2,6
4.810659,2,7
15.909556,2,8
5.810845,2,9
1.0381,2,10
6.353448,2,11
59.252819,2,12
0.818309,3,1
35.773331,3,2
14.280965,3,4
14.947317,3,5
49.809069,3,6
25.604416,3,7
47.678661,3,8
16.833627,3,9
5.145277,3,10
10.992901,3,11
38.347549,3,12
0.174507,4,1
6.932373,4,2
62.160893,4,3
23.355016,4,5
28.789003,4,6
9.666771,4,7
15.047291,4,8
17.524296,4,9
14.241971,4,10
34.966101,4,11
43.533107,4,12
3.833019,5,1
5.682632,5,2
15.48044,5,3
2.283915,5,4
8.551843,5,6
3.106341,5,7
7.963352,5,8
12.198944,5,9
0.708992,5,10
1.707312,5,11
7.548651,5,12
0.239733,6,1
15.169765,6,2
55.403088,6,3
17.031811,6,4
9.31092,6,5
12.155179,6,7
20.989469,6,8
15.603565,6,9
5.842197,6,10
17.163328,6,11
22.427829,6,12
0.556597,7,1
4.600696,7,2
17.546328,7,3
5.910675,7,4
6.05,7,5
17.178173,7,6
11.582051,7,8
4.520843,7,9
2.486827,7,10
3.761131,7,11
13.979992,7,12
0.277304,8,1
46.081069,8,2
99.938376,8,3
21.22356,8,4
9.183267,8,5
21.26184,8,6
8.400307,8,7
57.343984,8,9
18.973835,8,10
29.080029,8,11
63.1054,8,12
2.553139,9,1
34.554925,9,2
33.874251,9,3
29.642507,9,4
17.996576,9,5
30.30516,9,6
23.511872,9,7
72.62892,9,8
4.420621,9,10
22.193397,9,11
104.867429,9,12
0.026667,10,2
0.238661,10,3
6.014243,10,4
0.574632,10,5
0.258875,10,6
0.026667,10,7
19.083371,10,8
0.196992,10,9
32.298509,10,11
3.559904,10,12
0.520952,11,1
12.354845,11,2
71.118219,11,3
8.491171,11,4
5.363133,11,5
10.114605,11,6
8.200451,11,7
38.461504,11,8
14.507691,11,9
9.616589,11,10
22.921907,11,12
7.573744,12,1
126.839035,12,2
99.904483,12,3
74.029413,12,4
20.511133,12,5
46.778781,12,6
14.1508,12,7
93.742811,12,8
154.253627,12,9
9.506427,12,10
32.066021,12,11
succeed
0.0,0.394512,0.412784,0.0,0.137389,0.255304,0.120264,0.366816,1.265363,0.0,0.11408,2.577757
1.003507,0.0,18.374901,8.225093,5.089237,19.28612,4.810659,15.909556,5.810845,1.0381,6.353448,59.252819
0.818309,35.773331,0.0,14.280965,14.947317,49.809069,25.604416,47.678661,16.833627,5.145277,10.992901,38.347549
0.174507,6.932373,62.160893,0.0,23.355016,28.789003,9.666771,15.047291,17.524296,14.241971,34.966101,43.533107
3.833019,5.682632,15.48044,2.283915,0.0,8.551843,3.106341,7.963352,12.198944,0.708992,1.707312,7.548651
0.239733,15.169765,55.403088,17.031811,9.31092,0.0,12.155179,20.989469,15.603565,5.842197,17.163328,22.427829
0.556597,4.600696,17.546328,5.910675,6.05,17.178173,0.0,11.582051,4.520843,2.486827,3.761131,13.979992
0.277304,46.081069,99.938376,21.22356,9.183267,21.26184,8.400307,0.0,57.343984,18.973835,29.080029,63.1054
2.553139,34.554925,33.874251,29.642507,17.996576,30.30516,23.511872,72.62892,0.0,4.420621,22.193397,104.867429
0.0,0.026667,0.238661,6.014243,0.574632,0.258875,0.026667,19.083371,0.196992,0.0,32.298509,3.559904
0.520952,12.354845,71.118219,8.491171,5.363133,10.114605,8.200451,38.461504,14.507691,9.616589,0.0,22.921907
7.573744,126.839035,99.904483,74.029413,20.511133,46.778781,14.1508,93.742811,154.253627,9.506427,32.066021,0.0
