6148.841703
0.064885,1,2
1.058843,1,3
0.684773,1,5
0.026667,1,6
0.827765,1,7
0.053333,1,9
0.665317,1,12
20.038136,2,3
0.124379,2,4
40.611685,2,5
22.956291,2,6
2.026243,2,7
13.428525,2,9
0.026667,2,10
0.27872,2,11
26.137432,2,12
22.4634,3,2
13.225243,3,4
104.592464,3,5
46.486008,3,6
12.587773,3,7
3361.731733,3,8
39.07884,3,9
0.026667,3,10
1.292947,3,11
25.476696,3,12
3.521243,4,2
52.75348,4,3
26.882877,4,5
32.601237,4,6
16.845376,4,7
0.342667,4,8
17.094157,4,9
4.568056,4,10
0.499491,4,11
35.882235,4,12
28.485955,5,2
0.350032,5,3
0.026667,5,4
0.053333,5,6
0.026667,5,7
10.006597,5,9
0.026667,5,10
0.182864,5,11
109.190845,5,12
13.121643,6,2
109.247712,6,3
19.636499,6,4
66.985901,6,5
21.410992,6,7
0.059253,6,8
76.962821,6,9
0.026667,6,10
1.744413,6,11
26.915184,6,12
3.547237,7,2
22.859549,7,3
9.307469,7,4
19.44552,7,5
11.730925,7,6
0.203403,7,8
13.469619,7,9
0.026667,7,10
0.140203,7,11
14.371072,7,12
18.466795,8,2
12.438531,8,3
9.229637,8,4
152.766893,8,5
0.423357,8,6
0.202349,8,7
80.421912,8,9
13.422792,8,10
24.756403,8,11
91.942739,8,12
30.742291,9,2
62.215315,9,3
28.120419,9,4
127.091309,9,5
63.582717,9,6
14.536464,9,7
0.430997,9,8
4.056779,9,11
107.925981,9,12
0.608955,10,2
0.085323,10,3
1.444923,10,4
3.1804,10,5
0.026667,10,6
0.267269,10,7
35.146243,10,8
5.230091,10,9
45.822757,10,11
4.280227,10,12
8.370984,11,2
2.22432,11,3
2.749075,11,4
29.860971,11,5
1.119504,11,6
2.292323,11,7
21.854896,11,8
14.404224,11,9
2.293549,11,10
12.223469,11,12
86.855384,12,2
76.81932,12,3
3.539136,12,4
208.286453,12,5
34.209213,12,6
27.824077,12,7
0.619637,12,8
142.391883,12,9
0.134355,12,10
5.377768,12,11
succeed
0.0,0.064885,1.058843,0.0,0.684773,0.026667,0.827765,0.0,0.053333,0.0,0.0,0.665317
0.0,0.0,20.038136,0.124379,40.611685,22.956291,2.026243,0.0,13.428525,0.026667,0.27872,26.137432
0.0,22.4634,0.0,13.225243,104.592464,46.486008,12.587773,3361.731733,39.07884,0.026667,1.292947,25.476696
0.0,3.521243,52.75348,0.0,26.882877,32.601237,16.845376,0.342667,17.094157,4.568056,0.499491,35.882235
0.0,28.485955,0.350032,0.026667,0.0,0.053333,0.026667,0.0,10.006597,0.026667,0.182864,109.190845
0.0,13.121643,109.247712,19.636499,66.985901,0.0,21.410992,0.059253,76.962821,0.026667,1.744413,26.915184
0.0,3.547237,22.859549,9.307469,19.44552,11.730925,0.0,0.203403,13.469619,0.026667,0.140203,14.371072
0.0,18.466795,12.438531,9.229637,152.766893,0.423357,0.202349,0.0,80.421912,13.422792,24.756403,91.942739
0.0,30.742291,62.215315,28.120419,127.091309,63.582717,14.536464,0.430997,0.0,0.0,4.056779,107.925981
0.0,0.608955,0.085323,1.444923,3.1804,0.026667,0.267269,35.146243,5.230091,0.0,45.822757,4.280227
0.0,8.370984,2.22432,2.749075,29.860971,1.119504,2.292323,21.854896,14.404224,2.293549,0.0,12.223469
0.0,86.855384,76.81932,3.539136,208.286453,34.209213,27.824077,0.619637,142.391883,0.134355,5.377768,0.0
