2445.641851
0.08,1,2
0.163085,1,3
0.08,1,5
0.215173,1,6
0.138709,1,7
0.053333,1,8
1.246141,1,9
0.026667,1,11
1.282995,1,12
0.536792,2,1
10.595653,2,3
9.166579,2,4
3.01344,2,5
14.071389,2,6
1.276427,2,7
12.821621,2,8
14.059765,2,9
2.119741,2,10
5.12804,2,11
55.544355,2,12
1.599632,3,1
16.855952,3,2
19.533845,3,4
10.404032,3,5
33.938864,3,6
7.794112,3,7
27.695069,3,8
11.674955,3,9
2.244219,3,10
7.426752,3,11
33.622757,3,12
0.159947,4,1
7.807496,4,2
93.568645,4,3
23.736389,4,5
26.289283,4,6
26.556872,4,7
8.639171,4,8
17.165301,4,9
17.836067,4,10
11.701877,4,11
52.197696,4,12
0.369128,5,1
5.390803,5,2
16.455603,5,3
1.769096,5,4
4.891949,5,6
2.080299,5,7
4.897293,5,8
10.925083,5,9
2.212973,5,10
1.754539,5,11
7.701755,5,12
1.433904,6,1
24.699035,6,2
62.274397,6,3
6.679827,6,4
39.167835,6,5
9.957296,6,7
19.246709,6,8
18.503296,6,9
0.834064,6,10
11.788013,6,11
29.188725,6,12
0.499067,7,1
4.66528,7,2
23.990355,7,3
11.943315,7,4
4.36196,7,5
14.764269,7,6
4.696659,7,8
7.549376,7,9
2.082883,7,10
2.529387,7,11
17.573467,7,12
0.073891,8,1
24.499339,8,2
91.374384,8,3
12.251077,8,4
4.528229,8,5
31.583128,8,6
6.598099,8,7
50.633344,8,9
34.539627,8,10
16.532269,8,11
27.195568,8,12
5.490211,9,1
36.006648,9,2
41.304789,9,3
26.049744,9,4
14.279293,9,5
37.962333,9,6
14.770203,9,7
65.684997,9,8
2.47468,9,10
18.891227,9,11
63.429077,9,12
0.144597,10,2
0.265232,10,3
3.092709,10,4
0.053333,10,5
0.378,10,6
0.026667,10,7
32.286157,10,8
0.375637,10,9
33.434885,10,11
0.754477,10,12
0.504915,11,1
12.942715,11,2
51.343019,11,3
4.135035,11,4
5.762723,11,5
16.955088,11,6
5.068389,11,7
11.192917,11,8
18.487371,11,9
4.697429,11,10
22.571528,11,12
0.732584,12,1
114.054851,12,2
92.730157,12,3
44.90728,12,4
29.29996,12,5
67.544197,12,6
23.652376,12,7
56.965845,12,8
163.965501,12,9
2.020725,12,10
32.196917,12,11
succeed
0.0,0.08,0.163085,0.0,0.08,0.215173,0.138709,0.053333,1.246141,0.0,0.026667,1.282995
0.536792,0.0,10.595653,9.166579,3.01344,14.071389,1.276427,12.821621,14.059765,2.119741,5.12804,55.544355
1.599632,16.855952,0.0,19.533845,10.404032,33.938864,7.794112,27.695069,11.674955,2.244219,7.426752,33.622757
0.159947,7.807496,93.568645,0.0,23.736389,26.289283,26.556872,8.639171,17.165301,17.836067,11.701877,52.197696
0.369128,5.390803,16.455603,1.769096,0.0,4.891949,2.080299,4.897293,10.925083,2.212973,1.754539,7.701755
1.433904,24.699035,62.274397,6.679827,39.167835,0.0,9.957296,19.246709,18.503296,0.834064,11.788013,29.188725
0.499067,4.66528,23.990355,11.943315,4.36196,14.764269,0.0,4.696659,7.549376,2.082883,2.529387,17.573467
0.073891,24.499339,91.374384,12.251077,4.528229,31.583128,6.598099,0.0,50.633344,34.539627,16.532269,27.195568
5.490211,36.006648,41.304789,26.049744,14.279293,37.962333,14.770203,65.684997,0.0,2.47468,18.891227,63.429077
0.0,0.144597,0.265232,3.092709,0.053333,0.378,0.026667,32.286157,0.375637,0.0,33.434885,0.754477
0.504915,12.942715,51.343019,4.135035,5.762723,16.955088,5.068389,11.192917,18.487371,4.697429,0.0,22.571528
0.732584,114.054851,92.730157,44.90728,29.29996,67.544197,23.652376,56.965845,163.965501,2.020725,32.196917,0.0
