4244.071586
0.326803,1,2
0.925053,1,3
0.437189,1,4
0.682048,1,5
1.459869,1,6
0.378083,1,7
0.496621,1,8
1.983347,1,9
0.02612,1,10
0.510587,1,11
0.855915,1,12
1.239424,2,1
26.046565,2,3
12.012512,2,4
14.700552,2,5
25.780427,2,6
5.736741,2,7
18.224884,2,8
13.669544,2,9
2.857505,2,10
6.127048,2,11
70.254493,2,12
1.265261,3,1
46.328856,3,2
45.572032,3,4
22.472171,3,5
108.994064,3,6
20.797669,3,7
77.151869,3,8
25.331909,3,9
4.345355,3,10
13.870939,3,11
66.070037,3,12
3.88672,4,1
17.212792,4,2
71.040008,4,3
12.885016,4,5
38.498928,4,6
19.600499,4,7
10.734312,4,8
27.563053,4,9
24.033429,4,10
15.350427,4,11
39.529509,4,12
1.107368,5,1
6.355397,5,2
45.848736,5,3
5.145163,5,4
6.912821,5,6
4.351488,5,7
11.934469,5,8
8.993643,5,9
4.107323,5,10
7.323656,5,11
9.106304,5,12
1.083843,6,1
46.651229,6,2
169.64184,6,3
22.036867,6,4
14.940717,6,5
23.000147,6,7
69.024227,6,8
96.014117,6,9
12.445712,6,10
14.836693,6,11
84.675344,6,12
1.248883,7,1
3.719528,7,2
42.625405,7,3
10.920616,7,4
6.541499,7,5
32.141197,7,6
7.071312,7,8
8.271152,7,9
1.099869,7,10
3.750661,7,11
15.985264,7,12
3.058987,8,1
30.056131,8,2
138.226832,8,3
21.095392,8,4
39.737187,8,5
78.343445,8,6
22.757576,8,7
97.317269,8,9
14.896035,8,10
40.698555,8,11
124.710309,8,12
2.61864,9,1
47.908301,9,2
95.240424,9,3
45.262563,9,4
23.923693,9,5
92.862925,9,6
24.492024,9,7
102.726053,9,8
11.793827,9,10
34.554472,9,11
184.409885,9,12
0.026667,10,1
1.792029,10,2
7.224336,10,3
10.077107,10,4
1.570741,10,5
6.847771,10,6
0.933125,10,7
60.547976,10,8
2.081539,10,9
42.927301,10,11
0.825723,10,12
0.544067,11,1
15.614027,11,2
31.392216,11,3
8.727019,11,4
5.842365,11,5
16.494117,11,6
5.083563,11,7
33.407027,11,8
17.420573,11,9
8.367416,11,10
19.691192,11,12
3.473667,12,1
160.065819,12,2
124.799611,12,3
74.610717,12,4
42.033755,12,5
93.118213,12,6
30.918587,12,7
131.630648,12,8
236.515616,12,9
9.783192,12,10
46.814664,12,11
succeed
0.0,0.326803,0.925053,0.437189,0.682048,1.459869,0.378083,0.496621,1.983347,0.02612,0.510587,0.855915
1.239424,0.0,26.046565,12.012512,14.700552,25.780427,5.736741,18.224884,13.669544,2.857505,6.127048,70.254493
1.265261,46.328856,0.0,45.572032,22.472171,108.994064,20.797669,77.151869,25.331909,4.345355,13.870939,66.070037
3.88672,17.212792,71.040008,0.0,12.885016,38.498928,19.600499,10.734312,27.563053,24.033429,15.350427,39.529509
1.107368,6.355397,45.848736,5.145163,0.0,6.912821,4.351488,11.934469,8.993643,4.107323,7.323656,9.106304
1.083843,46.651229,169.64184,22.036867,14.940717,0.0,23.000147,69.024227,96.014117,12.445712,14.836693,84.675344
1.248883,3.719528,42.625405,10.920616,6.541499,32.141197,0.0,7.071312,8.271152,1.099869,3.750661,15.985264
3.058987,30.056131,138.226832,21.095392,39.737187,78.343445,22.757576,0.0,97.317269,14.896035,40.698555,124.710309
2.61864,47.908301,95.240424,45.262563,23.923693,92.862925,24.492024,102.726053,0.0,11.793827,34.554472,184.409885
0.026667,1.792029,7.224336,10.077107,1.570741,6.847771,0.933125,60.547976,2.081539,0.0,42.927301,0.825723
0.544067,15.614027,31.392216,8.727019,5.842365,16.494117,5.083563,33.407027,17.420573,8.367416,0.0,19.691192
3.473667,160.065819,124.799611,74.610717,42.033755,93.118213,30.918587,131.630648,236.515616,9.783192,46.814664,0.0
