3344.841934
0.49056,1,2
0.596624,1,3
0.261736,1,5
0.48992,1,6
1.636485,1,9
3.166544,1,12
52.68748,2,3
11.847195,2,5
24.412147,2,6
0.053333,2,7
0.04,2,8
61.953864,2,9
0.026667,2,10
48.893013,2,12
32.683515,3,2
20.787613,3,5
60.891093,3,6
0.08,3,7
0.345477,3,8
229.915093,3,9
0.054205,3,10
0.529099,3,11
48.391632,3,12
8.561675,4,2
35.488008,4,3
45.599445,4,5
33.291112,4,6
23.16332,4,7
28.731547,4,9
17.650539,4,10
0.053333,4,11
38.416979,4,12
37.394392,5,2
2.628637,5,3
0.026667,5,6
0.182027,5,7
0.026667,5,8
4.545568,5,9
0.053333,5,10
0.175893,5,11
122.437547,5,12
16.044285,6,2
95.086275,6,3
17.490752,6,5
23.121333,6,7
0.026667,6,8
192.890085,6,9
0.089248,6,10
0.08,6,11
30.53744,6,12
8.640856,7,2
24.721272,7,3
18.836811,7,4
17.294995,7,5
10.836547,7,6
27.991957,7,9
15.082915,7,12
35.665952,8,2
3.371955,8,3
21.487368,8,4
118.117869,8,5
0.469739,8,6
0.653424,8,7
70.874432,8,9
13.789091,8,10
20.577968,8,11
100.433661,8,12
41.727072,9,2
0.676272,9,3
19.199029,9,5
0.204696,9,7
0.160355,9,8
0.026667,9,10
0.235744,9,11
274.516293,9,12
1.083797,10,2
0.053333,10,3
1.649901,10,4
4.094691,10,5
0.026667,10,6
0.412779,10,7
34.736869,10,8
6.102024,10,9
55.098965,10,11
1.532563,10,12
16.732043,11,2
1.321803,11,3
9.349835,11,4
24.915099,11,5
0.234016,11,6
6.137632,11,7
32.821061,11,8
53.924477,11,9
13.608576,11,10
29.122413,11,12
142.112968,12,2
1.787773,12,3
86.313141,12,5
0.237885,12,6
0.107859,12,8
601.409227,12,9
0.215528,12,10
0.08,12,11
succeed
0.0,0.49056,0.596624,0.0,0.261736,0.48992,0.0,0.0,1.636485,0.0,0.0,3.166544
0.0,0.0,52.68748,0.0,11.847195,24.412147,0.053333,0.04,61.953864,0.026667,0.0,48.893013
0.0,32.683515,0.0,0.0,20.787613,60.891093,0.08,0.345477,229.915093,0.054205,0.529099,48.391632
0.0,8.561675,35.488008,0.0,45.599445,33.291112,23.16332,0.0,28.731547,17.650539,0.053333,38.416979
0.0,37.394392,2.628637,0.0,0.0,0.026667,0.182027,0.026667,4.545568,0.053333,0.175893,122.437547
0.0,16.044285,95.086275,0.0,17.490752,0.0,23.121333,0.026667,192.890085,0.089248,0.08,30.53744
0.0,8.640856,24.721272,18.836811,17.294995,10.836547,0.0,0.0,27.991957,0.0,0.0,15.082915
0.0,35.665952,3.371955,21.487368,118.117869,0.469739,0.653424,0.0,70.874432,13.789091,20.577968,100.433661
0.0,41.727072,0.676272,0.0,19.199029,0.0,0.204696,0.160355,0.0,0.026667,0.235744,274.516293
0.0,1.083797,0.053333,1.649901,4.094691,0.026667,0.412779,34.736869,6.102024,0.0,55.098965,1.532563
0.0,16.732043,1.321803,9.349835,24.915099,0.234016,6.137632,32.821061,53.924477,13.608576,0.0,29.122413
0.0,142.112968,1.787773,0.0,86.313141,0.237885,0.0,0.107859,601.409227,0.215528,0.08,0.0
