1918.913427
0.053333,1,2
0.053333,1,3
0.151056,1,5
0.029584,1,7
0.111211,1,8
0.348285,1,12
0.148464,2,1
5.020232,2,3
4.986872,2,4
33.643931,2,5
10.248821,2,6
0.249267,2,7
5.962835,2,8
3.148787,2,9
0.069219,2,10
1.231587,2,11
31.326483,2,12
0.068123,3,1
6.847355,3,2
10.896411,3,4
9.576549,3,5
28.020323,3,6
7.827488,3,7
23.241501,3,8
96.659227,3,9
0.754845,3,10
12.458496,3,11
18.458885,3,12
0.122656,4,1
8.838707,4,2
33.775712,4,3
15.845472,4,5
26.871875,4,6
9.963283,4,7
14.023315,4,8
24.579581,4,9
10.001072,4,10
6.780984,4,11
44.928725,4,12
3.986904,5,1
11.668939,5,2
18.615216,5,3
1.574845,5,4
2.981267,5,6
0.398656,5,7
2.376317,5,8
0.903427,5,9
0.177573,5,10
2.7696,5,11
8.329347,5,12
17.099421,6,2
27.131429,6,3
2.614373,6,4
0.405181,6,5
7.858483,6,7
22.47392,6,8
43.491392,6,9
0.542587,6,10
8.993485,6,11
6.713453,6,12
0.868067,7,2
8.112187,7,3
7.88568,7,4
2.374901,7,5
4.420501,7,6
4.808459,7,8
10.985243,7,9
1.580859,7,10
0.918091,7,11
4.725195,7,12
0.408877,8,1
8.938821,8,2
30.135165,8,3
4.971387,8,4
13.881259,8,5
19.9016,8,6
4.278317,8,7
91.510749,8,9
12.072707,8,10
25.659568,8,11
92.770448,8,12
0.192576,9,1
12.39812,9,2
40.522936,9,3
24.424243,9,4
3.980165,9,5
14.464571,9,6
9.796912,9,7
52.241427,9,8
2.6072,9,10
13.851293,9,11
43.379771,9,12
0.053333,10,1
0.026667,10,2
0.075496,10,3
0.439584,10,4
5.071891,10,5
0.115829,10,6
0.053333,10,7
39.855672,10,8
0.88384,10,9
42.009488,10,11
0.026667,10,12
5.862803,11,2
3.373675,11,3
1.407091,11,4
1.191171,11,5
7.121221,11,6
0.818971,11,7
27.084141,11,8
22.003317,11,9
3.481283,11,10
21.287368,11,12
92.009597,12,2
40.006048,12,3
52.935117,12,4
7.519635,12,5
19.575741,12,6
13.480053,12,7
98.526725,12,8
105.687907,12,9
0.581883,12,10
38.850885,12,11
succeed
0.0,0.053333,0.053333,0.0,0.151056,0.0,0.029584,0.111211,0.0,0.0,0.0,0.348285
0.148464,0.0,5.020232,4.986872,33.643931,10.248821,0.249267,5.962835,3.148787,0.069219,1.231587,31.326483
0.068123,6.847355,0.0,10.896411,9.576549,28.020323,7.827488,23.241501,96.659227,0.754845,12.458496,18.458885
0.122656,8.838707,33.775712,0.0,15.845472,26.871875,9.963283,14.023315,24.579581,10.001072,6.780984,44.928725
3.986904,11.668939,18.615216,1.574845,0.0,2.981267,0.398656,2.376317,0.903427,0.177573,2.7696,8.329347
0.0,17.099421,27.131429,2.614373,0.405181,0.0,7.858483,22.47392,43.491392,0.542587,8.993485,6.713453
0.0,0.868067,8.112187,7.88568,2.374901,4.420501,0.0,4.808459,10.985243,1.580859,0.918091,4.725195
0.408877,8.938821,30.135165,4.971387,13.881259,19.9016,4.278317,0.0,91.510749,12.072707,25.659568,92.770448
0.192576,12.39812,40.522936,24.424243,3.980165,14.464571,9.796912,52.241427,0.0,2.6072,13.851293,43.379771
0.053333,0.026667,0.075496,0.439584,5.071891,0.115829,0.053333,39.855672,0.88384,0.0,42.009488,0.026667
0.0,5.862803,3.373675,1.407091,1.191171,7.121221,0.818971,27.084141,22.003317,3.481283,0.0,21.287368
0.0,92.009597,40.006048,52.935117,7.519635,19.575741,13.480053,98.526725,105.687907,0.581883,38.850885,0.0
