2785.933396
0.08,1,2
0.199555,1,3
0.042451,1,5
0.741339,1,6
0.185008,1,7
0.08,1,8
0.146011,1,9
0.053333,1,11
0.714869,1,12
0.267869,2,1
6.778469,2,3
4.788528,2,4
35.322232,2,5
25.185344,2,6
3.897677,2,7
13.498463,2,8
10.205259,2,9
1.361071,2,10
5.587312,2,11
41.167813,2,12
1.133909,3,1
15.560245,3,2
12.045032,3,4
14.24068,3,5
82.916688,3,6
10.108392,3,7
40.24984,3,8
16.987176,3,9
4.196515,3,10
8.64364,3,11
36.852387,3,12
0.309504,4,1
7.157064,4,2
45.583928,4,3
28.346667,4,5
47.638155,4,6
18.910891,4,7
31.769064,4,8
17.362523,4,9
19.589899,4,10
33.968845,4,11
50.566461,4,12
0.629856,5,1
8.634021,5,2
13.148653,5,3
2.216309,5,4
3.096016,5,6
4.311245,5,7
2.193035,5,8
2.525235,5,9
0.257848,5,10
2.410232,5,11
5.623075,5,12
0.375744,6,1
20.307747,6,2
54.145883,6,3
19.441536,6,4
26.022773,6,5
8.286096,6,7
10.751147,6,8
30.047576,6,9
5.212616,6,10
15.699936,6,11
19.430552,6,12
0.145341,7,1
6.258843,7,2
15.253971,7,3
17.215128,7,4
5.710733,7,5
12.181701,7,6
7.224632,7,8
6.001845,7,9
2.920512,7,10
6.239525,7,11
17.491016,7,12
0.179952,8,1
25.537928,8,2
96.345488,8,3
15.921688,8,4
11.268955,8,5
36.154056,8,6
20.087403,8,7
47.219344,8,9
30.566797,8,10
24.512837,8,11
35.932944,8,12
4.999525,9,1
35.071405,9,2
47.246981,9,3
28.857947,9,4
15.492029,9,5
33.370859,9,6
15.686683,9,7
66.711115,9,8
5.310883,9,10
28.407568,9,11
89.519579,9,12
0.053333,10,2
0.25936,10,3
4.015312,10,4
0.053333,10,5
0.335749,10,6
0.067664,10,7
31.545845,10,8
0.316192,10,9
26.867731,10,11
1.089909,10,12
0.159211,11,1
13.921515,11,2
40.927651,11,3
6.155541,11,4
5.230144,11,5
12.436403,11,6
5.235995,11,7
13.872,11,8
21.104061,11,9
2.379128,11,10
51.361192,11,12
9.845901,12,1
113.128741,12,2
94.408595,12,3
61.327456,12,4
18.557192,12,5
86.541664,12,6
21.414403,12,7
56.498707,12,8
269.495067,12,9
3.890053,12,10
53.185896,12,11
succeed
0.0,0.08,0.199555,0.0,0.042451,0.741339,0.185008,0.08,0.146011,0.0,0.053333,0.714869
0.267869,0.0,6.778469,4.788528,35.322232,25.185344,3.897677,13.498463,10.205259,1.361071,5.587312,41.167813
1.133909,15.560245,0.0,12.045032,14.24068,82.916688,10.108392,40.24984,16.987176,4.196515,8.64364,36.852387
0.309504,7.157064,45.583928,0.0,28.346667,47.638155,18.910891,31.769064,17.362523,19.589899,33.968845,50.566461
0.629856,8.634021,13.148653,2.216309,0.0,3.096016,4.311245,2.193035,2.525235,0.257848,2.410232,5.623075
0.375744,20.307747,54.145883,19.441536,26.022773,0.0,8.286096,10.751147,30.047576,5.212616,15.699936,19.430552
0.145341,6.258843,15.253971,17.215128,5.710733,12.181701,0.0,7.224632,6.001845,2.920512,6.239525,17.491016
0.179952,25.537928,96.345488,15.921688,11.268955,36.154056,20.087403,0.0,47.219344,30.566797,24.512837,35.932944
4.999525,35.071405,47.246981,28.857947,15.492029,33.370859,15.686683,66.711115,0.0,5.310883,28.407568,89.519579
0.0,0.053333,0.25936,4.015312,0.053333,0.335749,0.067664,31.545845,0.316192,0.0,26.867731,1.089909
0.159211,13.921515,40.927651,6.155541,5.230144,12.436403,5.235995,13.872,21.104061,2.379128,0.0,51.361192
9.845901,113.128741,94.408595,61.327456,18.557192,86.541664,21.414403,56.498707,269.495067,3.890053,53.185896,0.0
