3545.734964
0.156107,1,2
0.052699,1,3
0.028,1,4
0.204539,1,5
0.232696,1,6
0.790896,1,7
0.227315,1,8
0.496427,1,9
0.086027,1,11
0.641512,1,12
0.131499,2,1
7.577688,2,3
4.999739,2,4
3.402653,2,5
15.236059,2,6
8.886917,2,7
16.308107,2,8
16.622728,2,9
1.002699,2,10
4.381696,2,11
32.354565,2,12
0.099149,3,1
16.037515,3,2
9.650797,3,4
12.986368,3,5
42.515005,3,6
12.243368,3,7
53.018464,3,8
9.058397,3,9
5.145805,3,10
11.094997,3,11
22.899627,3,12
0.368925,4,1
4.880499,4,2
71.488949,4,3
14.921717,4,5
28.649944,4,6
22.817387,4,7
37.233971,4,8
23.839224,4,9
12.446635,4,10
17.709928,4,11
33.957512,4,12
2.949571,5,1
2.955413,5,2
9.397587,5,3
2.688448,5,4
8.023632,5,6
1.384507,5,7
4.155547,5,8
6.908923,5,9
0.401749,5,10
1.033827,5,11
7.061891,5,12
0.486403,6,1
14.45736,6,2
78.546181,6,3
18.044133,6,4
24.069848,6,5
18.047475,6,7
34.751539,6,8
26.634568,6,9
2.230187,6,10
21.4984,6,11
28.364701,6,12
0.503957,7,1
5.105059,7,2
17.870291,7,3
10.568096,7,4
6.274413,7,5
20.734157,7,6
14.603419,7,8
6.165509,7,9
3.474493,7,10
4.758776,7,11
12.896429,7,12
1.746051,8,1
15.626965,8,2
1063.263467,8,3
12.654499,8,4
13.007752,8,5
32.816664,8,6
6.012325,8,7
59.887192,8,9
29.36884,8,10
23.702997,8,11
33.527363,8,12
0.761427,9,1
38.427355,9,2
25.059277,9,3
49.533261,9,4
18.409325,9,5
38.844093,9,6
11.790051,9,7
79.073627,9,8
6.808587,9,10
15.265907,9,11
115.605176,9,12
0.053333,10,2
2.51072,10,3
20.789192,10,4
0.232827,10,5
0.417587,10,6
42.173259,10,8
0.317173,10,9
22.505757,10,11
0.106667,10,12
0.026667,11,1
9.287365,11,2
44.401016,11,3
5.196147,11,4
3.911699,11,5
5.746731,11,6
4.084117,11,7
17.676304,11,8
15.410979,11,9
8.471453,11,10
12.407344,11,12
2.003421,12,1
80.872547,12,2
86.987787,12,3
69.163461,12,4
20.954568,12,5
53.843165,12,6
22.131357,12,7
68.770592,12,8
149.827995,12,9
7.826949,12,10
82.503344,12,11
succeed
0.0,0.156107,0.052699,0.028,0.204539,0.232696,0.790896,0.227315,0.496427,0.0,0.086027,0.641512
0.131499,0.0,7.577688,4.999739,3.402653,15.236059,8.886917,16.308107,16.622728,1.002699,4.381696,32.354565
0.099149,16.037515,0.0,9.650797,12.986368,42.515005,12.243368,53.018464,9.058397,5.145805,11.094997,22.899627
0.368925,4.880499,71.488949,0.0,14.921717,28.649944,22.817387,37.233971,23.839224,12.446635,17.709928,33.957512
2.949571,2.955413,9.397587,2.688448,0.0,8.023632,1.384507,4.155547,6.908923,0.401749,1.033827,7.061891
0.486403,14.45736,78.546181,18.044133,24.069848,0.0,18.047475,34.751539,26.634568,2.230187,21.4984,28.364701
0.503957,5.105059,17.870291,10.568096,6.274413,20.734157,0.0,14.603419,6.165509,3.474493,4.758776,12.896429
1.746051,15.626965,1063.263467,12.654499,13.007752,32.816664,6.012325,0.0,59.887192,29.36884,23.702997,33.527363
0.761427,38.427355,25.059277,49.533261,18.409325,38.844093,11.790051,79.073627,0.0,6.808587,15.265907,115.605176
0.0,0.053333,2.51072,20.789192,0.232827,0.417587,0.0,42.173259,0.317173,0.0,22.505757,0.106667
0.026667,9.287365,44.401016,5.196147,3.911699,5.746731,4.084117,17.676304,15.410979,8.471453,0.0,12.407344
2.003421,80.872547,86.987787,69.163461,20.954568,53.843165,22.131357,68.770592,149.827995,7.826949,82.503344,0.0
