1592.080094
0.030107,1,3
0.026667,1,4
0.026667,1,6
0.496085,1,7
0.665592,1,12
0.223733,2,1
8.879237,2,3
2.916824,2,4
0.369957,2,5
9.027371,2,6
0.420787,2,7
2.291675,2,8
2.244008,2,9
1.997213,2,10
2.887056,2,11
25.669029,2,12
0.09876,3,1
13.96988,3,2
3.394253,3,4
4.223917,3,5
11.175704,3,6
6.05756,3,7
5.933067,3,8
10.322813,3,9
21.990987,3,10
10.679955,3,11
7.68452,3,12
3.149963,4,2
30.296691,4,3
19.31968,4,5
32.796333,4,6
18.258869,4,7
5.932568,4,8
13.565501,4,9
21.947968,4,10
13.34148,4,11
49.692648,4,12
0.128363,5,1
1.274861,5,2
7.853435,5,3
1.530493,5,4
2.013381,5,6
1.426885,5,7
1.901592,5,8
1.182016,5,9
0.026667,5,10
1.116568,5,11
7.172925,5,12
0.0412,6,1
3.919581,6,2
31.166461,6,3
8.475395,6,4
2.265525,6,5
2.678368,6,7
4.154371,6,8
11.016475,6,9
2.647429,6,10
11.800123,6,11
4.42992,6,12
0.026667,7,1
5.154563,7,2
9.57856,7,3
5.604173,7,4
3.526928,7,5
10.894136,7,6
2.101048,7,8
1.31548,7,9
3.330363,7,10
0.807923,7,11
7.557107,7,12
35.680027,8,2
41.647064,8,3
7.519992,8,4
2.477037,8,5
12.055741,8,6
1.015293,8,7
27.225616,8,9
25.467472,8,10
23.392987,8,11
74.896517,8,12
0.026667,9,1
11.508752,9,2
24.586472,9,3
26.707403,9,4
6.484045,9,5
11.893024,9,6
3.044952,9,7
4.300096,9,8
26.938251,9,10
27.586459,9,11
46.599493,9,12
0.08,10,2
0.166816,10,3
1.335576,10,4
0.211003,10,6
2.327872,10,8
8.405557,10,9
42.283973,10,11
0.08,11,1
5.326184,11,2
8.912528,11,3
3.500621,11,4
1.415995,11,5
5.930021,11,6
1.353419,11,7
2.161005,11,8
11.590824,11,9
15.91232,11,10
5.723781,11,12
0.227355,12,1
94.795936,12,2
69.143731,12,3
19.780104,12,4
21.495387,12,5
28.559341,12,6
30.095184,12,7
78.000485,12,8
118.484755,12,9
22.611627,12,10
30.991227,12,11
succeed
0.0,0.0,0.030107,0.026667,0.0,0.026667,0.496085,0.0,0.0,0.0,0.0,0.665592
0.223733,0.0,8.879237,2.916824,0.369957,9.027371,0.420787,2.291675,2.244008,1.997213,2.887056,25.669029
0.09876,13.96988,0.0,3.394253,4.223917,11.175704,6.05756,5.933067,10.322813,21.990987,10.679955,7.68452
0.0,3.149963,30.296691,0.0,19.31968,32.796333,18.258869,5.932568,13.565501,21.947968,13.34148,49.692648
0.128363,1.274861,7.853435,1.530493,0.0,2.013381,1.426885,1.901592,1.182016,0.026667,1.116568,7.172925
0.0412,3.919581,31.166461,8.475395,2.265525,0.0,2.678368,4.154371,11.016475,2.647429,11.800123,4.42992
0.026667,5.154563,9.57856,5.604173,3.526928,10.894136,0.0,2.101048,1.31548,3.330363,0.807923,7.557107
0.0,35.680027,41.647064,7.519992,2.477037,12.055741,1.015293,0.0,27.225616,25.467472,23.392987,74.896517
0.026667,11.508752,24.586472,26.707403,6.484045,11.893024,3.044952,4.300096,0.0,26.938251,27.586459,46.599493
0.0,0.08,0.166816,1.335576,0.0,0.211003,0.0,2.327872,8.405557,0.0,42.283973,0.0
0.08,5.326184,8.912528,3.500621,1.415995,5.930021,1.353419,2.161005,11.590824,15.91232,0.0,5.723781
0.227355,94.795936,69.143731,19.780104,21.495387,28.559341,30.095184,78.000485,118.484755,22.611627,30.991227,0.0
