3187.2891099999997
0.08,1,2
0.281483,1,3
0.14,1,4
0.110464,1,5
0.321624,1,6
0.103184,1,7
0.295819,1,8
0.085099,1,11
0.729323,1,12
0.346368,2,1
16.790683,2,3
7.708299,2,4
9.123067,2,5
12.100525,2,6
4.794859,2,7
18.182536,2,8
12.797613,2,9
1.331869,2,10
12.802075,2,11
70.76008,2,12
0.200773,3,1
17.961808,3,2
23.321704,3,4
26.689157,3,5
40.490091,3,6
16.944565,3,7
61.245549,3,8
13.243133,3,9
3.218779,3,10
14.495488,3,11
75.284733,3,12
0.51028,4,1
16.609957,4,2
53.695461,4,3
26.201912,4,5
13.158907,4,6
19.035125,4,7
15.423368,4,8
21.827285,4,9
10.062936,4,10
16.066491,4,11
36.208984,4,12
1.205485,5,1
23.063064,5,2
18.618309,5,3
1.405227,5,4
3.026776,5,6
3.083845,5,7
7.515608,5,8
2.326893,5,9
0.108312,5,10
8.363155,5,11
8.828077,5,12
1.055611,6,1
22.555725,6,2
119.42828,6,3
20.673912,6,4
4.627269,6,5
8.926107,6,7
49.137539,6,8
34.383267,6,9
2.222544,6,10
24.103837,6,11
45.2724,6,12
0.554755,7,1
3.520971,7,2
24.182928,7,3
19.200736,7,4
3.958208,7,5
30.717384,7,6
7.714024,7,8
9.317288,7,9
0.534672,7,10
5.776659,7,11
11.09444,7,12
2.688931,8,1
46.630165,8,2
110.658616,8,3
17.394757,8,4
24.450171,8,5
46.453851,8,6
18.886144,8,7
97.908781,8,9
21.651339,8,10
38.3614,8,11
111.461549,8,12
1.927893,9,1
51.54268,9,2
51.276381,9,3
40.178851,9,4
10.563309,9,5
50.237675,9,6
16.883088,9,7
92.660123,9,8
9.892317,9,10
32.425861,9,11
86.593336,9,12
1.432907,10,1
2.912563,10,2
1.970821,10,3
19.680493,10,4
2.854448,10,5
0.423064,10,6
1.806955,10,7
16.169432,10,8
3.160131,10,9
15.236008,10,11
1.12036,10,12
0.159301,11,1
12.811384,11,2
27.852261,11,3
11.030344,11,4
6.30076,11,5
18.463341,11,6
7.361344,11,7
52.698189,11,8
14.199589,11,9
6.640989,11,10
23.171093,11,12
1.119749,12,1
122.452949,12,2
94.047477,12,3
68.627019,12,4
37.13276,12,5
59.868776,12,6
38.564733,12,7
141.693043,12,8
131.423531,12,9
4.792544,12,10
42.098771,12,11
succeed
0.0,0.08,0.281483,0.14,0.110464,0.321624,0.103184,0.295819,0.0,0.0,0.085099,0.729323
0.346368,0.0,16.790683,7.708299,9.123067,12.100525,4.794859,18.182536,12.797613,1.331869,12.802075,70.76008
0.200773,17.961808,0.0,23.321704,26.689157,40.490091,16.944565,61.245549,13.243133,3.218779,14.495488,75.284733
0.51028,16.609957,53.695461,0.0,26.201912,13.158907,19.035125,15.423368,21.827285,10.062936,16.066491,36.208984
1.205485,23.063064,18.618309,1.405227,0.0,3.026776,3.083845,7.515608,2.326893,0.108312,8.363155,8.828077
1.055611,22.555725,119.42828,20.673912,4.627269,0.0,8.926107,49.137539,34.383267,2.222544,24.103837,45.2724
0.554755,3.520971,24.182928,19.200736,3.958208,30.717384,0.0,7.714024,9.317288,0.534672,5.776659,11.09444
2.688931,46.630165,110.658616,17.394757,24.450171,46.453851,18.886144,0.0,97.908781,21.651339,38.3614,111.461549
1.927893,51.54268,51.276381,40.178851,10.563309,50.237675,16.883088,92.660123,0.0,9.892317,32.425861,86.593336
1.432907,2.912563,1.970821,19.680493,2.854448,0.423064,1.806955,16.169432,3.160131,0.0,15.236008,1.12036
0.159301,12.811384,27.852261,11.030344,6.30076,18.463341,7.361344,52.698189,14.199589,6.640989,0.0,23.171093
1.119749,122.452949,94.047477,68.627019,37.13276,59.868776,38.564733,141.693043,131.423531,4.792544,42.098771,0.0
