7625.3314900000005
0.029376,1,2
1.886995,1,3
0.026667,1,4
0.269355,1,5
0.282373,1,6
0.290147,1,7
0.441341,1,8
1.708805,1,9
0.481616,1,10
0.160656,1,11
0.678456,1,12
0.390128,2,1
14.605613,2,3
4.460144,2,4
11.380864,2,5
16.580085,2,6
10.795685,2,7
15.151117,2,8
5.432365,2,9
0.310691,2,10
8.994072,2,11
57.174435,2,12
1.079664,3,1
25.56568,3,2
21.814085,3,4
18.537752,3,5
57.050699,3,6
14.96216,3,7
4382.4448,3,8
29.671661,3,9
3.327661,3,10
16.069893,3,11
29.906432,3,12
0.161741,4,1
9.7894,4,2
71.454443,4,3
14.33432,4,5
26.871299,4,6
25.202984,4,7
9.149405,4,8
20.193291,4,9
9.644536,4,10
15.521357,4,11
32.849869,4,12
2.312549,5,1
16.051184,5,2
28.494749,5,3
3.149869,5,4
8.869539,5,6
2.54336,5,7
13.036715,5,8
3.666045,5,9
2.800043,5,10
3.252264,5,11
5.931389,5,12
0.877552,6,1
22.104771,6,2
108.016952,6,3
9.133309,6,4
6.876915,6,5
14.547747,6,7
52.056976,6,8
56.010299,6,9
3.784435,6,10
8.407963,6,11
57.618659,6,12
0.325317,7,1
1.412077,7,2
27.323739,7,3
14.068917,7,4
4.215648,7,5
14.282936,7,6
11.303429,7,8
10.363347,7,9
0.506293,7,10
2.49296,7,11
21.948621,7,12
1.835235,8,1
16.637051,8,2
164.775083,8,3
21.674971,8,4
14.788627,8,5
54.059784,8,6
13.555248,8,7
105.045568,8,9
25.874472,8,10
40.741611,8,11
118.728925,8,12
1.339339,9,1
24.088573,9,2
60.168261,9,3
33.779016,9,4
18.095773,9,5
63.786173,9,6
24.021528,9,7
105.687869,9,8
5.70176,9,10
36.376211,9,11
152.015528,9,12
0.026667,10,1
0.309403,10,2
0.848216,10,3
8.285784,10,4
0.233011,10,5
6.062688,10,6
0.272445,10,7
50.571157,10,8
0.781885,10,9
59.948536,10,11
0.702024,10,12
0.053333,11,1
7.626344,11,2
27.613643,11,3
2.703333,11,4
8.283051,11,5
6.608008,11,6
6.355645,11,7
27.249579,11,8
10.128427,11,9
3.394749,11,10
9.807899,11,12
0.901939,12,1
87.119701,12,2
95.531272,12,3
56.335192,12,4
22.937203,12,5
65.915787,12,6
25.897013,12,7
161.70812,12,8
189.18544,12,9
4.025443,12,10
50.211261,12,11
succeed
0.0,0.029376,1.886995,0.026667,0.269355,0.282373,0.290147,0.441341,1.708805,0.481616,0.160656,0.678456
0.390128,0.0,14.605613,4.460144,11.380864,16.580085,10.795685,15.151117,5.432365,0.310691,8.994072,57.174435
1.079664,25.56568,0.0,21.814085,18.537752,57.050699,14.96216,4382.4448,29.671661,3.327661,16.069893,29.906432
0.161741,9.7894,71.454443,0.0,14.33432,26.871299,25.202984,9.149405,20.193291,9.644536,15.521357,32.849869
2.312549,16.051184,28.494749,3.149869,0.0,8.869539,2.54336,13.036715,3.666045,2.800043,3.252264,5.931389
0.877552,22.104771,108.016952,9.133309,6.876915,0.0,14.547747,52.056976,56.010299,3.784435,8.407963,57.618659
0.325317,1.412077,27.323739,14.068917,4.215648,14.282936,0.0,11.303429,10.363347,0.506293,2.49296,21.948621
1.835235,16.637051,164.775083,21.674971,14.788627,54.059784,13.555248,0.0,105.045568,25.874472,40.741611,118.728925
1.339339,24.088573,60.168261,33.779016,18.095773,63.786173,24.021528,105.687869,0.0,5.70176,36.376211,152.015528
0.026667,0.309403,0.848216,8.285784,0.233011,6.062688,0.272445,50.571157,0.781885,0.0,59.948536,0.702024
0.053333,7.626344,27.613643,2.703333,8.283051,6.608008,6.355645,27.249579,10.128427,3.394749,0.0,9.807899
0.901939,87.119701,95.531272,56.335192,22.937203,65.915787,25.897013,161.70812,189.18544,4.025443,50.211261,0.0
