2067.518663
1.391368,1,2
0.245584,1,3
0.167656,1,6
0.061384,1,7
1.063627,1,8
0.028,1,9
0.013333,1,10
0.204923,1,11
0.381845,1,12
0.498723,2,1
12.330016,2,3
3.190205,2,4
9.743995,2,5
11.357819,2,6
3.808157,2,7
15.548171,2,8
12.356197,2,9
0.835157,2,10
6.728645,2,11
20.174709,2,12
1.095875,3,1
15.252149,3,2
26.332816,3,4
3.757773,3,5
18.683789,3,6
6.032712,3,7
44.668536,3,8
12.379165,3,9
6.107867,3,10
9.345443,3,11
22.197461,3,12
0.102443,4,1
6.175261,4,2
51.082275,4,3
31.194829,4,5
36.205544,4,6
16.786997,4,7
36.014928,4,8
14.026373,4,9
11.082163,4,10
38.750376,4,11
40.437808,4,12
0.316661,5,1
3.639987,5,2
6.815893,5,3
1.564875,5,4
1.464357,5,6
1.982488,5,7
17.234427,5,8
2.462021,5,9
3.144891,5,11
5.190029,5,12
0.304933,6,1
25.457459,6,2
50.619467,6,3
8.143637,6,4
2.248549,6,5
8.400245,6,7
26.132485,6,8
30.773141,6,9
0.661368,6,10
10.352965,6,11
13.875221,6,12
0.555307,7,1
5.091299,7,2
8.449821,7,3
7.878731,7,4
4.295621,7,5
12.015667,7,6
7.080709,7,8
2.544621,7,9
2.239285,7,10
5.82248,7,11
11.646427,7,12
0.730893,8,1
14.797795,8,2
86.42224,8,3
11.791256,8,4
31.15248,8,5
18.496496,8,6
8.592299,8,7
27.220139,8,9
15.322171,8,10
38.198347,8,11
41.949915,8,12
0.834771,9,1
45.347747,9,2
45.407997,9,3
41.652771,9,4
15.930755,9,5
9.585392,9,6
8.219181,9,7
60.241,9,8
2.01664,9,10
26.797888,9,11
56.395181,9,12
0.597493,10,2
0.197053,10,3
3.969008,10,4
0.032064,10,5
0.318288,10,6
41.758064,10,8
0.302336,10,9
27.146571,10,11
0.053333,10,12
10.70792,11,2
14.575779,11,3
5.046512,11,4
1.813904,11,5
9.285365,11,6
1.642829,11,7
20.310088,11,8
7.011899,11,9
5.114763,11,10
8.193483,11,12
0.448877,12,1
75.929413,12,2
61.888693,12,3
58.360837,12,4
25.172539,12,5
24.679277,12,6
12.216131,12,7
67.546931,12,8
87.947237,12,9
2.549669,12,10
49.351789,12,11
succeed
0.0,1.391368,0.245584,0.0,0.0,0.167656,0.061384,1.063627,0.028,0.013333,0.204923,0.381845
0.498723,0.0,12.330016,3.190205,9.743995,11.357819,3.808157,15.548171,12.356197,0.835157,6.728645,20.174709
1.095875,15.252149,0.0,26.332816,3.757773,18.683789,6.032712,44.668536,12.379165,6.107867,9.345443,22.197461
0.102443,6.175261,51.082275,0.0,31.194829,36.205544,16.786997,36.014928,14.026373,11.082163,38.750376,40.437808
0.316661,3.639987,6.815893,1.564875,0.0,1.464357,1.982488,17.234427,2.462021,0.0,3.144891,5.190029
0.304933,25.457459,50.619467,8.143637,2.248549,0.0,8.400245,26.132485,30.773141,0.661368,10.352965,13.875221
0.555307,5.091299,8.449821,7.878731,4.295621,12.015667,0.0,7.080709,2.544621,2.239285,5.82248,11.646427
0.730893,14.797795,86.42224,11.791256,31.15248,18.496496,8.592299,0.0,27.220139,15.322171,38.198347,41.949915
0.834771,45.347747,45.407997,41.652771,15.930755,9.585392,8.219181,60.241,0.0,2.01664,26.797888,56.395181
0.0,0.597493,0.197053,3.969008,0.032064,0.318288,0.0,41.758064,0.302336,0.0,27.146571,0.053333
0.0,10.70792,14.575779,5.046512,1.813904,9.285365,1.642829,20.310088,7.011899,5.114763,0.0,8.193483
0.448877,75.929413,61.888693,58.360837,25.172539,24.679277,12.216131,67.546931,87.947237,2.549669,49.351789,0.0
