2356.598218
0.026667,1,2
0.980363,1,3
0.026667,1,5
0.048352,1,6
0.026667,1,7
0.295387,1,8
0.053333,1,11
0.243288,1,12
0.072227,2,1
7.062008,2,3
4.403867,2,4
28.747163,2,5
15.228181,2,6
6.624635,2,7
12.174464,2,8
7.147923,2,9
0.032104,2,10
3.625776,2,11
62.955,2,12
0.232989,3,1
21.595928,3,2
21.945448,3,4
5.029811,3,5
28.685917,3,6
5.468048,3,7
99.182109,3,8
39.001512,3,9
0.424435,3,10
8.564411,3,11
44.990085,3,12
0.117365,4,1
4.404451,4,2
45.829472,4,3
6.577739,4,5
20.461883,4,6
4.105171,4,7
31.806331,4,8
34.806309,4,9
5.440371,4,10
5.261373,4,11
31.096584,4,12
0.857925,5,1
10.244488,5,2
21.395552,5,3
0.867877,5,4
0.314621,5,6
5.70128,5,7
3.435125,5,8
2.506637,5,9
0.029389,5,10
1.201341,5,11
2.314387,5,12
2.684213,6,1
11.538835,6,2
52.963507,6,3
10.522176,6,4
2.154819,6,5
3.277933,6,7
42.425733,6,8
26.275763,6,9
0.758973,6,10
7.816864,6,11
11.626859,6,12
0.026667,7,1
1.847757,7,2
22.380371,7,3
8.496445,7,4
2.949973,7,5
6.524419,7,6
6.211565,7,8
3.150371,7,9
0.285603,7,10
1.343189,7,11
6.387608,7,12
0.520691,8,1
10.464488,8,2
143.099944,8,3
7.176456,8,4
12.251333,8,5
19.477104,8,6
5.313979,8,7
56.966712,8,9
8.663989,8,10
35.813176,8,11
101.211251,8,12
0.026667,9,1
21.498707,9,2
64.973672,9,3
10.406253,9,4
11.016259,9,5
27.928032,9,6
11.056083,9,7
99.316445,9,8
2.346112,9,10
28.936944,9,11
80.908541,9,12
0.063115,10,2
0.608843,10,3
11.46512,10,4
0.08,10,5
0.135763,10,6
0.026667,10,7
21.392179,10,8
0.166232,10,9
24.542672,10,11
0.249064,10,12
0.073245,11,1
6.288451,11,2
46.316061,11,3
1.704597,11,4
1.497269,11,5
2.983813,11,6
0.809125,11,7
23.635069,11,8
11.277096,11,9
2.208976,11,10
7.878909,11,12
0.104179,12,1
114.966995,12,2
56.31424,12,3
43.068965,12,4
25.154568,12,5
29.114587,12,6
9.916909,12,7
130.519515,12,8
105.008733,12,9
1.975947,12,10
22.358397,12,11
succeed
0.0,0.026667,0.980363,0.0,0.026667,0.048352,0.026667,0.295387,0.0,0.0,0.053333,0.243288
0.072227,0.0,7.062008,4.403867,28.747163,15.228181,6.624635,12.174464,7.147923,0.032104,3.625776,62.955
0.232989,21.595928,0.0,21.945448,5.029811,28.685917,5.468048,99.182109,39.001512,0.424435,8.564411,44.990085
0.117365,4.404451,45.829472,0.0,6.577739,20.461883,4.105171,31.806331,34.806309,5.440371,5.261373,31.096584
0.857925,10.244488,21.395552,0.867877,0.0,0.314621,5.70128,3.435125,2.506637,0.029389,1.201341,2.314387
2.684213,11.538835,52.963507,10.522176,2.154819,0.0,3.277933,42.425733,26.275763,0.758973,7.816864,11.626859
0.026667,1.847757,22.380371,8.496445,2.949973,6.524419,0.0,6.211565,3.150371,0.285603,1.343189,6.387608
0.520691,10.464488,143.099944,7.176456,12.251333,19.477104,5.313979,0.0,56.966712,8.663989,35.813176,101.211251
0.026667,21.498707,64.973672,10.406253,11.016259,27.928032,11.056083,99.316445,0.0,2.346112,28.936944,80.908541
0.0,0.063115,0.608843,11.46512,0.08,0.135763,0.026667,21.392179,0.166232,0.0,24.542672,0.249064
0.073245,6.288451,46.316061,1.704597,1.497269,2.983813,0.809125,23.635069,11.277096,2.208976,0.0,7.878909
0.104179,114.966995,56.31424,43.068965,25.154568,29.114587,9.916909,130.519515,105.008733,1.975947,22.358397,0.0
