7134.298725000001
0.354688,1,3
1.178605,1,5
0.928589,1,6
0.181312,1,7
0.204613,1,9
0.026667,1,11
0.564821,1,12
15.173032,2,3
0.103864,2,4
45.940224,2,5
25.904131,2,6
1.535427,2,7
8.940424,2,9
0.053333,2,10
0.133333,2,11
25.913221,2,12
24.742184,3,2
17.949008,3,4
106.239413,3,5
33.050755,3,6
8.472381,3,7
4533.465067,3,8
32.330331,3,9
1.127613,3,11
29.556571,3,12
3.848389,4,2
50.765941,4,3
34.730728,4,5
35.253616,4,6
14.761083,4,7
11.36144,4,9
5.688845,4,10
0.240053,4,11
33.223584,4,12
22.471357,5,2
0.295763,5,3
0.084448,5,6
5.712584,5,9
0.161589,5,11
93.330784,5,12
9.291397,6,2
92.832187,6,3
15.26828,6,4
93.972709,6,5
26.607555,6,7
0.135208,6,8
55.649915,6,9
1.326048,6,11
22.113115,6,12
1.938256,7,2
17.027453,7,3
18.693317,7,4
16.294731,7,5
14.499544,7,6
0.053333,7,8
6.845008,7,9
0.116907,7,11
17.86212,7,12
14.63528,8,2
16.183667,8,3
6.995688,8,4
159.870787,8,5
0.503808,8,6
0.097283,8,7
59.475725,8,9
10.152904,8,10
24.157251,8,11
80.007925,8,12
23.430563,9,2
53.413893,9,3
27.364965,9,4
124.373379,9,5
54.862976,9,6
16.887717,9,7
1.058552,9,8
4.734883,9,11
83.305245,9,12
0.309867,10,2
0.026667,10,3
2.317912,10,4
5.673744,10,5
0.026667,10,6
0.5652,10,7
32.532616,10,8
4.264419,10,9
47.915016,10,11
0.293333,10,12
8.898632,11,2
3.298627,11,3
3.717552,11,4
31.644725,11,5
0.956648,11,6
3.833237,11,7
22.099061,11,8
14.818011,11,9
3.198203,11,10
6.993973,11,12
78.222163,12,2
82.623469,12,3
7.536701,12,4
192.807603,12,5
40.065139,12,6
28.602859,12,7
0.08,12,8
97.801349,12,9
0.24904,12,10
14.886907,12,11
succeed
0.0,0.0,0.354688,0.0,1.178605,0.928589,0.181312,0.0,0.204613,0.0,0.026667,0.564821
0.0,0.0,15.173032,0.103864,45.940224,25.904131,1.535427,0.0,8.940424,0.053333,0.133333,25.913221
0.0,24.742184,0.0,17.949008,106.239413,33.050755,8.472381,4533.465067,32.330331,0.0,1.127613,29.556571
0.0,3.848389,50.765941,0.0,34.730728,35.253616,14.761083,0.0,11.36144,5.688845,0.240053,33.223584
0.0,22.471357,0.295763,0.0,0.0,0.084448,0.0,0.0,5.712584,0.0,0.161589,93.330784
0.0,9.291397,92.832187,15.26828,93.972709,0.0,26.607555,0.135208,55.649915,0.0,1.326048,22.113115
0.0,1.938256,17.027453,18.693317,16.294731,14.499544,0.0,0.053333,6.845008,0.0,0.116907,17.86212
0.0,14.63528,16.183667,6.995688,159.870787,0.503808,0.097283,0.0,59.475725,10.152904,24.157251,80.007925
0.0,23.430563,53.413893,27.364965,124.373379,54.862976,16.887717,1.058552,0.0,0.0,4.734883,83.305245
0.0,0.309867,0.026667,2.317912,5.673744,0.026667,0.5652,32.532616,4.264419,0.0,47.915016,0.293333
0.0,8.898632,3.298627,3.717552,31.644725,0.956648,3.833237,22.099061,14.818011,3.198203,0.0,6.993973
0.0,78.222163,82.623469,7.536701,192.807603,40.065139,28.602859,0.08,97.801349,0.24904,14.886907,0.0
