3038.230353
0.186667,1,2
0.613317,1,3
0.053333,1,4
1.714317,1,5
0.058843,1,6
0.233432,1,7
0.148053,1,8
1.069187,1,9
0.109723,1,10
0.141717,1,11
0.694419,1,12
0.216733,2,1
13.820091,2,3
3.870525,2,4
15.170493,2,5
19.900395,2,6
4.300245,2,7
22.3829,2,8
7.807864,2,9
0.923943,2,10
3.504416,2,11
37.477352,2,12
0.291056,3,1
19.439669,3,2
9.925019,3,4
18.661923,3,5
71.294739,3,6
14.194581,3,7
44.518301,3,8
18.100323,3,9
3.914819,3,10
7.825805,3,11
27.777875,3,12
0.504648,4,1
18.198859,4,2
53.73444,4,3
30.270957,4,5
35.879205,4,6
24.240856,4,7
25.30812,4,8
17.898851,4,9
14.288779,4,10
31.342725,4,11
46.446813,4,12
2.295541,5,1
11.023061,5,2
14.056747,5,3
3.467765,5,4
5.437725,5,6
3.756021,5,7
13.740475,5,8
3.641744,5,9
0.31892,5,10
2.045611,5,11
5.138336,5,12
0.337299,6,1
10.63472,6,2
83.026709,6,3
16.270085,6,4
2.976008,6,5
11.084723,6,7
24.921768,6,8
27.263877,6,9
1.946293,6,10
14.681035,6,11
32.688805,6,12
0.08,7,1
3.58236,7,2
19.797608,7,3
5.008277,7,4
4.224672,7,5
21.74252,7,6
5.664659,7,8
3.318443,7,9
2.709584,7,10
4.096592,7,11
12.405504,7,12
7.226464,8,1
30.532013,8,2
102.459168,8,3
14.018893,8,4
15.948563,8,5
35.743453,8,6
9.350173,8,7
47.274493,8,9
26.053744,8,10
27.80112,8,11
104.444643,8,12
0.752768,9,1
40.169032,9,2
23.862581,9,3
31.198941,9,4
12.159275,9,5
51.712312,9,6
10.407083,9,7
68.27876,9,8
4.668363,9,10
15.146371,9,11
131.245824,9,12
0.8784,10,2
0.167853,10,3
17.250867,10,4
0.196805,10,5
0.642579,10,6
0.080296,10,7
62.700531,10,8
0.577739,10,9
38.85536,10,11
0.08,10,12
0.152067,11,1
17.474581,11,2
35.896056,11,3
14.220467,11,4
4.536368,11,5
12.818899,11,6
4.208232,11,7
15.803283,11,8
21.253072,11,9
7.784752,11,10
78.275704,11,12
10.081611,12,1
115.104347,12,2
96.460875,12,3
83.509805,12,4
27.763448,12,5
98.952149,12,6
34.406581,12,7
119.252779,12,8
227.530277,12,9
8.725699,12,10
30.295019,12,11
succeed
0.0,0.186667,0.613317,0.053333,1.714317,0.058843,0.233432,0.148053,1.069187,0.109723,0.141717,0.694419
0.216733,0.0,13.820091,3.870525,15.170493,19.900395,4.300245,22.3829,7.807864,0.923943,3.504416,37.477352
0.291056,19.439669,0.0,9.925019,18.661923,71.294739,14.194581,44.518301,18.100323,3.914819,7.825805,27.777875
0.504648,18.198859,53.73444,0.0,30.270957,35.879205,24.240856,25.30812,17.898851,14.288779,31.342725,46.446813
2.295541,11.023061,14.056747,3.467765,0.0,5.437725,3.756021,13.740475,3.641744,0.31892,2.045611,5.138336
0.337299,10.63472,83.026709,16.270085,2.976008,0.0,11.084723,24.921768,27.263877,1.946293,14.681035,32.688805
0.08,3.58236,19.797608,5.008277,4.224672,21.74252,0.0,5.664659,3.318443,2.709584,4.096592,12.405504
7.226464,30.532013,102.459168,14.018893,15.948563,35.743453,9.350173,0.0,47.274493,26.053744,27.80112,104.444643
0.752768,40.169032,23.862581,31.198941,12.159275,51.712312,10.407083,68.27876,0.0,4.668363,15.146371,131.245824
0.0,0.8784,0.167853,17.250867,0.196805,0.642579,0.080296,62.700531,0.577739,0.0,38.85536,0.08
0.152067,17.474581,35.896056,14.220467,4.536368,12.818899,4.208232,15.803283,21.253072,7.784752,0.0,78.275704
10.081611,115.104347,96.460875,83.509805,27.763448,98.952149,34.406581,119.252779,227.530277,8.725699,30.295019,0.0
