2155.986019
0.133333,1,2
0.026667,1,3
0.068448,1,5
0.078613,1,6
0.026667,1,8
0.135635,1,9
0.058171,1,11
1.373939,1,12
0.068867,2,1
4.918256,2,3
2.767117,2,4
33.503357,2,5
8.433525,2,6
1.450776,2,7
9.619168,2,8
2.50484,2,9
0.27252,2,10
1.424683,2,11
23.548467,2,12
0.112139,3,1
5.416152,3,2
4.066744,3,4
7.653304,3,5
29.917616,3,6
10.591115,3,7
46.294117,3,8
23.557147,3,9
7.011715,3,10
12.445136,3,11
27.277685,3,12
0.112256,4,1
10.189904,4,2
33.876723,4,3
19.936083,4,5
42.105781,4,6
21.786917,4,7
17.063053,4,8
23.795837,4,9
8.960157,4,10
4.788616,4,11
49.205763,4,12
4.989395,5,1
4.68136,5,2
12.845192,5,3
2.646357,5,4
1.518976,5,6
2.31928,5,7
44.66252,5,8
3.136837,5,9
0.297635,5,10
1.397413,5,11
15.436371,5,12
0.031616,6,1
16.585749,6,2
59.109744,6,3
6.547208,6,4
9.578917,6,5
12.045099,6,7
18.623115,6,8
27.278757,6,9
1.34804,6,10
14.874811,6,11
9.144648,6,12
5.599949,7,2
9.867957,7,3
5.169557,7,4
2.950621,7,5
11.515357,7,6
5.344083,7,8
4.547685,7,9
2.38688,7,10
2.049187,7,11
6.579843,7,12
0.975848,8,1
14.876453,8,2
68.465099,8,3
9.373123,8,4
6.639453,8,5
11.917712,8,6
4.710157,8,7
29.30444,8,9
21.531032,8,10
21.784635,8,11
56.298211,8,12
0.281525,9,1
25.618283,9,2
14.577739,9,3
29.858629,9,4
8.071965,9,5
19.881704,9,6
5.075131,9,7
79.915597,9,8
1.595112,9,10
20.563024,9,11
64.40444,9,12
0.920904,10,2
1.310555,10,3
3.297253,10,4
0.099744,10,5
0.433285,10,6
0.095539,10,7
32.924621,10,8
0.248416,10,9
47.396352,10,11
0.501115,10,12
0.097077,11,1
8.614624,11,2
21.14996,11,3
4.972592,11,4
1.244045,11,5
7.257379,11,6
2.580563,11,7
12.165032,11,8
13.202341,11,9
8.446315,11,10
8.269632,11,12
1.678432,12,1
136.555312,12,2
57.532173,12,3
46.853115,12,4
38.549701,12,5
34.396349,12,6
37.272552,12,7
107.077747,12,8
137.33164,12,9
5.119107,12,10
40.986067,12,11
succeed
0.0,0.133333,0.026667,0.0,0.068448,0.078613,0.0,0.026667,0.135635,0.0,0.058171,1.373939
0.068867,0.0,4.918256,2.767117,33.503357,8.433525,1.450776,9.619168,2.50484,0.27252,1.424683,23.548467
0.112139,5.416152,0.0,4.066744,7.653304,29.917616,10.591115,46.294117,23.557147,7.011715,12.445136,27.277685
0.112256,10.189904,33.876723,0.0,19.936083,42.105781,21.786917,17.063053,23.795837,8.960157,4.788616,49.205763
4.989395,4.68136,12.845192,2.646357,0.0,1.518976,2.31928,44.66252,3.136837,0.297635,1.397413,15.436371
0.031616,16.585749,59.109744,6.547208,9.578917,0.0,12.045099,18.623115,27.278757,1.34804,14.874811,9.144648
0.0,5.599949,9.867957,5.169557,2.950621,11.515357,0.0,5.344083,4.547685,2.38688,2.049187,6.579843
0.975848,14.876453,68.465099,9.373123,6.639453,11.917712,4.710157,0.0,29.30444,21.531032,21.784635,56.298211
0.281525,25.618283,14.577739,29.858629,8.071965,19.881704,5.075131,79.915597,0.0,1.595112,20.563024,64.40444
0.0,0.920904,1.310555,3.297253,0.099744,0.433285,0.095539,32.924621,0.248416,0.0,47.396352,0.501115
0.097077,8.614624,21.14996,4.972592,1.244045,7.257379,2.580563,12.165032,13.202341,8.446315,0.0,8.269632
1.678432,136.555312,57.532173,46.853115,38.549701,34.396349,37.272552,107.077747,137.33164,5.119107,40.986067,0.0
