4474.123374
0.424557,1,2
0.894917,1,3
1.137637,1,5
1.825488,1,6
0.249776,1,7
0.414827,1,9
0.047048,1,10
0.053333,1,11
1.856117,1,12
34.361936,2,3
45.878011,2,5
37.033555,2,6
7.097349,2,7
0.09718,2,8
22.330453,2,9
0.271191,2,10
0.396784,2,11
99.021429,2,12
51.761312,3,2
23.70736,3,4
515.662293,3,5
108.119363,3,6
23.864885,3,7
0.19676,3,8
39.819224,3,9
0.632437,3,10
0.799435,3,11
53.676389,3,12
16.576131,4,2
75.366429,4,3
47.811112,4,5
31.591672,4,6
24.353547,4,7
2.760085,4,8
24.102688,4,9
19.085704,4,10
2.521336,4,11
59.880952,4,12
47.99264,5,2
3.086587,5,3
0.053333,5,4
0.097629,5,6
0.224424,5,7
0.057544,5,8
9.906963,5,9
0.094029,5,10
0.106667,5,11
120.93496,5,12
44.669613,6,2
168.871893,6,3
14.049456,6,4
50.170189,6,5
31.532349,6,7
0.041888,6,8
87.828856,6,9
0.616539,6,10
0.591709,6,11
61.328221,6,12
7.059232,7,2
31.814875,7,3
15.953648,7,4
19.600744,7,5
30.195523,7,6
0.026667,7,8
11.638376,7,9
0.079101,7,10
0.250328,7,11
16.396728,7,12
38.650464,8,2
24.366437,8,3
32.328909,8,4
186.953533,8,5
0.992408,8,6
18.147317,8,7
80.160315,8,9
11.217459,8,10
26.03104,8,11
114.022379,8,12
63.75604,9,2
128.881595,9,3
47.924851,9,4
109.561749,9,5
67.747531,9,6
31.631989,9,7
0.911315,9,8
0.307069,9,10
1.903176,9,11
146.741581,9,12
1.930784,10,2
0.106864,10,3
18.578579,10,4
7.015877,10,5
0.394848,10,6
0.902565,10,7
30.788944,10,8
4.286224,10,9
47.143123,10,11
2.873827,10,12
16.177021,11,2
3.063595,11,3
7.160541,11,4
61.706968,11,5
1.298323,11,6
7.644603,11,7
19.534925,11,8
22.481733,11,9
5.769691,11,10
20.386363,11,12
148.632189,12,2
140.947861,12,3
0.029344,12,4
286.876747,12,5
67.969571,12,6
54.662163,12,7
0.940067,12,8
204.877875,12,9
0.832232,12,10
5.921357,12,11
succeed
0.0,0.424557,0.894917,0.0,1.137637,1.825488,0.249776,0.0,0.414827,0.047048,0.053333,1.856117
0.0,0.0,34.361936,0.0,45.878011,37.033555,7.097349,0.09718,22.330453,0.271191,0.396784,99.021429
0.0,51.761312,0.0,23.70736,515.662293,108.119363,23.864885,0.19676,39.819224,0.632437,0.799435,53.676389
0.0,16.576131,75.366429,0.0,47.811112,31.591672,24.353547,2.760085,24.102688,19.085704,2.521336,59.880952
0.0,47.99264,3.086587,0.053333,0.0,0.097629,0.224424,0.057544,9.906963,0.094029,0.106667,120.93496
0.0,44.669613,168.871893,14.049456,50.170189,0.0,31.532349,0.041888,87.828856,0.616539,0.591709,61.328221
0.0,7.059232,31.814875,15.953648,19.600744,30.195523,0.0,0.026667,11.638376,0.079101,0.250328,16.396728
0.0,38.650464,24.366437,32.328909,186.953533,0.992408,18.147317,0.0,80.160315,11.217459,26.03104,114.022379
0.0,63.75604,128.881595,47.924851,109.561749,67.747531,31.631989,0.911315,0.0,0.307069,1.903176,146.741581
0.0,1.930784,0.106864,18.578579,7.015877,0.394848,0.902565,30.788944,4.286224,0.0,47.143123,2.873827
0.0,16.177021,3.063595,7.160541,61.706968,1.298323,7.644603,19.534925,22.481733,5.769691,0.0,20.386363
0.0,148.632189,140.947861,0.029344,286.876747,67.969571,54.662163,0.940067,204.877875,0.832232,5.921357,0.0
