3074.11919
0.163373,1,2
0.420539,1,3
0.230739,1,4
0.533251,1,5
0.175909,1,6
0.169128,1,7
0.151149,1,8
0.375437,1,9
0.053333,1,11
1.584685,1,12
5.312912,2,1
20.942112,2,3
5.299931,2,4
40.700475,2,5
21.060448,2,6
5.271781,2,7
28.27088,2,8
6.212555,2,9
1.450057,2,10
4.524176,2,11
90.046232,2,12
0.336264,3,1
20.696648,3,2
26.156917,3,4
13.528699,3,5
80.430325,3,6
19.542107,3,7
31.156739,3,8
21.298267,3,9
3.917003,3,10
6.651968,3,11
20.987117,3,12
0.19536,4,1
9.258467,4,2
89.774813,4,3
22.229389,4,5
34.278219,4,6
16.752469,4,7
24.642565,4,8
20.486571,4,9
17.627203,4,10
14.865632,4,11
37.413805,4,12
4.540077,5,1
4.469219,5,2
20.389581,5,3
0.980243,5,4
7.101824,5,6
1.753931,5,7
8.775021,5,8
5.008224,5,9
0.622637,5,10
3.207408,5,11
5.026648,5,12
1.413419,6,1
24.981931,6,2
99.946253,6,3
22.311267,6,4
37.282488,6,5
7.025157,6,7
27.474997,6,8
27.244949,6,9
2.136493,6,10
8.220621,6,11
52.756512,6,12
0.247392,7,1
8.033067,7,2
36.233912,7,3
9.492757,7,4
4.321931,7,5
25.421051,7,6
3.230853,7,8
3.519083,7,9
4.74776,7,10
4.914973,7,11
15.744747,7,12
0.864952,8,1
27.136805,8,2
123.302811,8,3
14.390363,8,4
19.172475,8,5
42.89548,8,6
9.578024,8,7
55.818515,8,9
79.625597,8,10
20.790677,8,11
54.399621,8,12
4.421701,9,1
46.183667,9,2
37.982248,9,3
35.994179,9,4
8.499379,9,5
43.698224,9,6
19.766645,9,7
60.744285,9,8
7.663659,9,10
21.279819,9,11
106.112499,9,12
0.553147,10,2
0.315112,10,3
7.201283,10,4
0.160405,10,5
0.79968,10,6
0.1592,10,7
28.574832,10,8
0.255573,10,9
30.3816,10,11
1.810443,10,12
0.615272,11,1
11.746752,11,2
47.148693,11,3
7.976712,11,4
4.288957,11,5
10.463104,11,6
8.613965,11,7
8.99188,11,8
18.870056,11,9
4.844848,11,10
26.582797,11,12
1.828405,12,1
149.335843,12,2
119.553763,12,3
62.767901,12,4
29.298712,12,5
75.270896,12,6
22.436373,12,7
61.887456,12,8
184.757611,12,9
3.164723,12,10
49.389496,12,11
succeed
0.0,0.163373,0.420539,0.230739,0.533251,0.175909,0.169128,0.151149,0.375437,0.0,0.053333,1.584685
5.312912,0.0,20.942112,5.299931,40.700475,21.060448,5.271781,28.27088,6.212555,1.450057,4.524176,90.046232
0.336264,20.696648,0.0,26.156917,13.528699,80.430325,19.542107,31.156739,21.298267,3.917003,6.651968,20.987117
0.19536,9.258467,89.774813,0.0,22.229389,34.278219,16.752469,24.642565,20.486571,17.627203,14.865632,37.413805
4.540077,4.469219,20.389581,0.980243,0.0,7.101824,1.753931,8.775021,5.008224,0.622637,3.207408,5.026648
1.413419,24.981931,99.946253,22.311267,37.282488,0.0,7.025157,27.474997,27.244949,2.136493,8.220621,52.756512
0.247392,8.033067,36.233912,9.492757,4.321931,25.421051,0.0,3.230853,3.519083,4.74776,4.914973,15.744747
0.864952,27.136805,123.302811,14.390363,19.172475,42.89548,9.578024,0.0,55.818515,79.625597,20.790677,54.399621
4.421701,46.183667,37.982248,35.994179,8.499379,43.698224,19.766645,60.744285,0.0,7.663659,21.279819,106.112499
0.0,0.553147,0.315112,7.201283,0.160405,0.79968,0.1592,28.574832,0.255573,0.0,30.3816,1.810443
0.615272,11.746752,47.148693,7.976712,4.288957,10.463104,8.613965,8.99188,18.870056,4.844848,0.0,26.582797
1.828405,149.335843,119.553763,62.767901,29.298712,75.270896,22.436373,61.887456,184.757611,3.164723,49.389496,0.0
