2518.875019
0.885171,1,2
0.362635,1,3
0.098979,1,4
0.181787,1,5
0.1928,1,6
0.153928,1,7
0.126005,1,8
1.293008,1,9
0.026667,1,10
0.026667,1,11
2.971472,1,12
1.906541,2,1
14.387944,2,3
2.660141,2,4
2.850256,2,5
17.786901,2,6
3.641821,2,7
10.208692,2,8
9.542613,2,9
1.44202,2,10
3.488867,2,11
61.734843,2,12
0.941755,3,1
24.295149,3,2
13.332808,3,4
18.138197,3,5
53.326701,3,6
24.116429,3,7
92.823205,3,8
12.115189,3,9
0.982947,3,10
3.728472,3,11
42.185605,3,12
1.467648,4,1
17.162997,4,2
38.747461,4,3
24.519685,4,5
21.398056,4,6
22.062949,4,7
9.180365,4,8
20.194427,4,9
14.969848,4,10
14.671408,4,11
30.419723,4,12
0.411312,5,1
6.513051,5,2
15.788277,5,3
1.899232,5,4
2.54432,5,6
9.139424,5,7
1.795232,5,8
3.728515,5,9
0.139984,5,10
1.471616,5,11
5.212227,5,12
0.498304,6,1
14.608869,6,2
48.353275,6,3
5.269107,6,4
2.621557,6,5
8.053011,6,7
8.855904,6,8
10.054771,6,9
0.397323,6,10
9.833203,6,11
42.426008,6,12
2.594208,7,1
6.306589,7,2
19.8858,7,3
4.846819,7,4
4.135045,7,5
29.682715,7,6
13.469253,7,8
7.432355,7,9
2.214811,7,10
3.600723,7,11
18.345027,7,12
2.114672,8,1
25.033632,8,2
179.745243,8,3
17.194405,8,4
9.417936,8,5
40.312893,8,6
5.861424,8,7
36.497093,8,9
20.992384,8,10
28.380248,8,11
71.568907,8,12
3.407661,9,1
40.567483,9,2
37.833072,9,3
12.923904,9,4
6.8096,9,5
21.47428,9,6
10.034621,9,7
56.062544,9,8
1.194165,9,10
13.991573,9,11
90.139619,9,12
0.139259,10,2
0.210771,10,3
8.3372,10,4
0.211275,10,5
0.23256,10,6
0.026667,10,7
32.007325,10,8
0.08,10,9
27.117771,10,11
1.125613,10,12
0.320741,11,1
15.009787,11,2
26.561757,11,3
5.202624,11,4
4.756963,11,5
20.663576,11,6
7.867189,11,7
10.704013,11,8
11.251539,11,9
5.047189,11,10
15.841056,11,12
2.007328,12,1
114.907869,12,2
118.546523,12,3
39.667229,12,4
19.687419,12,5
51.911483,12,6
22.608096,12,7
51.835056,12,8
188.973933,12,9
1.907659,12,10
33.671541,12,11
succeed
0.0,0.885171,0.362635,0.098979,0.181787,0.1928,0.153928,0.126005,1.293008,0.026667,0.026667,2.971472
1.906541,0.0,14.387944,2.660141,2.850256,17.786901,3.641821,10.208692,9.542613,1.44202,3.488867,61.734843
0.941755,24.295149,0.0,13.332808,18.138197,53.326701,24.116429,92.823205,12.115189,0.982947,3.728472,42.185605
1.467648,17.162997,38.747461,0.0,24.519685,21.398056,22.062949,9.180365,20.194427,14.969848,14.671408,30.419723
0.411312,6.513051,15.788277,1.899232,0.0,2.54432,9.139424,1.795232,3.728515,0.139984,1.471616,5.212227
0.498304,14.608869,48.353275,5.269107,2.621557,0.0,8.053011,8.855904,10.054771,0.397323,9.833203,42.426008
2.594208,6.306589,19.8858,4.846819,4.135045,29.682715,0.0,13.469253,7.432355,2.214811,3.600723,18.345027
2.114672,25.033632,179.745243,17.194405,9.417936,40.312893,5.861424,0.0,36.497093,20.992384,28.380248,71.568907
3.407661,40.567483,37.833072,12.923904,6.8096,21.47428,10.034621,56.062544,0.0,1.194165,13.991573,90.139619
0.0,0.139259,0.210771,8.3372,0.211275,0.23256,0.026667,32.007325,0.08,0.0,27.117771,1.125613
0.320741,15.009787,26.561757,5.202624,4.756963,20.663576,7.867189,10.704013,11.251539,5.047189,0.0,15.841056
2.007328,114.907869,118.546523,39.667229,19.687419,51.911483,22.608096,51.835056,188.973933,1.907659,33.671541,0.0
