2483.702058
0.112357,1,2
0.235755,1,3
0.547144,1,5
0.07104,1,6
0.163813,1,7
0.195085,1,9
1.737736,1,12
9.564219,2,3
0.026667,2,4
37.038885,2,5
16.417272,2,6
2.784885,2,7
0.064853,2,8
13.305163,2,9
0.013333,2,10
0.0558,2,11
29.885877,2,12
11.687293,3,2
14.912712,3,4
129.814181,3,5
41.241661,3,6
11.042683,3,7
0.369976,3,8
15.661437,3,9
0.053333,3,10
1.186179,3,11
37.803925,3,12
3.300683,4,2
60.391467,4,3
35.618003,4,5
25.536072,4,6
17.061699,4,7
15.172659,4,9
8.889232,4,10
0.149189,4,11
59.288752,4,12
20.071093,5,2
1.151445,5,3
0.08,5,6
3.960421,5,9
0.168917,5,11
56.769992,5,12
14.790072,6,2
50.535413,6,3
9.290677,6,4
82.091219,6,5
5.587,6,7
0.069992,6,8
13.630203,6,9
0.082664,6,10
0.174648,6,11
16.184376,6,12
2.717816,7,2
20.947072,7,3
13.283147,7,4
17.219688,7,5
10.257048,7,6
0.159261,7,8
6.819619,7,9
0.088373,7,11
11.072077,7,12
15.310835,8,2
8.975309,8,3
11.509651,8,4
207.026512,8,5
1.324493,8,6
0.492803,8,7
45.658789,8,9
9.218688,8,10
19.809499,8,11
54.194896,8,12
31.099835,9,2
43.817368,9,3
25.913984,9,4
116.114861,9,5
36.357611,9,6
15.445485,9,7
0.272139,9,8
0.098952,9,10
4.282653,9,11
133.62176,9,12
1.650664,10,2
0.2582,10,3
2.471749,10,4
3.509024,10,5
0.1886,10,6
0.452555,10,7
29.828576,10,8
1.773837,10,9
44.071333,10,11
0.315048,10,12
7.435157,11,2
1.769371,11,3
2.976219,11,4
62.071653,11,5
1.736507,11,6
4.523907,11,7
21.053336,11,8
19.099677,11,9
2.659725,11,10
7.60456,11,12
87.762533,12,2
64.754189,12,3
1.893363,12,4
192.766061,12,5
43.468315,12,6
15.648507,12,7
0.056085,12,8
120.959179,12,9
0.099093,12,10
1.695659,12,11
succeed
0.0,0.112357,0.235755,0.0,0.547144,0.07104,0.163813,0.0,0.195085,0.0,0.0,1.737736
0.0,0.0,9.564219,0.026667,37.038885,16.417272,2.784885,0.064853,13.305163,0.013333,0.0558,29.885877
0.0,11.687293,0.0,14.912712,129.814181,41.241661,11.042683,0.369976,15.661437,0.053333,1.186179,37.803925
0.0,3.300683,60.391467,0.0,35.618003,25.536072,17.061699,0.0,15.172659,8.889232,0.149189,59.288752
0.0,20.071093,1.151445,0.0,0.0,0.08,0.0,0.0,3.960421,0.0,0.168917,56.769992
0.0,14.790072,50.535413,9.290677,82.091219,0.0,5.587,0.069992,13.630203,0.082664,0.174648,16.184376
0.0,2.717816,20.947072,13.283147,17.219688,10.257048,0.0,0.159261,6.819619,0.0,0.088373,11.072077
0.0,15.310835,8.975309,11.509651,207.026512,1.324493,0.492803,0.0,45.658789,9.218688,19.809499,54.194896
0.0,31.099835,43.817368,25.913984,116.114861,36.357611,15.445485,0.272139,0.0,0.098952,4.282653,133.62176
0.0,1.650664,0.2582,2.471749,3.509024,0.1886,0.452555,29.828576,1.773837,0.0,44.071333,0.315048
0.0,7.435157,1.769371,2.976219,62.071653,1.736507,4.523907,21.053336,19.099677,2.659725,0.0,7.60456
0.0,87.762533,64.754189,1.893363,192.766061,43.468315,15.648507,0.056085,120.959179,0.099093,1.695659,0.0
