1930.053383
0.108824,1,2
0.026667,1,3
0.166144,1,5
0.301149,1,7
1.08376,1,12
14.798344,2,3
0.026667,2,4
33.250605,2,5
14.703955,2,6
1.908557,2,7
0.053333,2,8
10.905872,2,9
0.026667,2,10
1.92472,2,11
47.245752,2,12
7.935901,3,2
10.311381,3,4
72.698899,3,5
24.025872,3,6
4.560811,3,7
0.193653,3,8
10.644645,3,9
0.280128,3,11
22.702224,3,12
5.475989,4,2
48.074752,4,3
34.68668,4,5
23.013243,4,6
7.46892,4,7
13.834717,4,9
4.153768,4,10
0.158973,4,11
38.121355,4,12
10.769667,5,2
0.95412,5,3
0.026667,5,4
3.757984,5,9
0.059064,5,11
43.169515,5,12
15.1716,6,2
41.102539,6,3
7.222691,6,4
26.661939,6,5
5.120149,6,7
13.883747,6,9
0.053333,6,10
0.869083,6,11
14.98812,6,12
8.743789,7,2
22.353277,7,3
12.833723,7,4
12.183565,7,5
12.526336,7,6
7.431475,7,9
0.083709,7,11
12.915707,7,12
9.448515,8,2
10.1756,8,3
11.473352,8,4
132.161939,8,5
0.477936,8,6
0.274211,8,7
42.397683,8,9
8.499731,8,10
11.137819,8,11
39.662432,8,12
15.701915,9,2
27.212608,9,3
24.782789,9,4
103.593507,9,5
19.811837,9,6
7.609216,9,7
0.200032,9,8
0.155613,9,10
4.332157,9,11
51.806413,9,12
1.127304,10,2
0.113165,10,3
1.675648,10,4
4.05424,10,5
0.026667,10,6
0.6994,10,7
45.209464,10,8
0.505195,10,9
47.682077,10,11
0.737136,10,12
8.431669,11,2
2.051256,11,3
1.107165,11,4
63.355139,11,5
0.542,11,6
1.988379,11,7
20.693925,11,8
7.681939,11,9
1.413544,11,10
5.590464,11,12
95.070069,12,2
34.133355,12,3
1.101195,12,4
179.300424,12,5
25.478605,12,6
16.069005,12,7
0.130331,12,8
108.145584,12,9
0.690069,12,10
6.578939,12,11
succeed
0.0,0.108824,0.026667,0.0,0.166144,0.0,0.301149,0.0,0.0,0.0,0.0,1.08376
0.0,0.0,14.798344,0.026667,33.250605,14.703955,1.908557,0.053333,10.905872,0.026667,1.92472,47.245752
0.0,7.935901,0.0,10.311381,72.698899,24.025872,4.560811,0.193653,10.644645,0.0,0.280128,22.702224
0.0,5.475989,48.074752,0.0,34.68668,23.013243,7.46892,0.0,13.834717,4.153768,0.158973,38.121355
0.0,10.769667,0.95412,0.026667,0.0,0.0,0.0,0.0,3.757984,0.0,0.059064,43.169515
0.0,15.1716,41.102539,7.222691,26.661939,0.0,5.120149,0.0,13.883747,0.053333,0.869083,14.98812
0.0,8.743789,22.353277,12.833723,12.183565,12.526336,0.0,0.0,7.431475,0.0,0.083709,12.915707
0.0,9.448515,10.1756,11.473352,132.161939,0.477936,0.274211,0.0,42.397683,8.499731,11.137819,39.662432
0.0,15.701915,27.212608,24.782789,103.593507,19.811837,7.609216,0.200032,0.0,0.155613,4.332157,51.806413
0.0,1.127304,0.113165,1.675648,4.05424,0.026667,0.6994,45.209464,0.505195,0.0,47.682077,0.737136
0.0,8.431669,2.051256,1.107165,63.355139,0.542,1.988379,20.693925,7.681939,1.413544,0.0,5.590464
0.0,95.070069,34.133355,1.101195,179.300424,25.478605,16.069005,0.130331,108.145584,0.690069,6.578939,0.0
