3575.6878349999997
0.358744,1,2
0.24,1,3
0.124779,1,4
0.152312,1,5
4.087376,1,6
0.08,1,7
0.127848,1,8
0.193637,1,9
0.013333,1,10
0.333008,1,11
2.559544,1,12
0.434584,2,1
28.01576,2,3
5.306283,2,4
6.85628,2,5
18.808336,2,6
2.88572,2,7
17.576216,2,8
7.768099,2,9
0.180952,2,10
6.70404,2,11
37.675019,2,12
1.696568,3,1
17.407291,3,2
35.195491,3,4
9.62224,3,5
96.24468,3,6
11.465421,3,7
92.129701,3,8
17.157931,3,9
6.561627,3,10
5.777608,3,11
34.342523,3,12
0.091581,4,1
12.187464,4,2
59.711805,4,3
16.019453,4,5
42.481645,4,6
26.58928,4,7
16.364464,4,8
23.283224,4,9
8.733451,4,10
23.627821,4,11
46.060533,4,12
0.594389,5,1
17.791429,5,2
19.813077,5,3
2.908555,5,4
5.119736,5,6
2.779413,5,7
7.341664,5,8
4.584229,5,9
0.187773,5,10
1.528373,5,11
14.557608,5,12
0.271579,6,1
19.290483,6,2
113.009301,6,3
28.213285,6,4
8.151936,6,5
4.690283,6,7
65.892528,6,8
18.335408,6,9
0.728451,6,10
21.763624,6,11
50.671909,6,12
0.414296,7,1
3.398493,7,2
25.014315,7,3
16.023635,7,4
5.651339,7,5
14.391136,7,6
5.781717,7,8
1.46288,7,9
3.047381,7,10
6.00892,7,11
11.073488,7,12
0.329795,8,1
30.084715,8,2
129.385573,8,3
35.499912,8,4
12.928283,8,5
76.643843,8,6
10.926171,8,7
55.872811,8,9
15.153525,8,10
56.70856,8,11
56.004792,8,12
1.965795,9,1
39.251171,9,2
55.647173,9,3
32.546624,9,4
25.922464,9,5
55.763277,9,6
12.642469,9,7
71.50352,9,8
1.948363,9,10
37.105312,9,11
78.454795,9,12
0.152736,10,2
3.1282,10,3
19.807373,10,4
0.676032,10,5
4.149664,10,6
3.858752,10,7
37.727299,10,8
0.627517,10,9
29.264429,10,11
0.3232,10,12
0.508853,11,1
12.909712,11,2
21.676869,11,3
10.487589,11,4
4.2174,11,5
14.858768,11,6
10.902853,11,7
451.745493,11,8
10.306427,11,9
10.548779,11,10
16.551781,11,12
0.646779,12,1
147.795477,12,2
82.249181,12,3
86.925163,12,4
41.496064,12,5
90.060888,12,6
27.697773,12,7
69.892368,12,8
168.100077,12,9
3.477368,12,10
56.901723,12,11
succeed
0.0,0.358744,0.24,0.124779,0.152312,4.087376,0.08,0.127848,0.193637,0.013333,0.333008,2.559544
0.434584,0.0,28.01576,5.306283,6.85628,18.808336,2.88572,17.576216,7.768099,0.180952,6.70404,37.675019
1.696568,17.407291,0.0,35.195491,9.62224,96.24468,11.465421,92.129701,17.157931,6.561627,5.777608,34.342523
0.091581,12.187464,59.711805,0.0,16.019453,42.481645,26.58928,16.364464,23.283224,8.733451,23.627821,46.060533
0.594389,17.791429,19.813077,2.908555,0.0,5.119736,2.779413,7.341664,4.584229,0.187773,1.528373,14.557608
0.271579,19.290483,113.009301,28.213285,8.151936,0.0,4.690283,65.892528,18.335408,0.728451,21.763624,50.671909
0.414296,3.398493,25.014315,16.023635,5.651339,14.391136,0.0,5.781717,1.46288,3.047381,6.00892,11.073488
0.329795,30.084715,129.385573,35.499912,12.928283,76.643843,10.926171,0.0,55.872811,15.153525,56.70856,56.004792
1.965795,39.251171,55.647173,32.546624,25.922464,55.763277,12.642469,71.50352,0.0,1.948363,37.105312,78.454795
0.0,0.152736,3.1282,19.807373,0.676032,4.149664,3.858752,37.727299,0.627517,0.0,29.264429,0.3232
0.508853,12.909712,21.676869,10.487589,4.2174,14.858768,10.902853,451.745493,10.306427,10.548779,0.0,16.551781
0.646779,147.795477,82.249181,86.925163,41.496064,90.060888,27.697773,69.892368,168.100077,3.477368,56.901723,0.0
