1856.58534
1.18916,1,3
0.026667,1,12
0.521715,2,1
12.544067,2,3
2.791656,2,4
8.306499,2,5
10.519397,2,6
1.037107,2,7
9.735873,2,8
7.951829,2,9
0.196324,2,10
2.605949,2,11
37.746795,2,12
0.083627,3,1
6.617909,3,2
8.795416,3,4
3.859752,3,5
23.095016,3,6
6.397261,3,7
22.669107,3,8
10.774485,3,9
0.838032,3,10
16.91208,3,11
15.875821,3,12
0.158187,4,1
10.093477,4,2
66.342896,4,3
19.617339,4,5
24.063616,4,6
10.076416,4,7
17.59372,4,8
5.330653,4,9
7.975752,4,10
11.849053,4,11
40.623925,4,12
0.4968,5,1
1.105048,5,2
8.980568,5,3
2.271544,5,4
0.711437,5,6
2.204797,5,7
4.908683,5,8
2.624299,5,9
0.026667,5,10
0.983373,5,11
1.730557,5,12
6.184067,6,2
57.436925,6,3
6.741101,6,4
0.552403,6,5
1.287963,6,7
17.375048,6,8
10.69748,6,9
0.143168,6,10
13.214261,6,11
9.788853,6,12
1.7854,7,2
16.855136,7,3
4.093227,7,4
3.083619,7,5
10.593579,7,6
3.248371,7,8
1.527261,7,9
3.742235,7,10
2.76328,7,11
10.108355,7,12
6.670288,8,2
106.067293,8,3
5.422653,8,4
3.549259,8,5
6.427981,8,6
0.901699,8,7
27.489056,8,9
18.500939,8,10
19.143923,8,11
102.102675,8,12
0.039141,9,1
13.037264,9,2
18.261237,9,3
24.726773,9,4
1.813477,9,5
14.707539,9,6
3.042957,9,7
53.420984,9,8
4.081707,9,10
13.799992,9,11
26.172411,9,12
0.177547,10,2
5.559907,10,4
0.269904,10,6
32.08996,10,8
2.230171,10,9
29.978704,10,11
0.053333,10,12
7.693008,11,2
65.804883,11,3
1.645427,11,4
0.640952,11,5
3.929269,11,6
0.794133,11,7
21.028528,11,8
11.934824,11,9
1.325331,11,10
5.592904,11,12
0.026667,12,1
73.148957,12,2
56.628061,12,3
55.61316,12,4
20.036152,12,5
32.866571,12,6
5.931384,12,7
126.524925,12,8
143.723587,12,9
7.124469,12,10
42.751291,12,11
succeed
0.0,0.0,1.18916,0.0,0.0,0.0,0.0,0.0,0.0,0.0,0.0,0.026667
0.521715,0.0,12.544067,2.791656,8.306499,10.519397,1.037107,9.735873,7.951829,0.196324,2.605949,37.746795
0.083627,6.617909,0.0,8.795416,3.859752,23.095016,6.397261,22.669107,10.774485,0.838032,16.91208,15.875821
0.158187,10.093477,66.342896,0.0,19.617339,24.063616,10.076416,17.59372,5.330653,7.975752,11.849053,40.623925
0.4968,1.105048,8.980568,2.271544,0.0,0.711437,2.204797,4.908683,2.624299,0.026667,0.983373,1.730557
0.0,6.184067,57.436925,6.741101,0.552403,0.0,1.287963,17.375048,10.69748,0.143168,13.214261,9.788853
0.0,1.7854,16.855136,4.093227,3.083619,10.593579,0.0,3.248371,1.527261,3.742235,2.76328,10.108355
0.0,6.670288,106.067293,5.422653,3.549259,6.427981,0.901699,0.0,27.489056,18.500939,19.143923,102.102675
0.039141,13.037264,18.261237,24.726773,1.813477,14.707539,3.042957,53.420984,0.0,4.081707,13.799992,26.172411
0.0,0.177547,0.0,5.559907,0.0,0.269904,0.0,32.08996,2.230171,0.0,29.978704,0.053333
0.0,7.693008,65.804883,1.645427,0.640952,3.929269,0.794133,21.028528,11.934824,1.325331,0.0,5.592904
0.026667,73.148957,56.628061,55.61316,20.036152,32.866571,5.931384,126.524925,143.723587,7.124469,42.751291,0.0
