4486.750935
0.435397,1,2
1.400443,1,3
1.503419,1,5
2.279291,1,6
1.3354,1,7
2.19552,1,9
0.079509,1,11
2.303747,1,12
33.579669,2,3
0.416909,2,4
56.163019,2,5
33.2186,2,6
12.068611,2,7
0.026667,2,8
21.183488,2,9
0.08,2,10
0.486331,2,11
203.838173,2,12
41.130672,3,2
45.480443,3,4
141.738693,3,5
89.714051,3,6
16.062795,3,7
0.149651,3,8
44.066827,3,9
0.064939,3,10
0.78472,3,11
55.250741,3,12
8.614051,4,2
81.926392,4,3
54.973432,4,5
33.623853,4,6
21.051149,4,7
0.0562,4,8
19.008355,4,9
17.484608,4,10
15.790832,4,11
52.473389,4,12
40.95952,5,2
1.577133,5,3
0.339845,5,4
0.047829,5,6
0.026667,5,7
21.877112,5,9
0.026667,5,10
0.053333,5,11
141.378552,5,12
35.357096,6,2
139.090712,6,3
19.197688,6,4
85.552936,6,5
30.712141,6,7
0.053333,6,8
69.760832,6,9
0.95496,6,10
2.950653,6,11
125.866771,6,12
9.830677,7,2
43.031171,7,3
17.510128,7,4
22.793107,7,5
20.622947,7,6
10.765955,7,9
0.053333,7,10
0.053811,7,11
19.61616,7,12
35.472616,8,2
12.833792,8,3
37.520621,8,4
248.314053,8,5
1.034144,8,6
0.567029,8,7
103.543696,8,9
14.422896,8,10
31.866451,8,11
133.35988,8,12
79.959048,9,2
106.748432,9,3
51.256989,9,4
208.586987,9,5
59.228707,9,6
34.349429,9,7
0.107371,9,8
0.05696,9,10
2.837416,9,11
158.945096,9,12
4.129189,10,2
0.116288,10,3
25.318277,10,4
8.418485,10,5
0.026667,10,6
0.530656,10,7
53.621051,10,8
5.005368,10,9
42.506749,10,11
1.947541,10,12
12.53068,11,2
1.735389,11,3
15.351355,11,4
54.439597,11,5
0.18512,11,6
10.001827,11,7
40.836968,11,8
14.720099,11,9
7.361323,11,10
15.427712,11,12
156.889955,12,2
131.392803,12,3
19.918251,12,4
287.825093,12,5
52.498013,12,6
36.96864,12,7
0.208331,12,8
189.025643,12,9
0.563592,12,10
4.137605,12,11
succeed
0.0,0.435397,1.400443,0.0,1.503419,2.279291,1.3354,0.0,2.19552,0.0,0.079509,2.303747
0.0,0.0,33.579669,0.416909,56.163019,33.2186,12.068611,0.026667,21.183488,0.08,0.486331,203.838173
0.0,41.130672,0.0,45.480443,141.738693,89.714051,16.062795,0.149651,44.066827,0.064939,0.78472,55.250741
0.0,8.614051,81.926392,0.0,54.973432,33.623853,21.051149,0.0562,19.008355,17.484608,15.790832,52.473389
0.0,40.95952,1.577133,0.339845,0.0,0.047829,0.026667,0.0,21.877112,0.026667,0.053333,141.378552
0.0,35.357096,139.090712,19.197688,85.552936,0.0,30.712141,0.053333,69.760832,0.95496,2.950653,125.866771
0.0,9.830677,43.031171,17.510128,22.793107,20.622947,0.0,0.0,10.765955,0.053333,0.053811,19.61616
0.0,35.472616,12.833792,37.520621,248.314053,1.034144,0.567029,0.0,103.543696,14.422896,31.866451,133.35988
0.0,79.959048,106.748432,51.256989,208.586987,59.228707,34.349429,0.107371,0.0,0.05696,2.837416,158.945096
0.0,4.129189,0.116288,25.318277,8.418485,0.026667,0.530656,53.621051,5.005368,0.0,42.506749,1.947541
0.0,12.53068,1.735389,15.351355,54.439597,0.18512,10.001827,40.836968,14.720099,7.361323,0.0,15.427712
0.0,156.889955,131.392803,19.918251,287.825093,52.498013,36.96864,0.208331,189.025643,0.563592,4.137605,0.0
