3055.183649
0.148952,1,2
0.250829,1,3
0.026667,1,4
0.181381,1,5
0.09456,1,6
0.13924,1,7
0.08964,1,8
0.769333,1,9
0.026667,1,11
0.184736,1,12
0.104208,2,1
5.538264,2,3
10.579573,2,4
2.659861,2,5
12.659744,2,6
0.659112,2,7
625.112027,2,8
22.908675,2,9
0.132637,2,10
7.671304,2,11
46.556947,2,12
5.071883,3,1
36.302819,3,2
15.33548,3,4
5.225587,3,5
38.943757,3,6
8.456952,3,7
54.88636,3,8
9.022835,3,9
0.891933,3,10
3.44276,3,11
12.300051,3,12
0.152,4,1
6.131547,4,2
49.785963,4,3
24.041365,4,5
22.387949,4,6
19.225867,4,7
40.814739,4,8
7.728595,4,9
7.795571,4,10
11.332555,4,11
36.878053,4,12
2.891075,5,1
12.978387,5,2
18.240741,5,3
1.723824,5,4
0.817707,5,6
0.818579,5,7
4.92572,5,8
5.934203,5,9
2.134925,5,11
2.959179,5,12
0.138267,6,1
16.132816,6,2
80.156875,6,3
18.352536,6,4
3.103976,6,5
8.289563,6,7
24.405763,6,8
17.582909,6,9
0.282336,6,10
7.1494,6,11
16.7048,6,12
5.013635,7,1
2.571168,7,2
22.505344,7,3
21.741635,7,4
2.406325,7,5
13.149712,7,6
3.659213,7,8
4.537216,7,9
0.302309,7,10
1.467107,7,11
20.133488,7,12
0.028835,8,1
41.648603,8,2
97.537749,8,3
20.227149,8,4
13.380171,8,5
24.475712,8,6
2.150328,8,7
54.022664,8,9
10.139587,8,10
31.826456,8,11
93.894752,8,12
0.145163,9,1
55.381224,9,2
44.78672,9,3
27.851491,9,4
6.811075,9,5
40.548605,9,6
8.072296,9,7
66.184021,9,8
2.98396,9,10
19.677491,9,11
45.845645,9,12
0.060416,10,2
0.161672,10,3
7.187939,10,4
0.063147,10,5
5.138083,10,6
0.053333,10,7
51.951763,10,8
0.601699,10,9
25.685352,10,11
0.168744,11,1
13.264181,11,2
21.013504,11,3
2.684325,11,4
2.890571,11,5
5.824277,11,6
6.151987,11,7
33.770861,11,8
6.907608,11,9
2.272984,11,10
10.50008,11,12
1.383296,12,1
139.227008,12,2
65.715139,12,3
63.322037,12,4
17.598869,12,5
25.809552,12,6
10.160947,12,7
114.318824,12,8
179.986907,12,9
2.125131,12,10
35.704005,12,11
succeed
0.0,0.148952,0.250829,0.026667,0.181381,0.09456,0.13924,0.08964,0.769333,0.0,0.026667,0.184736
0.104208,0.0,5.538264,10.579573,2.659861,12.659744,0.659112,625.112027,22.908675,0.132637,7.671304,46.556947
5.071883,36.302819,0.0,15.33548,5.225587,38.943757,8.456952,54.88636,9.022835,0.891933,3.44276,12.300051
0.152,6.131547,49.785963,0.0,24.041365,22.387949,19.225867,40.814739,7.728595,7.795571,11.332555,36.878053
2.891075,12.978387,18.240741,1.723824,0.0,0.817707,0.818579,4.92572,5.934203,0.0,2.134925,2.959179
0.138267,16.132816,80.156875,18.352536,3.103976,0.0,8.289563,24.405763,17.582909,0.282336,7.1494,16.7048
5.013635,2.571168,22.505344,21.741635,2.406325,13.149712,0.0,3.659213,4.537216,0.302309,1.467107,20.133488
0.028835,41.648603,97.537749,20.227149,13.380171,24.475712,2.150328,0.0,54.022664,10.139587,31.826456,93.894752
0.145163,55.381224,44.78672,27.851491,6.811075,40.548605,8.072296,66.184021,0.0,2.98396,19.677491,45.845645
0.0,0.060416,0.161672,7.187939,0.063147,5.138083,0.053333,51.951763,0.601699,0.0,25.685352,0.0
0.168744,13.264181,21.013504,2.684325,2.890571,5.824277,6.151987,33.770861,6.907608,2.272984,0.0,10.50008
1.383296,139.227008,65.715139,63.322037,17.598869,25.809552,10.160947,114.318824,179.986907,2.125131,35.704005,0.0
