1632.152614
0.423592,1,2
0.08,1,3
0.094549,1,4
0.14916,1,5
0.045571,1,6
0.182285,1,8
0.106133,1,9
6.726925,1,12
0.159392,2,1
7.946925,2,3
3.144448,2,4
35.229675,2,5
15.258824,2,6
2.129632,2,7
12.409561,2,8
4.365549,2,9
0.542831,2,10
3.518136,2,11
16.326435,2,12
1.653467,3,1
9.294859,3,2
19.874461,3,4
4.675293,3,5
18.872749,3,6
10.716216,3,7
61.536021,3,8
6.181349,3,9
0.165523,3,10
5.069443,3,11
16.882893,3,12
5.190837,4,1
6.189013,4,2
32.914669,4,3
12.584075,4,5
38.885517,4,6
13.329827,4,7
6.961307,4,8
12.784701,4,9
3.873075,4,10
15.218061,4,11
29.084776,4,12
3.114912,5,1
5.159243,5,2
3.749933,5,3
0.543147,5,4
0.249093,5,6
1.561027,5,7
2.356544,5,8
1.325437,5,9
0.838547,5,11
2.569408,5,12
15.442253,6,2
28.053283,6,3
6.484515,6,4
3.87948,6,5
35.467443,6,7
22.910491,6,8
13.092419,6,9
0.211037,6,10
7.11548,6,11
18.270165,6,12
1.892288,7,2
10.511203,7,3
11.440979,7,4
5.698077,7,5
15.804275,7,6
5.214709,7,8
1.712267,7,9
2.144333,7,10
3.757683,7,11
7.634389,7,12
0.329541,8,1
14.760853,8,2
56.575349,8,3
4.508373,8,4
3.688056,8,5
15.313611,8,6
3.300531,8,7
23.498301,8,9
6.329003,8,10
27.104371,8,11
42.393115,8,12
23.467749,9,2
18.886381,9,3
21.576091,9,4
9.284411,9,5
12.236643,9,6
5.500595,9,7
67.372525,9,8
0.673651,9,10
18.6566,9,11
23.081947,9,12
0.060203,10,2
0.106667,10,3
4.161885,10,4
0.042155,10,5
0.210912,10,6
0.026667,10,7
20.850376,10,8
0.218045,10,9
27.418677,10,11
0.066283,10,12
0.026667,11,1
8.631477,11,2
7.869027,11,3
2.387984,11,4
2.466291,11,5
2.989733,11,6
3.849141,11,7
17.895197,11,8
5.131645,11,9
4.960939,11,10
2.985712,11,12
0.252171,12,1
91.919733,12,2
47.397381,12,3
59.090243,12,4
11.046856,12,5
31.192805,12,6
10.240507,12,7
40.818232,12,8
97.683192,12,9
11.014632,12,10
41.621667,12,11
succeed
0.0,0.423592,0.08,0.094549,0.14916,0.045571,0.0,0.182285,0.106133,0.0,0.0,6.726925
0.159392,0.0,7.946925,3.144448,35.229675,15.258824,2.129632,12.409561,4.365549,0.542831,3.518136,16.326435
1.653467,9.294859,0.0,19.874461,4.675293,18.872749,10.716216,61.536021,6.181349,0.165523,5.069443,16.882893
5.190837,6.189013,32.914669,0.0,12.584075,38.885517,13.329827,6.961307,12.784701,3.873075,15.218061,29.084776
3.114912,5.159243,3.749933,0.543147,0.0,0.249093,1.561027,2.356544,1.325437,0.0,0.838547,2.569408
0.0,15.442253,28.053283,6.484515,3.87948,0.0,35.467443,22.910491,13.092419,0.211037,7.11548,18.270165
0.0,1.892288,10.511203,11.440979,5.698077,15.804275,0.0,5.214709,1.712267,2.144333,3.757683,7.634389
0.329541,14.760853,56.575349,4.508373,3.688056,15.313611,3.300531,0.0,23.498301,6.329003,27.104371,42.393115
0.0,23.467749,18.886381,21.576091,9.284411,12.236643,5.500595,67.372525,0.0,0.673651,18.6566,23.081947
0.0,0.060203,0.106667,4.161885,0.042155,0.210912,0.026667,20.850376,0.218045,0.0,27.418677,0.066283
0.026667,8.631477,7.869027,2.387984,2.466291,2.989733,3.849141,17.895197,5.131645,4.960939,0.0,2.985712
0.252171,91.919733,47.397381,59.090243,11.046856,31.192805,10.240507,40.818232,97.683192,11.014632,41.621667,0.0
