2955.138321
0.466861,1,2
0.299976,1,3
0.026667,1,4
0.08,1,5
0.08544,1,7
0.576152,1,8
0.126219,1,9
0.026667,1,11
0.833683,1,12
0.357899,2,1
14.589211,2,3
10.313757,2,4
4.832053,2,5
15.276379,2,6
5.791883,2,7
21.615111,2,8
5.581915,2,9
2.240433,2,10
5.845301,2,11
51.737464,2,12
0.686251,3,1
13.471213,3,2
10.586944,3,4
21.530971,3,5
71.232437,3,6
13.373619,3,7
36.001453,3,8
9.344395,3,9
2.227896,3,10
6.592904,3,11
38.85004,3,12
0.200072,4,1
6.886491,4,2
69.809373,4,3
37.142768,4,5
29.080307,4,6
18.322949,4,7
11.644531,4,8
13.177968,4,9
17.640613,4,10
9.998968,4,11
49.556651,4,12
1.8544,5,1
10.333752,5,2
10.890235,5,3
1.609416,5,4
6.661133,5,6
2.033368,5,7
8.312883,5,8
4.237848,5,9
0.534864,5,10
5.607616,5,11
12.469203,5,12
0.062773,6,1
18.780128,6,2
60.458619,6,3
10.225312,6,4
25.026565,6,5
10.991293,6,7
29.916373,6,8
24.478965,6,9
1.23916,6,10
20.457291,6,11
32.173403,6,12
0.141944,7,1
6.212949,7,2
26.477371,7,3
18.104165,7,4
4.509851,7,5
19.994261,7,6
3.265568,7,8
3.65844,7,9
2.572757,7,10
8.342389,7,11
11.572509,7,12
0.225613,8,1
31.149909,8,2
155.947613,8,3
17.456133,8,4
16.256637,8,5
35.277669,8,6
6.384189,8,7
64.811424,8,9
24.885397,8,10
29.80904,8,11
43.817299,8,12
1.023952,9,1
36.891259,9,2
23.716891,9,3
42.113672,9,4
13.500272,9,5
43.590411,9,6
15.600821,9,7
76.075925,9,8
4.420043,9,10
21.904779,9,11
133.345835,9,12
0.08,10,2
0.029907,10,3
19.997275,10,4
0.229947,10,5
0.404501,10,6
0.029243,10,7
27.969813,10,8
0.482192,10,9
26.861029,10,11
0.142757,10,12
0.268384,11,1
12.695885,11,2
25.104749,11,3
4.023912,11,4
5.740867,11,5
18.336832,11,6
3.947419,11,7
19.137915,11,8
19.941285,11,9
5.189693,11,10
54.333285,11,12
2.383941,12,1
202.358728,12,2
100.982656,12,3
85.054333,12,4
19.109125,12,5
86.497768,12,6
41.417264,12,7
74.451371,12,8
175.455909,12,9
8.821296,12,10
44.185568,12,11
succeed
0.0,0.466861,0.299976,0.026667,0.08,0.0,0.08544,0.576152,0.126219,0.0,0.026667,0.833683
0.357899,0.0,14.589211,10.313757,4.832053,15.276379,5.791883,21.615111,5.581915,2.240433,5.845301,51.737464
0.686251,13.471213,0.0,10.586944,21.530971,71.232437,13.373619,36.001453,9.344395,2.227896,6.592904,38.85004
0.200072,6.886491,69.809373,0.0,37.142768,29.080307,18.322949,11.644531,13.177968,17.640613,9.998968,49.556651
1.8544,10.333752,10.890235,1.609416,0.0,6.661133,2.033368,8.312883,4.237848,0.534864,5.607616,12.469203
0.062773,18.780128,60.458619,10.225312,25.026565,0.0,10.991293,29.916373,24.478965,1.23916,20.457291,32.173403
0.141944,6.212949,26.477371,18.104165,4.509851,19.994261,0.0,3.265568,3.65844,2.572757,8.342389,11.572509
0.225613,31.149909,155.947613,17.456133,16.256637,35.277669,6.384189,0.0,64.811424,24.885397,29.80904,43.817299
1.023952,36.891259,23.716891,42.113672,13.500272,43.590411,15.600821,76.075925,0.0,4.420043,21.904779,133.345835
0.0,0.08,0.029907,19.997275,0.229947,0.404501,0.029243,27.969813,0.482192,0.0,26.861029,0.142757
0.268384,12.695885,25.104749,4.023912,5.740867,18.336832,3.947419,19.137915,19.941285,5.189693,0.0,54.333285
2.383941,202.358728,100.982656,85.054333,19.109125,86.497768,41.417264,74.451371,175.455909,8.821296,44.185568,0.0
