2085.573409
0.445141,1,2
0.546248,1,3
0.090096,1,5
0.077344,1,9
0.220664,1,11
1.24572,1,12
0.097333,2,1
11.725301,2,3
4.297483,2,4
0.351971,2,5
12.784152,2,6
1.602963,2,7
8.857416,2,8
2.352736,2,9
0.15536,2,10
2.33972,2,11
28.736573,2,12
0.033624,3,1
4.872776,3,2
19.813019,3,4
6.845365,3,5
29.386507,3,6
10.150093,3,7
48.136373,3,8
133.756661,3,9
1.394816,3,10
4.978832,3,11
28.030341,3,12
0.026667,4,1
1.077861,4,2
31.226824,4,3
22.213864,4,5
19.424144,4,6
14.078443,4,7
8.58536,4,8
43.088032,4,9
9.16196,4,10
8.939192,4,11
33.989101,4,12
2.913568,5,1
24.258851,5,2
6.787941,5,3
0.791635,5,4
0.685912,5,6
0.693443,5,7
3.93288,5,8
2.315029,5,9
0.026667,5,10
3.330389,5,11
9.420816,5,12
0.026667,6,1
16.924123,6,2
34.650341,6,3
3.625355,6,4
3.223984,6,5
1.283837,6,7
11.759627,6,8
49.679995,6,9
0.342088,6,10
8.211173,6,11
25.44164,6,12
0.497317,7,2
7.629165,7,3
3.27028,7,4
2.372899,7,5
10.853851,7,6
2.345261,7,8
19.8692,7,9
0.823107,7,11
6.205621,7,12
0.787213,8,1
10.759763,8,2
53.419189,8,3
11.924467,8,4
4.876472,8,5
18.334595,8,6
6.681248,8,7
100.456261,8,9
4.198421,8,10
25.221048,8,11
84.304296,8,12
0.059616,9,1
21.395509,9,2
55.566224,9,3
26.282824,9,4
8.730824,9,5
33.545816,9,6
4.917957,9,7
54.054504,9,8
0.523109,9,10
18.289984,9,11
52.14136,9,12
0.08,10,2
0.086968,10,3
2.447168,10,4
0.08896,10,5
0.230016,10,6
0.053333,10,7
25.016509,10,8
0.590067,10,9
25.469517,10,11
0.106667,10,12
0.11424,11,1
6.050723,11,2
4.975587,11,3
1.548248,11,4
1.194344,11,5
4.286264,11,6
0.779789,11,7
13.748051,11,8
19.740269,11,9
3.156013,11,10
6.145579,11,12
0.026667,12,1
77.941528,12,2
67.952901,12,3
70.239904,12,4
19.936211,12,5
67.411256,12,6
30.706811,12,7
92.744179,12,8
99.482109,12,9
0.883301,12,10
26.540792,12,11
succeed
0.0,0.445141,0.546248,0.0,0.090096,0.0,0.0,0.0,0.077344,0.0,0.220664,1.24572
0.097333,0.0,11.725301,4.297483,0.351971,12.784152,1.602963,8.857416,2.352736,0.15536,2.33972,28.736573
0.033624,4.872776,0.0,19.813019,6.845365,29.386507,10.150093,48.136373,133.756661,1.394816,4.978832,28.030341
0.026667,1.077861,31.226824,0.0,22.213864,19.424144,14.078443,8.58536,43.088032,9.16196,8.939192,33.989101
2.913568,24.258851,6.787941,0.791635,0.0,0.685912,0.693443,3.93288,2.315029,0.026667,3.330389,9.420816
0.026667,16.924123,34.650341,3.625355,3.223984,0.0,1.283837,11.759627,49.679995,0.342088,8.211173,25.44164
0.0,0.497317,7.629165,3.27028,2.372899,10.853851,0.0,2.345261,19.8692,0.0,0.823107,6.205621
0.787213,10.759763,53.419189,11.924467,4.876472,18.334595,6.681248,0.0,100.456261,4.198421,25.221048,84.304296
0.059616,21.395509,55.566224,26.282824,8.730824,33.545816,4.917957,54.054504,0.0,0.523109,18.289984,52.14136
0.0,0.08,0.086968,2.447168,0.08896,0.230016,0.053333,25.016509,0.590067,0.0,25.469517,0.106667
0.11424,6.050723,4.975587,1.548248,1.194344,4.286264,0.779789,13.748051,19.740269,3.156013,0.0,6.145579
0.026667,77.941528,67.952901,70.239904,19.936211,67.411256,30.706811,92.744179,99.482109,0.883301,26.540792,0.0
