3422.330713
0.106667,1,2
0.340227,1,3
0.053333,1,4
0.069619,1,5
0.106331,1,6
1.347229,1,7
0.58176,1,8
0.574053,1,9
0.065952,1,10
0.506336,1,11
0.773104,1,12
0.377915,2,1
26.595752,2,3
5.389611,2,4
15.973451,2,5
18.369251,2,6
3.942067,2,7
22.549073,2,8
11.936205,2,9
2.092303,2,10
6.895461,2,11
47.444549,2,12
0.288149,3,1
32.471008,3,2
31.503744,3,4
15.037931,3,5
48.767429,3,6
33.185365,3,7
64.423579,3,8
21.38356,3,9
2.125027,3,10
10.523723,3,11
30.134445,3,12
0.249195,4,1
10.606747,4,2
82.088765,4,3
23.401013,4,5
33.539389,4,6
6.574309,4,7
25.043165,4,8
41.34056,4,9
13.816381,4,10
11.522683,4,11
68.870336,4,12
0.026667,5,1
14.435413,5,2
20.845472,5,3
3.790411,5,4
3.920008,5,6
5.287248,5,7
15.901691,5,8
7.572509,5,9
0.389787,5,10
2.802789,5,11
5.593995,5,12
0.284179,6,1
21.985816,6,2
133.577587,6,3
23.347219,6,4
4.361691,6,5
7.806667,6,7
61.516112,6,8
22.598712,6,9
2.660741,6,10
34.235824,6,11
18.120915,6,12
0.207389,7,1
3.671787,7,2
24.742491,7,3
4.418392,7,4
4.059421,7,5
12.669184,7,6
4.539832,7,8
4.390221,7,9
1.065408,7,10
1.784483,7,11
20.014133,7,12
3.156544,8,1
36.519731,8,2
159.019493,8,3
31.134227,8,4
22.623019,8,5
44.272608,8,6
14.178525,8,7
104.953856,8,9
21.755325,8,10
51.637128,8,11
124.541539,8,12
3.599789,9,1
43.678464,9,2
64.976491,9,3
40.476939,9,4
12.272099,9,5
64.955917,9,6
16.412475,9,7
83.413579,9,8
3.982605,9,10
33.750341,9,11
110.450384,9,12
0.271552,10,2
6.214765,10,3
11.679128,10,4
0.445101,10,5
5.387821,10,6
1.370107,10,7
40.898477,10,8
6.280688,10,9
43.213952,10,11
1.222643,10,12
0.217491,11,1
12.383992,11,2
24.04456,11,3
5.118691,11,4
7.135909,11,5
19.328888,11,6
3.541611,11,7
29.856139,11,8
21.661595,11,9
15.788605,11,10
13.173179,11,12
1.057611,12,1
182.222208,12,2
93.250013,12,3
71.235064,12,4
24.924907,12,5
61.617277,12,6
21.666195,12,7
135.084952,12,8
147.651256,12,9
9.564805,12,10
47.449507,12,11
succeed
0.0,0.106667,0.340227,0.053333,0.069619,0.106331,1.347229,0.58176,0.574053,0.065952,0.506336,0.773104
0.377915,0.0,26.595752,5.389611,15.973451,18.369251,3.942067,22.549073,11.936205,2.092303,6.895461,47.444549
0.288149,32.471008,0.0,31.503744,15.037931,48.767429,33.185365,64.423579,21.38356,2.125027,10.523723,30.134445
0.249195,10.606747,82.088765,0.0,23.401013,33.539389,6.574309,25.043165,41.34056,13.816381,11.522683,68.870336
0.026667,14.435413,20.845472,3.790411,0.0,3.920008,5.287248,15.901691,7.572509,0.389787,2.802789,5.593995
0.284179,21.985816,133.577587,23.347219,4.361691,0.0,7.806667,61.516112,22.598712,2.660741,34.235824,18.120915
0.207389,3.671787,24.742491,4.418392,4.059421,12.669184,0.0,4.539832,4.390221,1.065408,1.784483,20.014133
3.156544,36.519731,159.019493,31.134227,22.623019,44.272608,14.178525,0.0,104.953856,21.755325,51.637128,124.541539
3.599789,43.678464,64.976491,40.476939,12.272099,64.955917,16.412475,83.413579,0.0,3.982605,33.750341,110.450384
0.0,0.271552,6.214765,11.679128,0.445101,5.387821,1.370107,40.898477,6.280688,0.0,43.213952,1.222643
0.217491,12.383992,24.04456,5.118691,7.135909,19.328888,3.541611,29.856139,21.661595,15.788605,0.0,13.173179
1.057611,182.222208,93.250013,71.235064,24.924907,61.617277,21.666195,135.084952,147.651256,9.564805,47.449507,0.0
