3892.162138
0.64332,1,2
1.232053,1,3
0.748741,1,5
0.444477,1,6
0.600781,1,7
1.652928,1,9
0.053333,1,11
2.96728,1,12
41.691581,2,3
0.393904,2,4
51.72112,2,5
35.701931,2,6
6.112592,2,7
0.053333,2,8
18.776333,2,9
0.66392,2,11
55.529664,2,12
40.383651,3,2
117.958197,3,4
47.583112,3,5
62.197965,3,6
30.839413,3,7
0.320309,3,8
90.037003,3,9
3.682888,3,11
76.161032,3,12
3.576909,4,2
4.800488,4,3
35.090171,4,5
47.530933,4,6
23.717611,4,7
0.892501,4,9
108.512571,4,10
1.052755,4,11
24.080088,4,12
96.145563,5,2
0.316339,5,3
1.400904,5,4
0.334325,5,6
0.026667,5,8
11.262845,5,9
0.08,5,11
123.788749,5,12
21.187571,6,2
117.386296,6,3
67.668117,6,4
22.750632,6,5
16.098109,6,7
0.026667,6,8
85.685205,6,9
0.026667,6,10
0.655344,6,11
26.814885,6,12
9.364693,7,2
39.943077,7,3
23.124099,7,4
11.24584,7,5
19.755341,7,6
0.026667,7,8
11.828835,7,9
0.053333,7,10
0.231776,7,11
19.536453,7,12
74.797269,8,2
1.633152,8,3
0.159331,8,4
21.924376,8,5
0.10312,8,6
0.061072,8,7
2.212133,8,9
320.161707,8,10
23.71324,8,11
94.127235,8,12
60.130309,9,2
118.431699,9,3
179.309875,9,4
77.739925,9,5
49.180368,9,6
28.051832,9,7
0.357133,9,8
0.10848,9,10
4.975211,9,11
145.172915,9,12
0.763363,10,2
0.053333,10,3
0.026667,10,4
0.712307,10,5
0.053333,10,7
7.972592,10,8
0.377781,10,9
48.496291,10,11
7.054373,10,12
10.427192,11,2
1.680232,11,3
0.026667,11,4
6.436613,11,5
0.026667,11,6
1.694011,11,7
17.115581,11,8
1.587781,11,9
119.661171,11,10
14.310261,11,12
90.585741,12,2
133.886811,12,3
9.802048,12,4
290.520773,12,5
61.51116,12,6
23.618576,12,7
0.083725,12,8
173.621848,12,9
0.061243,12,10
3.473728,12,11
succeed
0.0,0.64332,1.232053,0.0,0.748741,0.444477,0.600781,0.0,1.652928,0.0,0.053333,2.96728
0.0,0.0,41.691581,0.393904,51.72112,35.701931,6.112592,0.053333,18.776333,0.0,0.66392,55.529664
0.0,40.383651,0.0,117.958197,47.583112,62.197965,30.839413,0.320309,90.037003,0.0,3.682888,76.161032
0.0,3.576909,4.800488,0.0,35.090171,47.530933,23.717611,0.0,0.892501,108.512571,1.052755,24.080088
0.0,96.145563,0.316339,1.400904,0.0,0.334325,0.0,0.026667,11.262845,0.0,0.08,123.788749
0.0,21.187571,117.386296,67.668117,22.750632,0.0,16.098109,0.026667,85.685205,0.026667,0.655344,26.814885
0.0,9.364693,39.943077,23.124099,11.24584,19.755341,0.0,0.026667,11.828835,0.053333,0.231776,19.536453
0.0,74.797269,1.633152,0.159331,21.924376,0.10312,0.061072,0.0,2.212133,320.161707,23.71324,94.127235
0.0,60.130309,118.431699,179.309875,77.739925,49.180368,28.051832,0.357133,0.0,0.10848,4.975211,145.172915
0.0,0.763363,0.053333,0.026667,0.712307,0.0,0.053333,7.972592,0.377781,0.0,48.496291,7.054373
0.0,10.427192,1.680232,0.026667,6.436613,0.026667,1.694011,17.115581,1.587781,119.661171,0.0,14.310261
0.0,90.585741,133.886811,9.802048,290.520773,61.51116,23.618576,0.083725,173.621848,0.061243,3.473728,0.0
