4445.430822
0.744987,1,2
1.846536,1,3
0.922616,1,5
0.725544,1,6
0.336899,1,7
0.026667,1,8
2.125744,1,9
0.053333,1,10
3.705992,1,12
46.954445,2,3
0.084213,2,4
75.560251,2,5
106.986645,2,6
6.163008,2,7
0.195032,2,8
29.437152,2,9
0.92464,2,10
0.214224,2,11
95.237635,2,12
31.307333,3,2
19.18904,3,4
91.982845,3,5
80.372224,3,6
23.116653,3,7
0.190421,3,8
44.462264,3,9
0.149576,3,10
1.080971,3,11
50.016573,3,12
12.0308,4,2
74.447813,4,3
57.592101,4,5
68.257608,4,6
29.174477,4,7
0.026667,4,8
22.443955,4,9
29.232824,4,10
0.324576,4,11
56.760899,4,12
55.578221,5,2
4.01072,5,3
0.138467,5,4
0.057296,5,6
0.08,5,8
11.335035,5,9
0.071136,5,10
0.124,5,11
124.85132,5,12
104.361211,6,2
161.824736,6,3
26.488928,6,4
62.578147,6,5
26.220069,6,7
0.306667,6,8
54.773152,6,9
5.110957,6,10
0.391339,6,11
55.414304,6,12
6.979379,7,2
55.844661,7,3
19.753885,7,4
22.752325,7,5
24.255664,7,6
0.026667,7,8
11.092168,7,9
0.106667,7,10
0.171501,7,11
12.354872,7,12
44.491715,8,2
12.004872,8,3
17.551643,8,4
165.710339,8,5
1.486077,8,6
1.465379,8,7
63.674392,8,9
19.57364,8,10
23.535771,8,11
111.484776,8,12
71.601576,9,2
96.701613,9,3
45.591173,9,4
137.580507,9,5
99.495213,9,6
27.5662,9,7
0.324181,9,8
0.621979,9,10
1.716048,9,11
245.093587,9,12
1.714051,10,2
4.045973,10,3
13.470288,10,4
15.272656,10,5
0.04796,10,6
0.742069,10,7
45.428544,10,8
11.22736,10,9
56.985032,10,11
1.915923,10,12
16.339256,11,2
26.786416,11,3
11.035024,11,4
62.962445,11,5
1.02236,11,6
6.370029,11,7
26.235979,11,8
17.335224,11,9
12.059397,11,10
41.434824,11,12
128.941368,12,2
114.124851,12,3
8.067648,12,4
394.405013,12,5
72.259264,12,6
24.988392,12,7
0.126667,12,8
224.620331,12,9
0.729656,12,10
6.007464,12,11
succeed
0.0,0.744987,1.846536,0.0,0.922616,0.725544,0.336899,0.026667,2.125744,0.053333,0.0,3.705992
0.0,0.0,46.954445,0.084213,75.560251,106.986645,6.163008,0.195032,29.437152,0.92464,0.214224,95.237635
0.0,31.307333,0.0,19.18904,91.982845,80.372224,23.116653,0.190421,44.462264,0.149576,1.080971,50.016573
0.0,12.0308,74.447813,0.0,57.592101,68.257608,29.174477,0.026667,22.443955,29.232824,0.324576,56.760899
0.0,55.578221,4.01072,0.138467,0.0,0.057296,0.0,0.08,11.335035,0.071136,0.124,124.85132
0.0,104.361211,161.824736,26.488928,62.578147,0.0,26.220069,0.306667,54.773152,5.110957,0.391339,55.414304
0.0,6.979379,55.844661,19.753885,22.752325,24.255664,0.0,0.026667,11.092168,0.106667,0.171501,12.354872
0.0,44.491715,12.004872,17.551643,165.710339,1.486077,1.465379,0.0,63.674392,19.57364,23.535771,111.484776
0.0,71.601576,96.701613,45.591173,137.580507,99.495213,27.5662,0.324181,0.0,0.621979,1.716048,245.093587
0.0,1.714051,4.045973,13.470288,15.272656,0.04796,0.742069,45.428544,11.22736,0.0,56.985032,1.915923
0.0,16.339256,26.786416,11.035024,62.962445,1.02236,6.370029,26.235979,17.335224,12.059397,0.0,41.434824
0.0,128.941368,114.124851,8.067648,394.405013,72.259264,24.988392,0.126667,224.620331,0.729656,6.007464,0.0
