2263.413105
0.133901,1,2
0.082517,1,3
0.086053,1,5
0.082904,1,6
0.053333,1,7
0.060211,1,8
0.398141,1,9
0.060211,1,10
0.29768,1,11
1.447093,1,12
0.053333,2,1
14.673192,2,3
3.872696,2,4
30.112744,2,5
20.573507,2,6
2.400899,2,7
15.169309,2,8
4.277512,2,9
0.919523,2,10
14.107501,2,11
36.939373,2,12
2.409627,3,1
10.831816,3,2
6.091976,3,4
5.670877,3,5
21.370739,3,6
7.350723,3,7
90.667389,3,8
11.078739,3,9
2.321101,3,10
24.87404,3,11
29.40468,3,12
0.073749,4,1
7.542171,4,2
79.190752,4,3
16.566979,4,5
9.28844,4,6
20.587437,4,7
14.584027,4,8
7.613395,4,9
15.323411,4,10
23.388696,4,11
17.408885,4,12
1.188275,5,1
2.298885,5,2
19.347085,5,3
1.283512,5,4
2.181277,5,6
1.721245,5,7
2.335787,5,8
3.603027,5,9
0.026667,5,10
10.074525,5,11
3.567592,5,12
0.128347,6,1
15.237093,6,2
58.227499,6,3
14.281704,6,4
0.79952,6,5
2.594259,6,7
14.304184,6,8
6.728835,6,9
0.863547,6,10
25.078139,6,11
8.570808,6,12
0.272315,7,1
7.796693,7,2
32.192667,7,3
9.584576,7,4
5.472357,7,5
16.092949,7,6
6.486152,7,8
12.490096,7,9
2.577032,7,10
9.471197,7,11
8.844648,7,12
0.040701,8,1
37.571565,8,2
126.994107,8,3
17.162427,8,4
9.471645,8,5
12.652192,8,6
5.085061,8,7
28.912229,8,9
15.317123,8,10
65.437592,8,11
40.955667,8,12
3.13992,9,1
18.573133,9,2
24.66796,9,3
12.289477,9,4
4.162491,9,5
20.182027,9,6
5.755283,9,7
55.238501,9,8
2.467496,9,10
33.804048,9,11
76.404619,9,12
0.026667,10,3
0.268805,10,4
3.403755,10,6
6.506616,10,8
0.1078,10,9
17.012805,10,11
0.186491,10,12
0.150605,11,1
11.848885,11,2
23.488987,11,3
2.813232,11,4
3.397555,11,5
11.161971,11,6
3.174341,11,7
34.646587,11,8
10.803779,11,9
1.288829,11,10
14.006765,11,12
0.45868,12,1
139.415355,12,2
98.283597,12,3
66.209077,12,4
17.162571,12,5
21.226248,12,6
29.164187,12,7
61.77104,12,8
132.725995,12,9
1.612349,12,10
59.640491,12,11
succeed
0.0,0.133901,0.082517,0.0,0.086053,0.082904,0.053333,0.060211,0.398141,0.060211,0.29768,1.447093
0.053333,0.0,14.673192,3.872696,30.112744,20.573507,2.400899,15.169309,4.277512,0.919523,14.107501,36.939373
2.409627,10.831816,0.0,6.091976,5.670877,21.370739,7.350723,90.667389,11.078739,2.321101,24.87404,29.40468
0.073749,7.542171,79.190752,0.0,16.566979,9.28844,20.587437,14.584027,7.613395,15.323411,23.388696,17.408885
1.188275,2.298885,19.347085,1.283512,0.0,2.181277,1.721245,2.335787,3.603027,0.026667,10.074525,3.567592
0.128347,15.237093,58.227499,14.281704,0.79952,0.0,2.594259,14.304184,6.728835,0.863547,25.078139,8.570808
0.272315,7.796693,32.192667,9.584576,5.472357,16.092949,0.0,6.486152,12.490096,2.577032,9.471197,8.844648
0.040701,37.571565,126.994107,17.162427,9.471645,12.652192,5.085061,0.0,28.912229,15.317123,65.437592,40.955667
3.13992,18.573133,24.66796,12.289477,4.162491,20.182027,5.755283,55.238501,0.0,2.467496,33.804048,76.404619
0.0,0.0,0.026667,0.268805,0.0,3.403755,0.0,6.506616,0.1078,0.0,17.012805,0.186491
0.150605,11.848885,23.488987,2.813232,3.397555,11.161971,3.174341,34.646587,10.803779,1.288829,0.0,14.006765
0.45868,139.415355,98.283597,66.209077,17.162571,21.226248,29.164187,61.77104,132.725995,1.612349,59.640491,0.0
