3095.954772
0.615517,1,2
0.281861,1,3
0.032288,1,4
0.049387,1,5
0.096189,1,7
0.443912,1,8
0.026667,1,9
0.0726,1,11
1.646045,1,12
0.367584,2,1
16.030712,2,3
6.943019,2,4
7.46712,2,5
18.548504,2,6
4.240547,2,7
15.267423,2,8
5.752837,2,9
0.767583,2,10
5.721125,2,11
41.268032,2,12
1.17376,3,1
16.119419,3,2
41.234411,3,4
13.696141,3,5
49.206704,3,6
12.211336,3,7
93.936768,3,8
15.51156,3,9
4.131816,3,10
10.376381,3,11
42.636261,3,12
0.26672,4,1
8.466437,4,2
47.529512,4,3
19.578539,4,5
55.678205,4,6
8.922555,4,7
43.168421,4,8
15.463789,4,9
17.114675,4,10
7.518448,4,11
43.060643,4,12
6.493696,5,2
15.844139,5,3
4.402048,5,4
8.063979,5,6
2.906533,5,7
8.255384,5,8
5.673877,5,9
0.048061,5,10
2.00236,5,11
4.756139,5,12
0.053333,6,1
15.276277,6,2
58.244461,6,3
24.13908,6,4
8.737405,6,5
5.376157,6,7
44.369507,6,8
43.038139,6,9
2.951853,6,10
15.560419,6,11
34.300784,6,12
0.407728,7,1
4.410205,7,2
26.358845,7,3
8.076056,7,4
3.063925,7,5
6.43264,7,6
7.562155,7,8
6.749973,7,9
0.588488,7,10
1.74092,7,11
19.202808,7,12
1.154968,8,1
23.36772,8,2
88.838184,8,3
50.759112,8,4
12.773637,8,5
45.281419,8,6
15.707229,8,7
94.380419,8,9
14.870811,8,10
22.609205,8,11
128.058131,8,12
0.386579,9,1
32.443811,9,2
45.889837,9,3
32.755957,9,4
19.858309,9,5
68.026275,9,6
14.359853,9,7
120.225813,9,8
8.599363,9,10
23.559016,9,11
166.897976,9,12
0.330968,10,2
2.080744,10,3
2.111128,10,4
0.440499,10,5
1.054539,10,6
0.456067,10,7
48.965835,10,8
9.919069,10,9
56.10616,10,11
0.391677,10,12
0.117749,11,1
8.940008,11,2
17.37564,11,3
7.516648,11,4
4.499411,11,5
8.316507,11,6
4.839893,11,7
37.999731,11,8
9.42912,11,9
5.925008,11,10
10.306419,11,12
0.910901,12,1
157.020285,12,2
60.306909,12,3
78.276211,12,4
19.373075,12,5
48.910755,12,6
28.756032,12,7
151.341093,12,8
155.64812,12,9
7.327208,12,10
32.428912,12,11
succeed
0.0,0.615517,0.281861,0.032288,0.049387,0.0,0.096189,0.443912,0.026667,0.0,0.0726,1.646045
0.367584,0.0,16.030712,6.943019,7.46712,18.548504,4.240547,15.267423,5.752837,0.767583,5.721125,41.268032
1.17376,16.119419,0.0,41.234411,13.696141,49.206704,12.211336,93.936768,15.51156,4.131816,10.376381,42.636261
0.26672,8.466437,47.529512,0.0,19.578539,55.678205,8.922555,43.168421,15.463789,17.114675,7.518448,43.060643
0.0,6.493696,15.844139,4.402048,0.0,8.063979,2.906533,8.255384,5.673877,0.048061,2.00236,4.756139
0.053333,15.276277,58.244461,24.13908,8.737405,0.0,5.376157,44.369507,43.038139,2.951853,15.560419,34.300784
0.407728,4.410205,26.358845,8.076056,3.063925,6.43264,0.0,7.562155,6.749973,0.588488,1.74092,19.202808
1.154968,23.36772,88.838184,50.759112,12.773637,45.281419,15.707229,0.0,94.380419,14.870811,22.609205,128.058131
0.386579,32.443811,45.889837,32.755957,19.858309,68.026275,14.359853,120.225813,0.0,8.599363,23.559016,166.897976
0.0,0.330968,2.080744,2.111128,0.440499,1.054539,0.456067,48.965835,9.919069,0.0,56.10616,0.391677
0.117749,8.940008,17.37564,7.516648,4.499411,8.316507,4.839893,37.999731,9.42912,5.925008,0.0,10.306419
0.910901,157.020285,60.306909,78.276211,19.373075,48.910755,28.756032,151.341093,155.64812,7.327208,32.428912,0.0
