3243.434173
0.026667,1,2
0.928152,1,3
0.334261,1,5
0.818909,1,6
0.260864,1,7
0.934779,1,9
1.804653,1,12
38.143349,2,3
0.22752,2,4
30.509947,2,5
24.653376,2,6
5.107984,2,7
0.026667,2,8
14.272389,2,9
0.053333,2,10
1.065243,2,11
43.108067,2,12
82.802843,3,2
27.711984,3,4
143.284053,3,5
63.283139,3,6
12.719923,3,7
33.065813,3,9
0.026667,3,10
1.773739,3,11
47.892539,3,12
8.476464,4,2
52.140136,4,3
31.561547,4,5
29.199712,4,6
7.88448,4,7
0.026667,4,8
20.195237,4,9
6.902896,4,10
0.208931,4,11
34.112747,4,12
34.265968,5,2
0.802419,5,3
0.026667,5,4
0.044808,5,7
0.026667,5,8
10.353368,5,9
0.091029,5,11
108.914309,5,12
20.46872,6,2
107.645656,6,3
12.015525,6,4
81.323571,6,5
6.640936,6,7
0.340117,6,8
52.744056,6,9
0.083139,6,10
0.654885,6,11
38.715637,6,12
6.388904,7,2
27.935912,7,3
7.954387,7,4
28.586203,7,5
15.929469,7,6
0.205571,7,8
8.959131,7,9
0.884704,7,11
15.468723,7,12
26.104717,8,2
8.219083,8,3
23.520285,8,4
186.641259,8,5
0.184264,8,6
0.136483,8,7
78.269669,8,9
15.117205,8,10
25.892072,8,11
97.880115,8,12
38.315243,9,2
65.920421,9,3
39.080773,9,4
134.638851,9,5
59.500141,9,6
14.83996,9,7
0.342107,9,8
0.945643,9,10
5.50296,9,11
111.256405,9,12
0.858259,10,2
7.286819,10,3
1.336024,10,4
8.194029,10,5
0.210232,10,7
45.201141,10,8
55.347456,10,9
44.291211,10,11
0.562992,10,12
8.746504,11,2
0.681019,11,3
7.401979,11,4
29.659637,11,5
0.053333,11,6
3.975048,11,7
22.108573,11,8
10.639944,11,9
6.079968,11,10
10.777187,11,12
136.094691,12,2
76.150829,12,3
11.427147,12,4
214.427571,12,5
71.414219,12,6
20.902384,12,7
0.214283,12,8
159.254648,12,9
4.813232,12,11
succeed
0.0,0.026667,0.928152,0.0,0.334261,0.818909,0.260864,0.0,0.934779,0.0,0.0,1.804653
0.0,0.0,38.143349,0.22752,30.509947,24.653376,5.107984,0.026667,14.272389,0.053333,1.065243,43.108067
0.0,82.802843,0.0,27.711984,143.284053,63.283139,12.719923,0.0,33.065813,0.026667,1.773739,47.892539
0.0,8.476464,52.140136,0.0,31.561547,29.199712,7.88448,0.026667,20.195237,6.902896,0.208931,34.112747
0.0,34.265968,0.802419,0.026667,0.0,0.0,0.044808,0.026667,10.353368,0.0,0.091029,108.914309
0.0,20.46872,107.645656,12.015525,81.323571,0.0,6.640936,0.340117,52.744056,0.083139,0.654885,38.715637
0.0,6.388904,27.935912,7.954387,28.586203,15.929469,0.0,0.205571,8.959131,0.0,0.884704,15.468723
0.0,26.104717,8.219083,23.520285,186.641259,0.184264,0.136483,0.0,78.269669,15.117205,25.892072,97.880115
0.0,38.315243,65.920421,39.080773,134.638851,59.500141,14.83996,0.342107,0.0,0.945643,5.50296,111.256405
0.0,0.858259,7.286819,1.336024,8.194029,0.0,0.210232,45.201141,55.347456,0.0,44.291211,0.562992
0.0,8.746504,0.681019,7.401979,29.659637,0.053333,3.975048,22.108573,10.639944,6.079968,0.0,10.777187
0.0,136.094691,76.150829,11.427147,214.427571,71.414219,20.902384,0.214283,159.254648,0.0,4.813232,0.0
