3608.14509
1.49332,1,2
2.918523,1,3
0.612659,1,4
0.386448,1,5
1.797909,1,6
0.696765,1,7
1.026803,1,8
2.703307,1,9
0.189165,1,10
0.295123,1,11
1.460448,1,12
2.340651,2,1
38.034709,2,3
12.577699,2,4
6.928792,2,5
34.927573,2,6
18.342197,2,7
26.8952,2,8
17.942995,2,9
2.199951,2,10
10.289749,2,11
109.198763,2,12
0.735747,3,1
19.495016,3,2
20.280915,3,4
32.423469,3,5
59.096581,3,6
17.133987,3,7
38.665149,3,8
7.389357,3,9
6.360123,3,10
7.400133,3,11
10.084557,3,12
0.26644,4,1
11.866624,4,2
71.010155,4,3
12.39332,4,5
27.981387,4,6
11.68048,4,7
31.803256,4,8
24.126563,4,9
11.165648,4,10
15.397,4,11
58.518605,4,12
2.237059,5,1
4.318429,5,2
46.450883,5,3
10.452021,5,4
12.513779,5,6
7.874397,5,7
8.022379,5,8
9.210533,5,9
2.987376,5,10
3.384744,5,11
8.425101,5,12
0.568379,6,1
17.079563,6,2
150.932525,6,3
15.911608,6,4
10.188027,6,5
33.091424,6,7
106.003309,6,8
42.180035,6,9
6.845821,6,10
20.177117,6,11
43.771269,6,12
0.227723,7,1
6.066621,7,2
36.989779,7,3
13.086272,7,4
12.824451,7,5
14.493085,7,6
4.975973,7,8
10.892805,7,9
1.343624,7,10
2.826176,7,11
13.814563,7,12
0.816539,8,1
52.92716,8,2
109.186288,8,3
31.008904,8,4
21.779984,8,5
57.758032,8,6
13.88824,8,7
54.137741,8,9
13.2116,8,10
31.276656,8,11
72.234232,8,12
3.619853,9,1
51.505323,9,2
66.349675,9,3
38.679341,9,4
22.42028,9,5
81.960741,9,6
28.762995,9,7
92.207272,9,8
18.869763,9,10
40.204139,9,11
144.946733,9,12
0.366619,10,1
0.81168,10,2
8.026611,10,3
21.259832,10,4
1.373477,10,5
3.986749,10,6
0.874893,10,7
36.812035,10,8
4.284741,10,9
57.413349,10,11
4.080096,10,12
0.543984,11,1
13.294773,11,2
56.955893,11,3
14.664864,11,4
4.591603,11,5
24.780965,11,6
4.678541,11,7
37.344245,11,8
18.680645,11,9
9.583432,11,10
21.767515,11,12
3.172768,12,1
96.939253,12,2
100.269224,12,3
55.547189,12,4
19.113304,12,5
95.8384,12,6
20.046701,12,7
101.724763,12,8
192.629461,12,9
17.362627,12,10
42.873256,12,11
succeed
0.0,1.49332,2.918523,0.612659,0.386448,1.797909,0.696765,1.026803,2.703307,0.189165,0.295123,1.460448
2.340651,0.0,38.034709,12.577699,6.928792,34.927573,18.342197,26.8952,17.942995,2.199951,10.289749,109.198763
0.735747,19.495016,0.0,20.280915,32.423469,59.096581,17.133987,38.665149,7.389357,6.360123,7.400133,10.084557
0.26644,11.866624,71.010155,0.0,12.39332,27.981387,11.68048,31.803256,24.126563,11.165648,15.397,58.518605
2.237059,4.318429,46.450883,10.452021,0.0,12.513779,7.874397,8.022379,9.210533,2.987376,3.384744,8.425101
0.568379,17.079563,150.932525,15.911608,10.188027,0.0,33.091424,106.003309,42.180035,6.845821,20.177117,43.771269
0.227723,6.066621,36.989779,13.086272,12.824451,14.493085,0.0,4.975973,10.892805,1.343624,2.826176,13.814563
0.816539,52.92716,109.186288,31.008904,21.779984,57.758032,13.88824,0.0,54.137741,13.2116,31.276656,72.234232
3.619853,51.505323,66.349675,38.679341,22.42028,81.960741,28.762995,92.207272,0.0,18.869763,40.204139,144.946733
0.366619,0.81168,8.026611,21.259832,1.373477,3.986749,0.874893,36.812035,4.284741,0.0,57.413349,4.080096
0.543984,13.294773,56.955893,14.664864,4.591603,24.780965,4.678541,37.344245,18.680645,9.583432,0.0,21.767515
3.172768,96.939253,100.269224,55.547189,19.113304,95.8384,20.046701,101.724763,192.629461,17.362627,42.873256,0.0
