2233.659237
0.430685,1,3
0.174037,1,8
0.516597,1,9
0.197285,1,11
0.101317,1,12
0.026667,2,1
27.57,2,3
4.953749,2,4
1.746208,2,5
10.245147,2,6
0.250013,2,7
16.869936,2,8
5.574112,2,9
0.253373,2,10
5.040645,2,11
26.112963,2,12
0.363139,3,1
29.419896,3,2
10.497371,3,4
60.161211,3,5
27.525973,3,6
8.525237,3,7
26.017525,3,8
12.851384,3,9
3.986117,3,10
8.779563,3,11
20.843896,3,12
0.120587,4,1
6.018539,4,2
68.166523,4,3
21.326125,4,5
27.192677,4,6
23.28328,4,7
21.608131,4,8
9.717307,4,9
9.238509,4,10
24.640144,4,11
39.599547,4,12
0.026667,5,1
23.6488,5,2
5.969899,5,3
0.662784,5,4
3.698608,5,6
1.901301,5,7
3.483341,5,8
5.857205,5,9
2.226216,5,11
4.731643,5,12
0.115144,6,1
8.114368,6,2
86.141464,6,3
7.558117,6,4
0.319285,6,5
5.664027,6,7
15.23028,6,8
5.441283,6,9
2.071768,6,10
19.286725,6,11
17.304915,6,12
0.110925,7,1
1.170429,7,2
12.302336,7,3
4.497045,7,4
4.448749,7,5
13.217245,7,6
7.775699,7,8
1.444173,7,9
2.391061,7,10
3.688867,7,11
8.846507,7,12
0.053333,8,1
57.510384,8,2
129.642267,8,3
7.000125,8,4
2.159037,8,5
19.331152,8,6
5.131371,8,7
23.855053,8,9
21.577571,8,10
35.636488,8,11
79.1258,8,12
0.029731,9,1
10.272187,9,2
29.709501,9,3
23.547552,9,4
8.277821,9,5
20.36808,9,6
6.070291,9,7
70.364816,9,8
1.241456,9,10
33.930421,9,11
26.061973,9,12
0.300075,10,2
0.08,10,3
5.898525,10,4
0.272979,10,6
38.913464,10,8
0.152048,10,9
40.640285,10,11
0.026667,10,12
0.126869,11,1
6.09452,11,2
7.877117,11,3
2.618299,11,4
3.509749,11,5
5.253813,11,6
2.046459,11,7
18.39336,11,8
4.944075,11,9
7.131813,11,10
4.108024,11,12
0.163587,12,1
75.600557,12,2
66.706981,12,3
64.515613,12,4
20.590563,12,5
27.545163,12,6
12.758541,12,7
156.145595,12,8
173.981928,12,9
0.759619,12,10
36.314248,12,11
succeed
0.0,0.0,0.430685,0.0,0.0,0.0,0.0,0.174037,0.516597,0.0,0.197285,0.101317
0.026667,0.0,27.57,4.953749,1.746208,10.245147,0.250013,16.869936,5.574112,0.253373,5.040645,26.112963
0.363139,29.419896,0.0,10.497371,60.161211,27.525973,8.525237,26.017525,12.851384,3.986117,8.779563,20.843896
0.120587,6.018539,68.166523,0.0,21.326125,27.192677,23.28328,21.608131,9.717307,9.238509,24.640144,39.599547
0.026667,23.6488,5.969899,0.662784,0.0,3.698608,1.901301,3.483341,5.857205,0.0,2.226216,4.731643
0.115144,8.114368,86.141464,7.558117,0.319285,0.0,5.664027,15.23028,5.441283,2.071768,19.286725,17.304915
0.110925,1.170429,12.302336,4.497045,4.448749,13.217245,0.0,7.775699,1.444173,2.391061,3.688867,8.846507
0.053333,57.510384,129.642267,7.000125,2.159037,19.331152,5.131371,0.0,23.855053,21.577571,35.636488,79.1258
0.029731,10.272187,29.709501,23.547552,8.277821,20.36808,6.070291,70.364816,0.0,1.241456,33.930421,26.061973
0.0,0.300075,0.08,5.898525,0.0,0.272979,0.0,38.913464,0.152048,0.0,40.640285,0.026667
0.126869,6.09452,7.877117,2.618299,3.509749,5.253813,2.046459,18.39336,4.944075,7.131813,0.0,4.108024
0.163587,75.600557,66.706981,64.515613,20.590563,27.545163,12.758541,156.145595,173.981928,0.759619,36.314248,0.0
