2335.916375
0.106667,1,2
1.019451,1,3
0.053333,1,5
0.026667,1,6
0.147659,1,8
0.056171,1,9
0.026667,1,11
0.215939,1,12
0.291821,2,1
3.804235,2,3
7.603784,2,4
1.407507,2,5
8.83224,2,6
0.792267,2,7
13.835499,2,8
8.597064,2,9
0.597264,2,10
3.147805,2,11
68.737749,2,12
0.112397,3,1
41.155248,3,2
6.983949,3,4
3.324003,3,5
16.535368,3,6
4.317565,3,7
48.860139,3,8
5.275704,3,9
0.276184,3,10
5.820139,3,11
17.140216,3,12
0.076483,4,1
7.981835,4,2
49.683669,4,3
9.807832,4,5
26.633987,4,6
9.872656,4,7
4.644584,4,8
6.296357,4,9
5.046907,4,10
3.557115,4,11
27.010912,4,12
2.085405,5,1
3.331875,5,2
17.366331,5,3
0.40304,5,4
5.517211,5,6
1.387797,5,7
3.493803,5,8
1.895293,5,9
0.026667,5,10
1.718304,5,11
3.750195,5,12
16.699203,6,2
72.040877,6,3
1.944096,6,4
4.032259,6,5
2.213357,6,7
39.527309,6,8
19.638493,6,9
3.851152,6,10
8.741773,6,11
25.841504,6,12
0.026667,7,1
1.87944,7,2
21.699565,7,3
7.327451,7,4
2.976035,7,5
3.459725,7,6
8.245091,7,8
6.575013,7,9
2.047925,7,10
2.225821,7,11
4.54904,7,12
0.906813,8,1
47.723248,8,2
128.533525,8,3
4.731027,8,4
9.591115,8,5
27.156955,8,6
2.356613,8,7
55.577059,8,9
13.271603,8,10
42.479968,8,11
98.160456,8,12
0.053333,9,1
38.832376,9,2
42.275765,9,3
105.570552,9,4
3.559816,9,5
27.96156,9,6
6.900941,9,7
60.124272,9,8
1.521771,9,10
26.515035,9,11
64.331283,9,12
0.648525,10,3
5.825328,10,4
0.143424,10,5
1.911861,10,6
0.146,10,7
26.667243,10,8
0.364563,10,9
18.950784,10,11
0.188179,10,12
9.887464,11,2
37.173979,11,3
0.802192,11,4
3.019229,11,5
6.165253,11,6
1.225672,11,7
23.163547,11,8
9.589443,11,9
2.001747,11,10
9.852619,11,12
0.088669,12,1
97.294923,12,2
79.690168,12,3
64.661504,12,4
6.742509,12,5
40.494667,12,6
13.082323,12,7
108.059733,12,8
209.241184,12,9
2.764949,12,10
31.702853,12,11
succeed
0.0,0.106667,1.019451,0.0,0.053333,0.026667,0.0,0.147659,0.056171,0.0,0.026667,0.215939
0.291821,0.0,3.804235,7.603784,1.407507,8.83224,0.792267,13.835499,8.597064,0.597264,3.147805,68.737749
0.112397,41.155248,0.0,6.983949,3.324003,16.535368,4.317565,48.860139,5.275704,0.276184,5.820139,17.140216
0.076483,7.981835,49.683669,0.0,9.807832,26.633987,9.872656,4.644584,6.296357,5.046907,3.557115,27.010912
2.085405,3.331875,17.366331,0.40304,0.0,5.517211,1.387797,3.493803,1.895293,0.026667,1.718304,3.750195
0.0,16.699203,72.040877,1.944096,4.032259,0.0,2.213357,39.527309,19.638493,3.851152,8.741773,25.841504
0.026667,1.87944,21.699565,7.327451,2.976035,3.459725,0.0,8.245091,6.575013,2.047925,2.225821,4.54904
0.906813,47.723248,128.533525,4.731027,9.591115,27.156955,2.356613,0.0,55.577059,13.271603,42.479968,98.160456
0.053333,38.832376,42.275765,105.570552,3.559816,27.96156,6.900941,60.124272,0.0,1.521771,26.515035,64.331283
0.0,0.0,0.648525,5.825328,0.143424,1.911861,0.146,26.667243,0.364563,0.0,18.950784,0.188179
0.0,9.887464,37.173979,0.802192,3.019229,6.165253,1.225672,23.163547,9.589443,2.001747,0.0,9.852619
0.088669,97.294923,79.690168,64.661504,6.742509,40.494667,13.082323,108.059733,209.241184,2.764949,31.702853,0.0
