2856.709159
1.396901,1,2
0.394229,1,3
0.207456,1,4
1.185792,1,5
0.254645,1,6
0.847267,1,7
0.12,1,8
0.768208,1,9
0.013333,1,10
0.126781,1,11
0.318619,1,12
1.849936,2,1
21.991304,2,3
5.343549,2,4
9.877645,2,5
25.779509,2,6
7.449331,2,7
24.010623,2,8
9.900856,2,9
8.829828,2,10
4.458685,2,11
55.891371,2,12
1.081531,3,1
27.638075,3,2
18.995579,3,4
19.363893,3,5
79.768861,3,6
25.356307,3,7
26.103187,3,8
22.141168,3,9
3.125971,3,10
10.300923,3,11
51.499944,3,12
0.282149,4,1
11.618099,4,2
58.961176,4,3
36.585525,4,5
17.353555,4,6
29.251461,4,7
27.058795,4,8
24.7034,4,9
19.646512,4,10
29.078907,4,11
30.480032,4,12
1.762008,5,1
4.75136,5,2
19.585635,5,3
2.856867,5,4
6.364827,5,6
12.227901,5,7
5.778699,5,8
4.426517,5,9
0.53524,5,10
2.339219,5,11
6.838619,5,12
0.367261,6,1
16.999827,6,2
70.523917,6,3
9.11376,6,4
3.957731,6,5
18.609885,6,7
12.259216,6,8
17.160333,6,9
4.027885,6,10
15.769875,6,11
29.870325,6,12
0.732072,7,1
7.824624,7,2
23.492029,7,3
9.396635,7,4
11.679888,7,5
20.823717,7,6
4.413803,7,8
4.536069,7,9
3.270163,7,10
5.933933,7,11
21.869424,7,12
0.52252,8,1
33.068693,8,2
48.607805,8,3
19.427965,8,4
11.321272,8,5
29.228573,8,6
13.569976,8,7
33.345189,8,9
16.647512,8,10
22.424456,8,11
80.722499,8,12
5.323344,9,1
36.723427,9,2
32.035669,9,3
26.360136,9,4
12.214744,9,5
35.031976,9,6
15.924197,9,7
59.68904,9,8
5.077501,9,10
16.02936,9,11
127.188939,9,12
0.365344,10,2
0.144843,10,3
16.55304,10,4
0.084805,10,5
0.349787,10,6
0.263195,10,7
12.95836,10,8
0.053333,10,9
26.030043,10,11
4.722667,10,12
0.655432,11,1
12.772581,11,2
18.262635,11,3
9.702021,11,4
10.668387,11,5
10.694981,11,6
14.660709,11,7
33.159197,11,8
14.969152,11,9
10.726237,11,10
22.131533,11,12
8.454877,12,1
150.276019,12,2
124.449496,12,3
87.536651,12,4
23.305725,12,5
68.987555,12,6
33.862867,12,7
61.523979,12,8
201.537909,12,9
17.091584,12,10
47.75924,12,11
succeed
0.0,1.396901,0.394229,0.207456,1.185792,0.254645,0.847267,0.12,0.768208,0.013333,0.126781,0.318619
1.849936,0.0,21.991304,5.343549,9.877645,25.779509,7.449331,24.010623,9.900856,8.829828,4.458685,55.891371
1.081531,27.638075,0.0,18.995579,19.363893,79.768861,25.356307,26.103187,22.141168,3.125971,10.300923,51.499944
0.282149,11.618099,58.961176,0.0,36.585525,17.353555,29.251461,27.058795,24.7034,19.646512,29.078907,30.480032
1.762008,4.75136,19.585635,2.856867,0.0,6.364827,12.227901,5.778699,4.426517,0.53524,2.339219,6.838619
0.367261,16.999827,70.523917,9.11376,3.957731,0.0,18.609885,12.259216,17.160333,4.027885,15.769875,29.870325
0.732072,7.824624,23.492029,9.396635,11.679888,20.823717,0.0,4.413803,4.536069,3.270163,5.933933,21.869424
0.52252,33.068693,48.607805,19.427965,11.321272,29.228573,13.569976,0.0,33.345189,16.647512,22.424456,80.722499
5.323344,36.723427,32.035669,26.360136,12.214744,35.031976,15.924197,59.68904,0.0,5.077501,16.02936,127.188939
0.0,0.365344,0.144843,16.55304,0.084805,0.349787,0.263195,12.95836,0.053333,0.0,26.030043,4.722667
0.655432,12.772581,18.262635,9.702021,10.668387,10.694981,14.660709,33.159197,14.969152,10.726237,0.0,22.131533
8.454877,150.276019,124.449496,87.536651,23.305725,68.987555,33.862867,61.523979,201.537909,17.091584,47.75924,0.0
