3765.72767
0.108533,1,2
0.719168,1,3
0.520379,1,4
0.149355,1,5
0.026667,1,6
0.026667,1,7
0.475691,1,8
0.054275,1,9
0.125957,1,11
0.446952,1,12
0.313667,2,1
7.719605,2,3
5.362635,2,4
7.162744,2,5
13.616181,2,6
4.53904,2,7
15.555781,2,8
14.074579,2,9
0.453557,2,10
3.583069,2,11
39.646179,2,12
1.543088,3,1
11.995904,3,2
14.853781,3,4
17.845653,3,5
28.309859,3,6
15.031939,3,7
42.953688,3,8
23.556568,3,9
5.741563,3,10
8.360088,3,11
25.034955,3,12
1.099885,4,1
16.088757,4,2
76.008384,4,3
32.391533,4,5
33.908251,4,6
29.828237,4,7
18.755968,4,8
19.149304,4,9
17.076653,4,10
14.199237,4,11
40.439325,4,12
3.066355,5,1
11.559955,5,2
11.881027,5,3
4.732824,5,4
5.918456,5,6
1.916688,5,7
3.9472,5,8
2.368843,5,9
0.490797,5,10
2.670371,5,11
18.460323,5,12
0.09472,6,1
13.722451,6,2
62.246725,6,3
15.936301,6,4
23.711331,6,5
9.849739,6,7
26.261595,6,8
30.165253,6,9
2.419504,6,10
11.75996,6,11
44.986005,6,12
0.127707,7,1
5.932445,7,2
15.647005,7,3
13.890312,7,4
4.215,7,5
15.561285,7,6
9.007723,7,8
7.359109,7,9
5.710571,7,10
4.442048,7,11
14.158984,7,12
2.244717,8,1
22.38504,8,2
1082.29616,8,3
15.218061,8,4
12.967128,8,5
34.911723,8,6
9.841157,8,7
56.770427,8,9
14.592061,8,10
29.969821,8,11
38.119752,8,12
0.341283,9,1
43.108744,9,2
30.728877,9,3
49.863795,9,4
17.057797,9,5
31.517048,9,6
13.903336,9,7
74.293184,9,8
5.660304,9,10
17.160323,9,11
107.622475,9,12
0.026667,10,2
2.36304,10,3
4.316011,10,4
0.099432,10,5
0.335237,10,6
0.026667,10,7
25.882064,10,8
0.304435,10,9
23.675317,10,11
0.434755,10,12
0.212765,11,1
16.950539,11,2
37.820461,11,3
19.222933,11,4
11.662053,11,5
8.467493,11,6
4.862835,11,7
20.881381,11,8
12.294424,11,9
8.420293,11,10
10.024187,11,12
2.4824,12,1
144.09716,12,2
76.202515,12,3
96.815264,12,4
27.567496,12,5
67.185213,12,6
35.060864,12,7
76.6004,12,8
217.982307,12,9
12.394848,12,10
77.411088,12,11
succeed
0.0,0.108533,0.719168,0.520379,0.149355,0.026667,0.026667,0.475691,0.054275,0.0,0.125957,0.446952
0.313667,0.0,7.719605,5.362635,7.162744,13.616181,4.53904,15.555781,14.074579,0.453557,3.583069,39.646179
1.543088,11.995904,0.0,14.853781,17.845653,28.309859,15.031939,42.953688,23.556568,5.741563,8.360088,25.034955
1.099885,16.088757,76.008384,0.0,32.391533,33.908251,29.828237,18.755968,19.149304,17.076653,14.199237,40.439325
3.066355,11.559955,11.881027,4.732824,0.0,5.918456,1.916688,3.9472,2.368843,0.490797,2.670371,18.460323
0.09472,13.722451,62.246725,15.936301,23.711331,0.0,9.849739,26.261595,30.165253,2.419504,11.75996,44.986005
0.127707,5.932445,15.647005,13.890312,4.215,15.561285,0.0,9.007723,7.359109,5.710571,4.442048,14.158984
2.244717,22.38504,1082.29616,15.218061,12.967128,34.911723,9.841157,0.0,56.770427,14.592061,29.969821,38.119752
0.341283,43.108744,30.728877,49.863795,17.057797,31.517048,13.903336,74.293184,0.0,5.660304,17.160323,107.622475
0.0,0.026667,2.36304,4.316011,0.099432,0.335237,0.026667,25.882064,0.304435,0.0,23.675317,0.434755
0.212765,16.950539,37.820461,19.222933,11.662053,8.467493,4.862835,20.881381,12.294424,8.420293,0.0,10.024187
2.4824,144.09716,76.202515,96.815264,27.567496,67.185213,35.060864,76.6004,217.982307,12.394848,77.411088,0.0
