1499.328013
0.053333,1,3
0.026667,1,5
0.026667,1,6
0.053333,1,8
0.406291,1,12
0.080899,2,1
3.349549,2,3
4.610808,2,4
2.819725,2,5
12.877109,2,6
0.286336,2,7
9.974253,2,8
7.432635,2,9
0.04,2,10
5.034072,2,11
17.351504,2,12
0.095677,3,1
13.194552,3,2
3.048107,3,4
3.663627,3,5
31.856344,3,6
14.284941,3,7
40.859893,3,8
6.378397,3,9
5.780909,3,10
12.158725,3,11
13.264808,3,12
0.27888,4,1
0.766728,4,2
31.955051,4,3
20.026323,4,5
27.384243,4,6
27.940307,4,7
10.609379,4,8
16.58804,4,9
10.705947,4,10
11.034256,4,11
31.643037,4,12
0.155787,5,1
1.753736,5,2
3.971739,5,3
0.573541,5,4
1.516496,5,6
1.188005,5,7
1.895875,5,8
1.353069,5,9
0.309448,5,10
1.182459,5,11
2.073032,5,12
0.026667,6,1
5.847997,6,2
38.711869,6,3
5.879,6,4
21.430885,6,5
7.902427,6,7
12.029461,6,8
6.826477,6,9
0.093293,6,10
11.329888,6,11
12.850965,6,12
0.616955,7,2
12.331925,7,3
8.451987,7,4
3.909307,7,5
12.586283,7,6
5.145917,7,8
6.893,7,9
1.951437,7,10
2.955888,7,11
8.328032,7,12
0.026667,8,1
7.737488,8,2
33.734584,8,3
7.12576,8,4
2.218693,8,5
6.251595,8,6
13.677731,8,7
52.480189,8,9
30.344541,8,10
15.82804,8,11
8.439429,8,12
0.045488,9,1
15.145453,9,2
13.90092,9,3
22.233944,9,4
3.481571,9,5
7.716405,9,6
6.475768,9,7
53.119053,9,8
0.442493,9,10
14.623472,9,11
30.273643,9,12
0.026667,10,2
0.026667,10,3
1.417445,10,4
0.026667,10,5
0.224088,10,6
34.822392,10,8
0.31136,10,9
27.224419,10,11
0.026667,10,12
6.925227,11,2
28.146165,11,3
7.925221,11,4
1.530899,11,5
4.505787,11,6
2.223755,11,7
8.005208,11,8
6.830397,11,9
3.003968,11,10
1.856917,11,12
0.026667,12,1
73.290427,12,2
56.630963,12,3
59.826432,12,4
17.440509,12,5
33.068469,12,6
24.389611,12,7
38.549448,12,8
100.258664,12,9
0.519968,12,10
14.929813,12,11
succeed
0.0,0.0,0.053333,0.0,0.026667,0.026667,0.0,0.053333,0.0,0.0,0.0,0.406291
0.080899,0.0,3.349549,4.610808,2.819725,12.877109,0.286336,9.974253,7.432635,0.04,5.034072,17.351504
0.095677,13.194552,0.0,3.048107,3.663627,31.856344,14.284941,40.859893,6.378397,5.780909,12.158725,13.264808
0.27888,0.766728,31.955051,0.0,20.026323,27.384243,27.940307,10.609379,16.58804,10.705947,11.034256,31.643037
0.155787,1.753736,3.971739,0.573541,0.0,1.516496,1.188005,1.895875,1.353069,0.309448,1.182459,2.073032
0.026667,5.847997,38.711869,5.879,21.430885,0.0,7.902427,12.029461,6.826477,0.093293,11.329888,12.850965
0.0,0.616955,12.331925,8.451987,3.909307,12.586283,0.0,5.145917,6.893,1.951437,2.955888,8.328032
0.026667,7.737488,33.734584,7.12576,2.218693,6.251595,13.677731,0.0,52.480189,30.344541,15.82804,8.439429
0.045488,15.145453,13.90092,22.233944,3.481571,7.716405,6.475768,53.119053,0.0,0.442493,14.623472,30.273643
0.0,0.026667,0.026667,1.417445,0.026667,0.224088,0.0,34.822392,0.31136,0.0,27.224419,0.026667
0.0,6.925227,28.146165,7.925221,1.530899,4.505787,2.223755,8.005208,6.830397,3.003968,0.0,1.856917
0.026667,73.290427,56.630963,59.826432,17.440509,33.068469,24.389611,38.549448,100.258664,0.519968,14.929813,0.0
