1806.229499
0.146989,1,3
0.064523,1,5
0.380253,1,7
0.08,1,8
0.098797,1,9
0.026667,1,11
0.910168,1,12
0.093845,2,1
31.990123,2,3
3.499477,2,4
14.114576,2,5
13.748165,2,6
0.551216,2,7
12.345088,2,8
6.123448,2,9
3.999267,2,10
3.075717,2,11
47.664904,2,12
0.258688,3,1
29.706973,3,2
10.925005,3,4
3.786069,3,5
16.285992,3,6
13.924219,3,7
20.765197,3,8
4.394936,3,9
19.245344,3,10
2.536029,3,11
13.306797,3,12
0.405856,4,1
4.340904,4,2
55.401123,4,3
12.605691,4,5
27.069136,4,6
17.495992,4,7
15.530763,4,8
10.980963,4,9
11.607253,4,10
13.587496,4,11
37.809328,4,12
3.673632,5,1
1.769392,5,2
10.934989,5,3
0.681531,5,4
1.022709,5,6
0.863467,5,7
11.344133,5,8
2.696163,5,9
0.229189,5,10
1.363483,5,11
2.012411,5,12
0.062715,6,1
9.577776,6,2
54.70148,6,3
17.191896,6,4
0.659139,6,5
1.322371,6,7
12.337621,6,8
18.171453,6,9
1.597888,6,10
1.622437,6,11
17.262693,6,12
0.129845,7,1
2.138973,7,2
18.992581,7,3
11.073403,7,4
4.061053,7,5
7.339131,7,6
3.774811,7,8
2.721715,7,9
3.107187,7,10
8.242933,7,11
12.58768,7,12
5.321229,8,2
140.229923,8,3
5.3762,8,4
3.343693,8,5
10.543677,8,6
2.227195,8,7
41.158165,8,9
12.940288,8,10
39.088461,8,11
29.858771,8,12
1.981792,9,1
14.598632,9,2
22.463499,9,3
19.553731,9,4
3.296117,9,5
11.899056,9,6
7.206843,9,7
33.827667,9,8
16.208059,9,10
18.198928,9,11
38.093973,9,12
0.026667,10,2
0.773373,10,3
0.415045,10,4
0.069141,10,5
0.242501,10,6
4.245219,10,8
2.23776,10,9
22.673632,10,11
0.026667,10,12
7.433227,11,2
24.635712,11,3
2.439563,11,4
1.296077,11,5
3.149013,11,6
1.000061,11,7
7.226717,11,8
10.063029,11,9
7.396256,11,10
3.796195,11,12
0.155435,12,1
86.909968,12,2
69.430616,12,3
78.931072,12,4
26.715605,12,5
41.392435,12,6
5.55884,12,7
57.236872,12,8
96.964659,12,9
14.233837,12,10
25.987549,12,11
succeed
0.0,0.0,0.146989,0.0,0.064523,0.0,0.380253,0.08,0.098797,0.0,0.026667,0.910168
0.093845,0.0,31.990123,3.499477,14.114576,13.748165,0.551216,12.345088,6.123448,3.999267,3.075717,47.664904
0.258688,29.706973,0.0,10.925005,3.786069,16.285992,13.924219,20.765197,4.394936,19.245344,2.536029,13.306797
0.405856,4.340904,55.401123,0.0,12.605691,27.069136,17.495992,15.530763,10.980963,11.607253,13.587496,37.809328
3.673632,1.769392,10.934989,0.681531,0.0,1.022709,0.863467,11.344133,2.696163,0.229189,1.363483,2.012411
0.062715,9.577776,54.70148,17.191896,0.659139,0.0,1.322371,12.337621,18.171453,1.597888,1.622437,17.262693
0.129845,2.138973,18.992581,11.073403,4.061053,7.339131,0.0,3.774811,2.721715,3.107187,8.242933,12.58768
0.0,5.321229,140.229923,5.3762,3.343693,10.543677,2.227195,0.0,41.158165,12.940288,39.088461,29.858771
1.981792,14.598632,22.463499,19.553731,3.296117,11.899056,7.206843,33.827667,0.0,16.208059,18.198928,38.093973
0.0,0.026667,0.773373,0.415045,0.069141,0.242501,0.0,4.245219,2.23776,0.0,22.673632,0.026667
0.0,7.433227,24.635712,2.439563,1.296077,3.149013,1.000061,7.226717,10.063029,7.396256,0.0,3.796195
0.155435,86.909968,69.430616,78.931072,26.715605,41.392435,5.55884,57.236872,96.964659,14.233837,25.987549,0.0
