6322.632644000001
0.384221,1,3
0.026667,1,5
0.026667,1,6
0.053333,1,8
0.480896,1,9
0.214464,1,11
0.262736,1,12
0.037165,2,1
9.862563,2,3
2.585832,2,4
2.903675,2,5
19.80176,2,6
0.461421,2,7
18.742247,2,8
3.723624,2,9
0.083732,2,10
3.209595,2,11
25.412533,2,12
0.140157,3,1
3.388067,3,2
21.189749,3,4
9.179472,3,5
31.207461,3,6
8.094387,3,7
4235.529067,3,8
114.064867,3,9
0.480416,3,10
4.405592,3,11
32.883579,3,12
0.118293,4,1
3.721147,4,2
26.6842,4,3
21.34144,4,5
23.183845,4,6
12.269176,4,7
12.161067,4,8
52.196347,4,9
9.141701,4,10
8.426384,4,11
41.215715,4,12
2.287589,5,1
26.282987,5,2
6.538037,5,3
0.689032,5,4
1.138061,5,6
0.999768,5,7
2.701349,5,8
3.988701,5,9
0.026667,5,10
3.34048,5,11
6.969773,5,12
0.038944,6,1
14.95668,6,2
29.405603,6,3
3.086352,6,4
1.402989,6,5
1.876741,6,7
40.989192,6,8
43.613821,6,9
0.937176,6,10
4.839931,6,11
21.864869,6,12
0.806253,7,2
8.543731,7,3
3.813765,7,4
2.217368,7,5
6.276315,7,6
8.596077,7,8
21.740245,7,9
0.651008,7,11
10.209749,7,12
0.52644,8,1
10.493971,8,2
44.385933,8,3
7.455128,8,4
6.775387,8,5
18.973016,8,6
4.421952,8,7
75.413931,8,9
6.726461,8,10
31.549043,8,11
83.272704,8,12
0.232907,9,1
14.572083,9,2
41.378704,9,3
27.134208,9,4
8.651693,9,5
16.954293,9,6
9.920931,9,7
97.801949,9,8
5.099045,9,10
21.305491,9,11
63.960909,9,12
0.026667,10,2
0.639563,10,3
2.423173,10,4
0.036693,10,5
0.126677,10,6
32.969381,10,8
1.444357,10,9
35.097051,10,11
0.157675,10,12
0.10204,11,1
6.270491,11,2
5.874845,11,3
8.551096,11,4
1.56068,11,5
6.305251,11,6
2.390672,11,7
22.725008,11,8
18.472197,11,9
2.429395,11,10
14.899117,11,12
0.106667,12,1
66.998573,12,2
66.585715,12,3
53.475277,12,4
11.478032,12,5
41.167691,12,6
32.932973,12,7
108.497691,12,8
102.537024,12,9
11.678491,12,10
27.541789,12,11
succeed
0.0,0.0,0.384221,0.0,0.026667,0.026667,0.0,0.053333,0.480896,0.0,0.214464,0.262736
0.037165,0.0,9.862563,2.585832,2.903675,19.80176,0.461421,18.742247,3.723624,0.083732,3.209595,25.412533
0.140157,3.388067,0.0,21.189749,9.179472,31.207461,8.094387,4235.529067,114.064867,0.480416,4.405592,32.883579
0.118293,3.721147,26.6842,0.0,21.34144,23.183845,12.269176,12.161067,52.196347,9.141701,8.426384,41.215715
2.287589,26.282987,6.538037,0.689032,0.0,1.138061,0.999768,2.701349,3.988701,0.026667,3.34048,6.969773
0.038944,14.95668,29.405603,3.086352,1.402989,0.0,1.876741,40.989192,43.613821,0.937176,4.839931,21.864869
0.0,0.806253,8.543731,3.813765,2.217368,6.276315,0.0,8.596077,21.740245,0.0,0.651008,10.209749
0.52644,10.493971,44.385933,7.455128,6.775387,18.973016,4.421952,0.0,75.413931,6.726461,31.549043,83.272704
0.232907,14.572083,41.378704,27.134208,8.651693,16.954293,9.920931,97.801949,0.0,5.099045,21.305491,63.960909
0.0,0.026667,0.639563,2.423173,0.036693,0.126677,0.0,32.969381,1.444357,0.0,35.097051,0.157675
0.10204,6.270491,5.874845,8.551096,1.56068,6.305251,2.390672,22.725008,18.472197,2.429395,0.0,14.899117
0.106667,66.998573,66.585715,53.475277,11.478032,41.167691,32.932973,108.497691,102.537024,11.678491,27.541789,0.0
