1792.4780250000001
0.088597,1,2
0.092733,1,3
0.026667,1,4
0.059128,1,5
0.026667,1,6
0.054869,1,8
0.524741,1,9
0.028203,1,10
0.026667,1,11
0.470712,1,12
0.103117,2,1
6.633155,2,3
2.552603,2,4
19.946952,2,5
18.345643,2,6
0.92996,2,7
8.300696,2,8
14.36372,2,9
4.749472,2,10
2.125261,2,11
39.554363,2,12
17.812792,3,2
5.22348,3,4
8.610965,3,5
36.58964,3,6
10.477133,3,7
4.204104,3,8
8.086104,3,9
22.416035,3,10
7.548827,3,11
18.406739,3,12
0.107445,4,1
3.149149,4,2
31.998363,4,3
19.272099,4,5
23.334197,4,6
8.436013,4,7
0.533139,4,8
18.893997,4,9
18.936117,4,10
4.001571,4,11
31.903659,4,12
2.928877,5,1
1.906955,5,2
10.318915,5,3
1.047173,5,4
0.76992,5,6
1.089693,5,7
2.230747,5,8
3.20712,5,9
0.053333,5,10
1.200181,5,11
3.993507,5,12
1.759088,6,1
5.5856,6,2
36.997957,6,3
7.20116,6,4
5.062725,6,5
2.044491,6,7
3.178949,6,8
13.127643,6,9
8.544867,6,10
5.991221,6,11
23.991232,6,12
2.834669,7,2
13.449581,7,3
4.789211,7,4
4.375707,7,5
13.462667,7,6
0.395909,7,8
4.161419,7,9
7.537995,7,10
3.103531,7,11
7.369659,7,12
0.098728,8,1
22.085221,8,2
40.992845,8,3
5.600725,8,4
4.557523,8,5
11.831067,8,6
2.252616,8,7
57.845936,8,9
23.601067,8,10
22.794899,8,11
80.568944,8,12
1.230928,9,1
14.068219,9,2
21.954789,9,3
23.026984,9,4
14.147837,9,5
28.594197,9,6
9.555501,9,7
8.695477,9,8
58.611573,9,10
27.654552,9,11
57.964277,9,12
0.04172,10,2
0.514981,10,4
0.026667,10,5
0.21724,10,6
0.616843,10,8
0.026667,10,9
32.688205,10,11
0.026667,10,12
0.026667,11,1
6.116949,11,2
11.221008,11,3
2.764752,11,4
5.568243,11,5
5.502917,11,6
1.987451,11,7
2.677525,11,8
16.901152,11,9
21.070021,11,10
4.44928,11,12
1.531299,12,1
100.455392,12,2
70.032768,12,3
22.477835,12,4
20.788821,12,5
24.636819,12,6
30.270069,12,7
66.904795,12,8
117.721011,12,9
36.984843,12,10
27.838317,12,11
succeed
0.0,0.088597,0.092733,0.026667,0.059128,0.026667,0.0,0.054869,0.524741,0.028203,0.026667,0.470712
0.103117,0.0,6.633155,2.552603,19.946952,18.345643,0.92996,8.300696,14.36372,4.749472,2.125261,39.554363
0.0,17.812792,0.0,5.22348,8.610965,36.58964,10.477133,4.204104,8.086104,22.416035,7.548827,18.406739
0.107445,3.149149,31.998363,0.0,19.272099,23.334197,8.436013,0.533139,18.893997,18.936117,4.001571,31.903659
2.928877,1.906955,10.318915,1.047173,0.0,0.76992,1.089693,2.230747,3.20712,0.053333,1.200181,3.993507
1.759088,5.5856,36.997957,7.20116,5.062725,0.0,2.044491,3.178949,13.127643,8.544867,5.991221,23.991232
0.0,2.834669,13.449581,4.789211,4.375707,13.462667,0.0,0.395909,4.161419,7.537995,3.103531,7.369659
0.098728,22.085221,40.992845,5.600725,4.557523,11.831067,2.252616,0.0,57.845936,23.601067,22.794899,80.568944
1.230928,14.068219,21.954789,23.026984,14.147837,28.594197,9.555501,8.695477,0.0,58.611573,27.654552,57.964277
0.0,0.04172,0.0,0.514981,0.026667,0.21724,0.0,0.616843,0.026667,0.0,32.688205,0.026667
0.026667,6.116949,11.221008,2.764752,5.568243,5.502917,1.987451,2.677525,16.901152,21.070021,0.0,4.44928
1.531299,100.455392,70.032768,22.477835,20.788821,24.636819,30.270069,66.904795,117.721011,36.984843,27.838317,0.0
