2410.185657
0.213312,1,2
0.144165,1,3
0.026667,1,4
0.048829,1,5
0.075205,1,7
0.26204,1,8
2.354712,1,9
0.523739,1,12
0.129163,2,1
18.333952,2,3
6.559493,2,4
11.141709,2,5
10.887379,2,6
1.196933,2,7
11.08534,2,8
4.021672,2,9
0.027599,2,10
1.898517,2,11
24.715877,2,12
0.129531,3,1
8.701496,3,2
24.561869,3,4
11.349192,3,5
24.226405,3,6
6.575816,3,7
59.233107,3,8
103.462827,3,9
7.605995,3,10
6.634741,3,11
61.851589,3,12
0.352139,4,1
11.418787,4,2
38.250459,4,3
17.849093,4,5
29.434648,4,6
16.971237,4,7
17.838976,4,8
35.643032,4,9
13.488005,4,10
11.551608,4,11
35.176485,4,12
0.026667,5,1
22.707576,5,2
9.916912,5,3
3.231155,5,4
2.227699,5,6
1.707117,5,7
8.397477,5,8
3.325955,5,9
0.15896,5,10
3.418117,5,11
6.631851,5,12
21.882347,6,2
22.226667,6,3
5.443461,6,4
1.392616,6,5
1.432739,6,7
41.02476,6,8
54.057448,6,9
1.540565,6,10
6.631643,6,11
20.270328,6,12
1.345944,7,2
10.401064,7,3
17.630451,7,4
7.835453,7,5
7.839445,7,6
4.415955,7,8
9.909061,7,9
1.124608,7,10
1.325408,7,11
6.180411,7,12
1.877981,8,1
13.736792,8,2
50.093328,8,3
10.368549,8,4
12.813096,8,5
40.865907,8,6
7.014613,8,7
132.206288,8,9
9.833195,8,10
32.879088,8,11
107.4812,8,12
1.330221,9,1
14.187003,9,2
50.276936,9,3
29.369443,9,4
10.183381,9,5
31.944304,9,6
7.981571,9,7
75.133699,9,8
6.684272,9,10
21.055627,9,11
50.634061,9,12
0.148304,10,2
0.128024,10,3
7.958261,10,4
0.039531,10,5
7.838381,10,6
0.026667,10,7
41.036512,10,8
0.520107,10,9
40.626939,10,11
0.133987,10,12
7.685341,11,2
8.497357,11,3
3.054024,11,4
2.785381,11,5
6.730336,11,6
1.394792,11,7
17.680893,11,8
15.442787,11,9
4.419731,11,10
14.110355,11,12
2.057573,12,1
100.983525,12,2
80.970592,12,3
46.09748,12,4
19.818363,12,5
54.06804,12,6
6.941723,12,7
116.850765,12,8
111.898059,12,9
2.468835,12,10
28.209237,12,11
succeed
0.0,0.213312,0.144165,0.026667,0.048829,0.0,0.075205,0.26204,2.354712,0.0,0.0,0.523739
0.129163,0.0,18.333952,6.559493,11.141709,10.887379,1.196933,11.08534,4.021672,0.027599,1.898517,24.715877
0.129531,8.701496,0.0,24.561869,11.349192,24.226405,6.575816,59.233107,103.462827,7.605995,6.634741,61.851589
0.352139,11.418787,38.250459,0.0,17.849093,29.434648,16.971237,17.838976,35.643032,13.488005,11.551608,35.176485
0.026667,22.707576,9.916912,3.231155,0.0,2.227699,1.707117,8.397477,3.325955,0.15896,3.418117,6.631851
0.0,21.882347,22.226667,5.443461,1.392616,0.0,1.432739,41.02476,54.057448,1.540565,6.631643,20.270328
0.0,1.345944,10.401064,17.630451,7.835453,7.839445,0.0,4.415955,9.909061,1.124608,1.325408,6.180411
1.877981,13.736792,50.093328,10.368549,12.813096,40.865907,7.014613,0.0,132.206288,9.833195,32.879088,107.4812
1.330221,14.187003,50.276936,29.369443,10.183381,31.944304,7.981571,75.133699,0.0,6.684272,21.055627,50.634061
0.0,0.148304,0.128024,7.958261,0.039531,7.838381,0.026667,41.036512,0.520107,0.0,40.626939,0.133987
0.0,7.685341,8.497357,3.054024,2.785381,6.730336,1.394792,17.680893,15.442787,4.419731,0.0,14.110355
2.057573,100.983525,80.970592,46.09748,19.818363,54.06804,6.941723,116.850765,111.898059,2.468835,28.209237,0.0
