1571.553962
0.026667,1,2
0.653584,1,3
0.026667,1,5
0.031355,1,7
0.092336,1,8
0.117877,1,9
0.202107,1,12
2.219549,2,3
3.464691,2,4
16.926739,2,5
10.697973,2,6
0.327029,2,7
17.666963,2,8
2.347467,2,9
0.026667,2,10
2.943557,2,11
20.638741,2,12
0.026667,3,1
5.268283,3,2
21.847035,3,4
1.355325,3,5
17.38264,3,6
2.449067,3,7
30.275845,3,8
16.892176,3,9
0.106667,3,10
3.750285,3,11
16.382085,3,12
0.199627,4,1
5.408909,4,2
36.553512,4,3
13.035693,4,5
36.570768,4,6
18.140397,4,7
7.308104,4,8
17.525485,4,9
11.285336,4,10
24.371248,4,11
38.115264,4,12
0.139435,5,1
6.035632,5,2
13.759557,5,3
1.066416,5,4
0.987685,5,6
0.540325,5,7
3.98384,5,8
2.612656,5,9
1.475475,5,11
3.311955,5,12
9.759133,6,2
57.218456,6,3
4.962328,6,4
1.247893,6,5
2.641651,6,7
7.321688,6,8
14.520371,6,9
0.26488,6,10
9.142125,6,11
11.411157,6,12
0.906072,7,2
14.708869,7,3
9.140181,7,4
3.840395,7,5
8.582248,7,6
2.133371,7,8
1.54764,7,9
1.135317,7,10
2.170643,7,11
5.624549,7,12
7.077995,8,2
63.160184,8,3
3.450643,8,4
22.615651,8,5
8.092528,8,6
1.174363,8,7
19.540152,8,9
8.727915,8,10
29.002147,8,11
22.977472,8,12
0.681395,9,1
16.481765,9,2
27.956931,9,3
25.567451,9,4
2.515333,9,5
20.257853,9,6
3.716203,9,7
49.872816,9,8
0.314408,9,10
19.845485,9,11
37.241901,9,12
0.053333,10,2
0.047024,10,3
10.666973,10,4
0.055893,10,5
0.196925,10,6
0.026667,10,7
27.723907,10,8
0.167616,10,9
31.461685,10,11
0.106667,10,12
0.026667,11,1
5.563309,11,2
19.90864,11,3
1.485421,11,4
0.416323,11,5
6.266003,11,6
1.25548,11,7
37.379531,11,8
10.906061,11,9
4.717213,11,10
4.192136,11,12
0.026667,12,1
87.888195,12,2
47.041739,12,3
53.986589,12,4
5.874709,12,5
45.221104,12,6
5.165128,12,7
41.612341,12,8
111.649909,12,9
0.958869,12,10
14.382317,12,11
succeed
0.0,0.026667,0.653584,0.0,0.026667,0.0,0.031355,0.092336,0.117877,0.0,0.0,0.202107
0.0,0.0,2.219549,3.464691,16.926739,10.697973,0.327029,17.666963,2.347467,0.026667,2.943557,20.638741
0.026667,5.268283,0.0,21.847035,1.355325,17.38264,2.449067,30.275845,16.892176,0.106667,3.750285,16.382085
0.199627,5.408909,36.553512,0.0,13.035693,36.570768,18.140397,7.308104,17.525485,11.285336,24.371248,38.115264
0.139435,6.035632,13.759557,1.066416,0.0,0.987685,0.540325,3.98384,2.612656,0.0,1.475475,3.311955
0.0,9.759133,57.218456,4.962328,1.247893,0.0,2.641651,7.321688,14.520371,0.26488,9.142125,11.411157
0.0,0.906072,14.708869,9.140181,3.840395,8.582248,0.0,2.133371,1.54764,1.135317,2.170643,5.624549
0.0,7.077995,63.160184,3.450643,22.615651,8.092528,1.174363,0.0,19.540152,8.727915,29.002147,22.977472
0.681395,16.481765,27.956931,25.567451,2.515333,20.257853,3.716203,49.872816,0.0,0.314408,19.845485,37.241901
0.0,0.053333,0.047024,10.666973,0.055893,0.196925,0.026667,27.723907,0.167616,0.0,31.461685,0.106667
0.026667,5.563309,19.90864,1.485421,0.416323,6.266003,1.25548,37.379531,10.906061,4.717213,0.0,4.192136
0.026667,87.888195,47.041739,53.986589,5.874709,45.221104,5.165128,41.612341,111.649909,0.958869,14.382317,0.0
