1721.825501
0.026667,1,2
0.026667,1,3
0.064091,1,4
0.078075,1,5
0.026667,1,7
0.142957,1,8
0.026667,1,9
0.237885,1,12
0.202555,2,1
1.991579,2,3
2.240928,2,4
7.659464,2,5
11.446293,2,6
0.609821,2,7
11.93656,2,8
2.616907,2,9
0.056747,2,10
4.66524,2,11
22.512683,2,12
0.194875,3,1
11.664288,3,2
32.400272,3,4
6.471752,3,5
30.418307,3,6
22.2432,3,7
31.786739,3,8
11.10408,3,9
0.439565,3,10
4.067517,3,11
25.378893,3,12
0.227525,4,1
2.210547,4,2
84.2762,4,3
21.260568,4,5
27.271589,4,6
18.091813,4,7
7.115091,4,8
15.017192,4,9
13.187051,4,10
12.164016,4,11
37.187248,4,12
2.976389,5,1
6.079243,5,2
9.695829,5,3
1.664779,5,4
0.442152,5,6
0.775197,5,7
3.060635,5,8
9.908677,5,9
0.458555,5,11
6.241277,5,12
0.026667,6,1
16.045592,6,2
31.701104,6,3
6.661339,6,4
22.226912,6,5
1.692064,6,7
16.787715,6,8
11.22544,6,9
0.242955,6,10
8.423856,6,11
9.070941,6,12
0.026667,7,1
1.137723,7,2
14.725221,7,3
9.363133,7,4
3.840976,7,5
12.224885,7,6
4.271811,7,8
1.907776,7,9
1.879315,7,10
3.250973,7,11
6.637843,7,12
0.058773,8,1
9.416573,8,2
57.563173,8,3
12.634325,8,4
4.183477,8,5
24.052819,8,6
3.698397,8,7
30.481669,8,9
21.583917,8,10
19.642525,8,11
13.150317,8,12
0.280485,9,1
19.06096,9,2
28.528731,9,3
20.612179,9,4
3.985421,9,5
25.539224,9,6
4.090664,9,7
53.517128,9,8
1.085339,9,10
16.998688,9,11
73.689797,9,12
0.053333,10,2
3.035157,10,4
0.218789,10,6
30.986291,10,8
0.268331,10,9
35.635821,10,11
0.026667,10,12
0.058581,11,1
7.513763,11,2
30.812443,11,3
1.476427,11,4
1.03624,11,5
6.130275,11,6
2.626741,11,7
8.352861,11,8
7.244736,11,9
7.687541,11,10
3.994776,11,12
0.040069,12,1
68.25028,12,2
50.349621,12,3
47.372608,12,4
10.522667,12,5
47.341027,12,6
9.589507,12,7
43.991499,12,8
116.401013,12,9
0.320565,12,10
31.212869,12,11
succeed
0.0,0.026667,0.026667,0.064091,0.078075,0.0,0.026667,0.142957,0.026667,0.0,0.0,0.237885
0.202555,0.0,1.991579,2.240928,7.659464,11.446293,0.609821,11.93656,2.616907,0.056747,4.66524,22.512683
0.194875,11.664288,0.0,32.400272,6.471752,30.418307,22.2432,31.786739,11.10408,0.439565,4.067517,25.378893
0.227525,2.210547,84.2762,0.0,21.260568,27.271589,18.091813,7.115091,15.017192,13.187051,12.164016,37.187248
2.976389,6.079243,9.695829,1.664779,0.0,0.442152,0.775197,3.060635,9.908677,0.0,0.458555,6.241277
0.026667,16.045592,31.701104,6.661339,22.226912,0.0,1.692064,16.787715,11.22544,0.242955,8.423856,9.070941
0.026667,1.137723,14.725221,9.363133,3.840976,12.224885,0.0,4.271811,1.907776,1.879315,3.250973,6.637843
0.058773,9.416573,57.563173,12.634325,4.183477,24.052819,3.698397,0.0,30.481669,21.583917,19.642525,13.150317
0.280485,19.06096,28.528731,20.612179,3.985421,25.539224,4.090664,53.517128,0.0,1.085339,16.998688,73.689797
0.0,0.053333,0.0,3.035157,0.0,0.218789,0.0,30.986291,0.268331,0.0,35.635821,0.026667
0.058581,7.513763,30.812443,1.476427,1.03624,6.130275,2.626741,8.352861,7.244736,7.687541,0.0,3.994776
0.040069,68.25028,50.349621,47.372608,10.522667,47.341027,9.589507,43.991499,116.401013,0.320565,31.212869,0.0
