2148.975901
0.059019,1,2
0.138496,1,3
0.026667,1,4
0.131941,1,6
0.20464,1,7
0.077003,1,8
0.026667,1,9
0.490173,1,11
0.290259,1,12
0.658845,2,1
8.881552,2,3
5.212917,2,4
2.475691,2,5
15.995091,2,6
2.885128,2,7
13.000356,2,8
5.859488,2,9
0.308841,2,10
13.728728,2,11
39.083397,2,12
1.139589,3,1
23.289507,3,2
25.801469,3,4
10.090515,3,5
58.585648,3,6
16.591832,3,7
110.73292,3,8
10.405621,3,9
1.408629,3,10
23.644835,3,11
26.003744,3,12
0.253824,4,1
16.703459,4,2
43.327115,4,3
14.469971,4,5
11.179096,4,6
8.001651,4,7
10.575253,4,8
5.092389,4,9
9.299312,4,10
20.179587,4,11
20.271075,4,12
0.260496,5,1
6.983216,5,2
9.835675,5,3
1.481648,5,4
2.688008,5,6
2.568515,5,7
6.770408,5,8
3.464128,5,9
0.171379,5,10
9.276565,5,11
4.936909,5,12
0.102691,6,1
10.672288,6,2
36.28904,6,3
13.138069,6,4
3.805536,6,5
5.684381,6,7
9.166064,6,8
6.570048,6,9
1.04776,6,10
21.780909,6,11
25.857277,6,12
0.191491,7,1
2.355963,7,2
17.8432,7,3
11.555216,7,4
5.209891,7,5
43.168957,7,6
4.330851,7,8
7.259763,7,9
3.024509,7,10
12.050733,7,11
26.577893,7,12
0.361715,8,1
18.15408,8,2
45.752827,8,3
23.455288,8,4
10.396888,8,5
20.76124,8,6
7.960672,8,7
25.776472,8,9
19.526059,8,10
47.865907,8,11
80.957077,8,12
0.060493,9,1
34.561165,9,2
58.160632,9,3
12.414363,9,4
8.389123,9,5
21.843691,9,6
11.53212,9,7
58.171907,9,8
1.973709,9,10
20.662995,9,11
55.649416,9,12
0.026667,10,3
1.632661,10,4
0.479005,10,5
0.266752,10,6
11.673693,10,8
0.075877,10,9
31.544957,10,11
0.026667,10,12
0.554139,11,1
15.52984,11,2
29.027491,11,3
10.855104,11,4
6.194557,11,5
20.621475,11,6
13.035,11,7
17.534461,11,8
9.701627,11,9
6.811781,11,10
16.658747,11,12
0.320045,12,1
50.490005,12,2
77.900979,12,3
57.487912,12,4
18.561784,12,5
64.680603,12,6
19.98852,12,7
35.264069,12,8
95.141219,12,9
2.57544,12,10
57.225568,12,11
succeed
0.0,0.059019,0.138496,0.026667,0.0,0.131941,0.20464,0.077003,0.026667,0.0,0.490173,0.290259
0.658845,0.0,8.881552,5.212917,2.475691,15.995091,2.885128,13.000356,5.859488,0.308841,13.728728,39.083397
1.139589,23.289507,0.0,25.801469,10.090515,58.585648,16.591832,110.73292,10.405621,1.408629,23.644835,26.003744
0.253824,16.703459,43.327115,0.0,14.469971,11.179096,8.001651,10.575253,5.092389,9.299312,20.179587,20.271075
0.260496,6.983216,9.835675,1.481648,0.0,2.688008,2.568515,6.770408,3.464128,0.171379,9.276565,4.936909
0.102691,10.672288,36.28904,13.138069,3.805536,0.0,5.684381,9.166064,6.570048,1.04776,21.780909,25.857277
0.191491,2.355963,17.8432,11.555216,5.209891,43.168957,0.0,4.330851,7.259763,3.024509,12.050733,26.577893
0.361715,18.15408,45.752827,23.455288,10.396888,20.76124,7.960672,0.0,25.776472,19.526059,47.865907,80.957077
0.060493,34.561165,58.160632,12.414363,8.389123,21.843691,11.53212,58.171907,0.0,1.973709,20.662995,55.649416
0.0,0.0,0.026667,1.632661,0.479005,0.266752,0.0,11.673693,0.075877,0.0,31.544957,0.026667
0.554139,15.52984,29.027491,10.855104,6.194557,20.621475,13.035,17.534461,9.701627,6.811781,0.0,16.658747
0.320045,50.490005,77.900979,57.487912,18.561784,64.680603,19.98852,35.264069,95.141219,2.57544,57.225568,0.0
