7577.777239000001
0.026667,1,2
1.472064,1,3
0.722219,1,4
0.053333,1,6
0.026667,1,7
0.849365,1,8
0.081501,1,9
0.026667,1,11
0.467016,1,12
0.101269,2,1
10.288376,2,3
7.742909,2,4
19.254829,2,5
29.022227,2,6
5.688787,2,7
19.205267,2,8
5.748707,2,9
0.21212,2,10
4.219533,2,11
21.528784,2,12
0.083077,3,1
10.300419,3,2
16.498179,3,4
5.477187,3,5
40.926805,3,6
12.189829,3,7
4556.960267,3,8
94.066411,3,9
1.675997,3,10
9.139128,3,11
58.360365,3,12
0.060587,4,1
8.292992,4,2
41.823533,4,3
32.132157,4,5
27.587627,4,6
25.89848,4,7
22.570195,4,8
47.995221,4,9
18.281712,4,10
20.538555,4,11
40.073715,4,12
12.061389,5,2
12.520472,5,3
1.343005,5,4
9.638613,5,6
1.1202,5,7
8.170243,5,8
2.120165,5,9
0.087227,5,10
4.43148,5,11
8.636547,5,12
0.026667,6,1
16.098685,6,2
83.178139,6,3
3.814445,6,4
0.611923,6,5
12.149808,6,7
57.470512,6,8
45.389112,6,9
0.720267,6,10
12.004699,6,11
26.945957,6,12
1.431853,7,2
17.854773,7,3
8.758443,7,4
2.005416,7,5
22.635523,7,6
10.234544,7,8
9.730816,7,9
0.251739,7,10
3.428387,7,11
7.893723,7,12
0.538243,8,1
18.613933,8,2
122.088864,8,3
23.131971,8,4
5.258749,8,5
36.895173,8,6
6.989264,8,7
144.098261,8,9
20.689667,8,10
44.625432,8,11
85.75568,8,12
0.408803,9,1
31.553325,9,2
61.568091,9,3
28.446723,9,4
22.188907,9,5
45.613909,9,6
10.382696,9,7
113.058173,9,8
4.220448,9,10
44.402645,9,11
73.430523,9,12
4.76024,10,1
0.184955,10,2
1.692776,10,3
7.978627,10,4
0.027861,10,5
0.205163,10,6
60.626424,10,8
0.867269,10,9
53.339093,10,11
0.120155,10,12
0.028221,11,1
10.393877,11,2
8.866997,11,3
2.454725,11,4
3.732944,11,5
6.738725,11,6
3.842867,11,7
30.176501,11,8
33.363397,11,9
2.070621,11,10
4.80664,11,12
0.222123,12,1
153.669075,12,2
113.220275,12,3
78.429925,12,4
64.031781,12,5
52.436181,12,6
16.310667,12,7
140.095635,12,8
106.20788,12,9
4.410075,12,10
48.070547,12,11
succeed
0.0,0.026667,1.472064,0.722219,0.0,0.053333,0.026667,0.849365,0.081501,0.0,0.026667,0.467016
0.101269,0.0,10.288376,7.742909,19.254829,29.022227,5.688787,19.205267,5.748707,0.21212,4.219533,21.528784
0.083077,10.300419,0.0,16.498179,5.477187,40.926805,12.189829,4556.960267,94.066411,1.675997,9.139128,58.360365
0.060587,8.292992,41.823533,0.0,32.132157,27.587627,25.89848,22.570195,47.995221,18.281712,20.538555,40.073715
0.0,12.061389,12.520472,1.343005,0.0,9.638613,1.1202,8.170243,2.120165,0.087227,4.43148,8.636547
0.026667,16.098685,83.178139,3.814445,0.611923,0.0,12.149808,57.470512,45.389112,0.720267,12.004699,26.945957
0.0,1.431853,17.854773,8.758443,2.005416,22.635523,0.0,10.234544,9.730816,0.251739,3.428387,7.893723
0.538243,18.613933,122.088864,23.131971,5.258749,36.895173,6.989264,0.0,144.098261,20.689667,44.625432,85.75568
0.408803,31.553325,61.568091,28.446723,22.188907,45.613909,10.382696,113.058173,0.0,4.220448,44.402645,73.430523
4.76024,0.184955,1.692776,7.978627,0.027861,0.205163,0.0,60.626424,0.867269,0.0,53.339093,0.120155
0.028221,10.393877,8.866997,2.454725,3.732944,6.738725,3.842867,30.176501,33.363397,2.070621,0.0,4.80664
0.222123,153.669075,113.220275,78.429925,64.031781,52.436181,16.310667,140.095635,106.20788,4.410075,48.070547,0.0
