2949.807083
0.058816,1,2
0.205365,1,3
0.026667,1,4
0.048904,1,5
0.120696,1,6
0.120341,1,8
0.013675,1,10
0.219552,1,12
0.136104,2,1
8.033072,2,3
21.226181,2,4
23.519928,2,5
17.525792,2,6
2.514165,2,7
15.306111,2,8
8.199237,2,9
0.795735,2,10
4.523229,2,11
33.436136,2,12
0.099837,3,1
22.598885,3,2
17.953384,3,4
8.545848,3,5
41.480941,3,6
13.010245,3,7
83.4322,3,8
49.82472,3,9
3.448621,3,10
6.329117,3,11
23.826723,3,12
0.143712,4,1
11.419768,4,2
57.121483,4,3
16.02508,4,5
29.502755,4,6
10.963573,4,7
39.961104,4,8
49.905771,4,9
8.416067,4,10
10.718987,4,11
41.302432,4,12
2.693952,5,1
9.486304,5,2
10.345989,5,3
2.511288,5,4
1.912691,5,6
2.299264,5,7
8.493328,5,8
3.758101,5,9
0.062691,5,10
4.95772,5,11
2.996795,5,12
0.029003,6,1
37.396269,6,2
95.827072,6,3
10.762597,6,4
2.820531,6,5
8.941627,6,7
35.352947,6,8
43.724283,6,9
1.384424,6,10
9.487464,6,11
25.777795,6,12
0.026667,7,1
8.590867,7,2
30.084237,7,3
26.976861,7,4
9.88404,7,5
19.213696,7,6
8.439712,7,8
5.676096,7,9
3.715245,7,10
1.544408,7,11
8.758291,7,12
0.871163,8,1
25.492123,8,2
108.964741,8,3
41.179515,8,4
8.143315,8,5
61.289325,8,6
5.376565,8,7
97.694432,8,9
18.092381,8,10
46.722291,8,11
91.750016,8,12
0.063885,9,1
31.822915,9,2
59.674309,9,3
37.494621,9,4
15.798667,9,5
35.234408,9,6
9.006112,9,7
122.656059,9,8
6.604757,9,10
43.783909,9,11
66.990963,9,12
0.08,10,2
0.807933,10,3
12.757771,10,4
0.055893,10,5
0.268355,10,6
0.095845,10,7
62.495936,10,8
0.536699,10,9
51.013021,10,11
0.470728,10,12
0.122795,11,1
14.584344,11,2
30.628595,11,3
5.094789,11,4
2.471819,11,5
7.282051,11,6
6.451376,11,7
48.922981,11,8
10.516851,11,9
3.773736,11,10
12.494227,11,12
0.518733,12,1
103.9834,12,2
78.663168,12,3
55.218691,12,4
16.616683,12,5
48.268528,12,6
13.02924,12,7
142.286651,12,8
108.522387,12,9
12.373384,12,10
38.700787,12,11
succeed
0.0,0.058816,0.205365,0.026667,0.048904,0.120696,0.0,0.120341,0.0,0.013675,0.0,0.219552
0.136104,0.0,8.033072,21.226181,23.519928,17.525792,2.514165,15.306111,8.199237,0.795735,4.523229,33.436136
0.099837,22.598885,0.0,17.953384,8.545848,41.480941,13.010245,83.4322,49.82472,3.448621,6.329117,23.826723
0.143712,11.419768,57.121483,0.0,16.02508,29.502755,10.963573,39.961104,49.905771,8.416067,10.718987,41.302432
2.693952,9.486304,10.345989,2.511288,0.0,1.912691,2.299264,8.493328,3.758101,0.062691,4.95772,2.996795
0.029003,37.396269,95.827072,10.762597,2.820531,0.0,8.941627,35.352947,43.724283,1.384424,9.487464,25.777795
0.026667,8.590867,30.084237,26.976861,9.88404,19.213696,0.0,8.439712,5.676096,3.715245,1.544408,8.758291
0.871163,25.492123,108.964741,41.179515,8.143315,61.289325,5.376565,0.0,97.694432,18.092381,46.722291,91.750016
0.063885,31.822915,59.674309,37.494621,15.798667,35.234408,9.006112,122.656059,0.0,6.604757,43.783909,66.990963
0.0,0.08,0.807933,12.757771,0.055893,0.268355,0.095845,62.495936,0.536699,0.0,51.013021,0.470728
0.122795,14.584344,30.628595,5.094789,2.471819,7.282051,6.451376,48.922981,10.516851,3.773736,0.0,12.494227
0.518733,103.9834,78.663168,55.218691,16.616683,48.268528,13.02924,142.286651,108.522387,12.373384,38.700787,0.0
