2828.374894
0.43424,1,2
1.951173,1,3
0.095253,1,4
0.698984,1,5
7.445392,1,6
0.586805,1,7
2.000704,1,8
0.44372,1,9
0.1184,1,11
0.678637,1,12
0.296061,2,1
16.696896,2,3
6.756795,2,4
4.641024,2,5
16.014352,2,6
5.849936,2,7
12.742873,2,8
14.110533,2,9
1.317729,2,10
4.150376,2,11
39.122227,2,12
0.242907,3,1
8.862765,3,2
17.114789,3,4
11.577307,3,5
15.799989,3,6
10.578347,3,7
23.395251,3,8
8.343821,3,9
12.044867,3,10
9.088587,3,11
9.099339,3,12
0.972139,4,1
7.754864,4,2
61.252912,4,3
25.576488,4,5
24.776517,4,6
19.307683,4,7
40.70868,4,8
18.162835,4,9
15.668061,4,10
11.119448,4,11
66.467355,4,12
0.865824,5,1
3.439419,5,2
26.667821,5,3
14.713757,5,4
18.239771,5,6
5.595192,5,7
7.494883,5,8
5.314112,5,9
0.735347,5,10
2.265256,5,11
5.114531,5,12
0.248864,6,1
14.530733,6,2
81.576248,6,3
16.078731,6,4
8.479672,6,5
9.901619,6,7
87.663816,6,8
26.968315,6,9
2.045496,6,10
14.173629,6,11
25.13568,6,12
0.026667,7,1
3.256995,7,2
29.475179,7,3
9.230368,7,4
5.262384,7,5
18.996093,7,6
6.543437,7,8
8.179347,7,9
3.015531,7,10
6.639723,7,11
7.731872,7,12
0.424493,8,1
13.129195,8,2
79.793491,8,3
9.611187,8,4
8.660456,8,5
39.322424,8,6
8.422157,8,7
33.626805,8,9
10.223867,8,10
30.375987,8,11
52.963491,8,12
1.651315,9,1
33.049832,9,2
99.951139,9,3
33.924416,9,4
33.827859,9,5
38.266677,9,6
27.051309,9,7
80.708528,9,8
9.632576,9,10
40.817837,9,11
65.108307,9,12
0.026667,10,1
0.252509,10,2
2.516531,10,3
9.350965,10,4
0.484539,10,5
1.73788,10,6
1.011067,10,7
39.046424,10,8
1.753816,10,9
85.321413,10,11
0.571883,10,12
0.102432,11,1
6.432264,11,2
58.842504,11,3
5.15516,11,4
5.820661,11,5
13.451803,11,6
9.978227,11,7
29.686581,11,8
21.397299,11,9
6.489184,11,10
10.140125,11,12
0.213691,12,1
146.916883,12,2
112.078472,12,3
62.758845,12,4
45.352645,12,5
30.165349,12,6
33.208259,12,7
86.048712,12,8
175.058269,12,9
1.734205,12,10
45.052909,12,11
succeed
0.0,0.43424,1.951173,0.095253,0.698984,7.445392,0.586805,2.000704,0.44372,0.0,0.1184,0.678637
0.296061,0.0,16.696896,6.756795,4.641024,16.014352,5.849936,12.742873,14.110533,1.317729,4.150376,39.122227
0.242907,8.862765,0.0,17.114789,11.577307,15.799989,10.578347,23.395251,8.343821,12.044867,9.088587,9.099339
0.972139,7.754864,61.252912,0.0,25.576488,24.776517,19.307683,40.70868,18.162835,15.668061,11.119448,66.467355
0.865824,3.439419,26.667821,14.713757,0.0,18.239771,5.595192,7.494883,5.314112,0.735347,2.265256,5.114531
0.248864,14.530733,81.576248,16.078731,8.479672,0.0,9.901619,87.663816,26.968315,2.045496,14.173629,25.13568
0.026667,3.256995,29.475179,9.230368,5.262384,18.996093,0.0,6.543437,8.179347,3.015531,6.639723,7.731872
0.424493,13.129195,79.793491,9.611187,8.660456,39.322424,8.422157,0.0,33.626805,10.223867,30.375987,52.963491
1.651315,33.049832,99.951139,33.924416,33.827859,38.266677,27.051309,80.708528,0.0,9.632576,40.817837,65.108307
0.026667,0.252509,2.516531,9.350965,0.484539,1.73788,1.011067,39.046424,1.753816,0.0,85.321413,0.571883
0.102432,6.432264,58.842504,5.15516,5.820661,13.451803,9.978227,29.686581,21.397299,6.489184,0.0,10.140125
0.213691,146.916883,112.078472,62.758845,45.352645,30.165349,33.208259,86.048712,175.058269,1.734205,45.052909,0.0
