2400.627629
0.185845,1,3
0.647261,1,4
0.075296,1,5
0.353605,1,7
0.360245,1,8
0.367483,1,9
0.276563,1,11
1.236899,1,12
0.077845,2,1
10.100053,2,3
6.328024,2,4
0.511555,2,5
17.336651,2,6
0.586059,2,7
13.979013,2,8
2.362752,2,9
0.053709,2,10
7.156992,2,11
42.317715,2,12
0.097893,3,1
5.892373,3,2
15.363373,3,4
6.814171,3,5
21.792312,3,6
7.658552,3,7
76.32868,3,8
12.387339,3,9
3.612597,3,10
16.777093,3,11
103.614229,3,12
0.291291,4,1
10.111323,4,2
35.009669,4,3
18.643984,4,5
9.042808,4,6
18.275384,4,7
6.746512,4,8
17.472851,4,9
8.750005,4,10
13.678643,4,11
14.482768,4,12
3.793099,5,1
2.712189,5,2
7.113949,5,3
1.211008,5,4
0.986163,5,6
5.233632,5,7
13.233659,5,8
11.854352,5,9
4.727557,5,11
2.6676,5,12
0.028597,6,1
10.146083,6,2
53.165995,6,3
9.723712,6,4
5.830008,6,5
3.617531,6,7
70.444453,6,8
29.430467,6,9
0.655208,6,10
9.527021,6,11
3.950845,6,12
0.039933,7,1
1.964048,7,2
17.878896,7,3
18.221475,7,4
2.848888,7,5
8.064331,7,6
4.913533,7,8
4.964472,7,9
0.076725,7,10
8.161013,7,11
16.203349,7,12
0.409712,8,1
23.068808,8,2
111.622317,8,3
22.189723,8,4
8.724515,8,5
46.410579,8,6
3.361272,8,7
65.651917,8,9
15.147331,8,10
43.992805,8,11
114.537397,8,12
1.589144,9,1
24.327491,9,2
63.290213,9,3
25.974568,9,4
10.069792,9,5
28.165251,9,6
10.432736,9,7
80.190245,9,8
1.109016,9,10
43.704379,9,11
58.401723,9,12
0.06304,10,2
0.805549,10,3
6.155864,10,4
0.053333,10,5
5.666776,10,6
14.345328,10,8
0.216128,10,9
6.046243,10,11
0.200659,10,12
0.2866,11,1
7.998277,11,2
23.317568,11,3
3.336269,11,4
5.9864,11,5
5.873064,11,6
2.395629,11,7
34.789643,11,8
9.0506,11,9
2.297384,11,10
10.334344,11,12
115.855621,12,2
70.7106,12,3
46.153808,12,4
20.977101,12,5
27.117501,12,6
8.931661,12,7
141.844619,12,8
129.790685,12,9
2.387232,12,10
34.721963,12,11
succeed
0.0,0.0,0.185845,0.647261,0.075296,0.0,0.353605,0.360245,0.367483,0.0,0.276563,1.236899
0.077845,0.0,10.100053,6.328024,0.511555,17.336651,0.586059,13.979013,2.362752,0.053709,7.156992,42.317715
0.097893,5.892373,0.0,15.363373,6.814171,21.792312,7.658552,76.32868,12.387339,3.612597,16.777093,103.614229
0.291291,10.111323,35.009669,0.0,18.643984,9.042808,18.275384,6.746512,17.472851,8.750005,13.678643,14.482768
3.793099,2.712189,7.113949,1.211008,0.0,0.986163,5.233632,13.233659,11.854352,0.0,4.727557,2.6676
0.028597,10.146083,53.165995,9.723712,5.830008,0.0,3.617531,70.444453,29.430467,0.655208,9.527021,3.950845
0.039933,1.964048,17.878896,18.221475,2.848888,8.064331,0.0,4.913533,4.964472,0.076725,8.161013,16.203349
0.409712,23.068808,111.622317,22.189723,8.724515,46.410579,3.361272,0.0,65.651917,15.147331,43.992805,114.537397
1.589144,24.327491,63.290213,25.974568,10.069792,28.165251,10.432736,80.190245,0.0,1.109016,43.704379,58.401723
0.0,0.06304,0.805549,6.155864,0.053333,5.666776,0.0,14.345328,0.216128,0.0,6.046243,0.200659
0.2866,7.998277,23.317568,3.336269,5.9864,5.873064,2.395629,34.789643,9.0506,2.297384,0.0,10.334344
0.0,115.855621,70.7106,46.153808,20.977101,27.117501,8.931661,141.844619,129.790685,2.387232,34.721963,0.0
