2037.333148
0.070667,1,3
0.780395,1,4
0.085232,1,5
0.860376,1,7
0.389419,1,8
0.063245,1,9
0.069867,1,11
0.345429,1,12
0.035179,2,1
2.332005,2,3
3.92912,2,4
1.396843,2,5
13.323301,2,6
0.587133,2,7
16.506592,2,8
6.535512,2,9
0.0706,2,10
3.264389,2,11
42.285272,2,12
0.026667,3,1
4.677973,3,2
4.786829,3,4
6.430011,3,5
39.498019,3,6
21.554725,3,7
40.696155,3,8
31.153837,3,9
0.465093,3,10
6.977053,3,11
16.273413,3,12
0.166347,4,1
1.723547,4,2
55.711293,4,3
24.212773,4,5
26.851072,4,6
22.46476,4,7
18.405405,4,8
12.942101,4,9
10.159661,4,10
12.400792,4,11
39.217539,4,12
1.812501,5,1
10.417739,5,2
10.483571,5,3
1.226048,5,4
5.80716,5,6
7.020683,5,7
5.799165,5,8
4.383872,5,9
0.026667,5,10
0.743011,5,11
3.312088,5,12
5.098723,6,2
49.929528,6,3
7.56692,6,4
23.594437,6,5
2.471139,6,7
11.691045,6,8
7.412285,6,9
0.32884,6,10
9.704909,6,11
20.064307,6,12
0.266616,7,1
1.152328,7,2
12.7176,7,3
14.136608,7,4
4.724227,7,5
15.384784,7,6
11.949971,7,8
3.431867,7,9
2.176069,7,10
3.364472,7,11
17.754088,7,12
0.126253,8,1
18.377645,8,2
66.397059,8,3
12.167627,8,4
18.259576,8,5
11.111453,8,6
2.829837,8,7
55.280085,8,9
23.069053,8,10
20.760203,8,11
17.977709,8,12
1.170763,9,1
7.72196,9,2
15.888213,9,3
33.361061,9,4
8.217997,9,5
38.886397,9,6
5.959283,9,7
72.305901,9,8
6.290211,9,10
20.096944,9,11
59.621699,9,12
0.064,10,3
0.485952,10,4
0.227349,10,6
0.026667,10,7
41.606304,10,8
0.254347,10,9
41.044936,10,11
0.110891,10,12
0.197824,11,1
8.071109,11,2
41.225829,11,3
10.106808,11,4
2.267059,11,5
6.357691,11,6
3.033699,11,7
16.07436,11,8
13.089811,11,9
9.067608,11,10
5.234157,11,12
0.182653,12,1
99.062683,12,2
79.338259,12,3
53.391075,12,4
17.505979,12,5
49.818205,12,6
11.132083,12,7
63.749613,12,8
148.859813,12,9
6.726589,12,10
27.463957,12,11
succeed
0.0,0.0,0.070667,0.780395,0.085232,0.0,0.860376,0.389419,0.063245,0.0,0.069867,0.345429
0.035179,0.0,2.332005,3.92912,1.396843,13.323301,0.587133,16.506592,6.535512,0.0706,3.264389,42.285272
0.026667,4.677973,0.0,4.786829,6.430011,39.498019,21.554725,40.696155,31.153837,0.465093,6.977053,16.273413
0.166347,1.723547,55.711293,0.0,24.212773,26.851072,22.46476,18.405405,12.942101,10.159661,12.400792,39.217539
1.812501,10.417739,10.483571,1.226048,0.0,5.80716,7.020683,5.799165,4.383872,0.026667,0.743011,3.312088
0.0,5.098723,49.929528,7.56692,23.594437,0.0,2.471139,11.691045,7.412285,0.32884,9.704909,20.064307
0.266616,1.152328,12.7176,14.136608,4.724227,15.384784,0.0,11.949971,3.431867,2.176069,3.364472,17.754088
0.126253,18.377645,66.397059,12.167627,18.259576,11.111453,2.829837,0.0,55.280085,23.069053,20.760203,17.977709
1.170763,7.72196,15.888213,33.361061,8.217997,38.886397,5.959283,72.305901,0.0,6.290211,20.096944,59.621699
0.0,0.0,0.064,0.485952,0.0,0.227349,0.026667,41.606304,0.254347,0.0,41.044936,0.110891
0.197824,8.071109,41.225829,10.106808,2.267059,6.357691,3.033699,16.07436,13.089811,9.067608,0.0,5.234157
0.182653,99.062683,79.338259,53.391075,17.505979,49.818205,11.132083,63.749613,148.859813,6.726589,27.463957,0.0
