3639.56746
0.417365,1,2
1.273411,1,3
1.849283,1,5
0.35208,1,6
0.034093,1,7
0.924117,1,9
0.0356,1,11
0.393571,1,12
28.54208,2,3
54.992013,2,5
40.508696,2,6
20.801509,2,7
0.053333,2,8
16.728877,2,9
0.050176,2,10
0.793907,2,11
60.37208,2,12
31.424333,3,2
25.388088,3,4
122.263928,3,5
47.213061,3,6
18.030909,3,7
0.309744,3,8
53.568584,3,9
0.053333,3,10
1.430016,3,11
42.414771,3,12
5.331384,4,2
76.949653,4,3
74.776635,4,5
30.929995,4,6
22.521227,4,7
2.828075,4,8
19.035219,4,9
10.556229,4,10
0.436064,4,11
42.377117,4,12
41.389421,5,2
2.018317,5,3
0.065997,5,7
0.026667,5,8
8.789944,5,9
0.08,5,11
134.975085,5,12
20.420003,6,2
118.243805,6,3
23.203896,6,4
71.158509,6,5
24.047331,6,7
0.63904,6,8
85.238139,6,9
0.314235,6,10
2.982912,6,11
45.164288,6,12
5.696613,7,2
28.255245,7,3
11.812088,7,4
18.778112,7,5
19.46408,7,6
0.026667,7,8
12.38732,7,9
0.026667,7,10
0.630107,7,11
14.379456,7,12
31.622603,8,2
16.911419,8,3
29.929128,8,4
151.50748,8,5
0.738293,8,6
0.249515,8,7
84.038472,8,9
16.822976,8,10
22.826523,8,11
122.409379,8,12
60.383019,9,2
78.306504,9,3
60.890848,9,4
165.099568,9,5
76.766125,9,6
27.082171,9,7
1.809005,9,8
0.053333,9,10
8.455931,9,11
163.145741,9,12
1.462392,10,2
0.391709,10,3
5.238056,10,4
12.006747,10,5
0.55908,10,7
41.55756,10,8
4.443723,10,9
45.807227,10,11
1.639157,10,12
8.447944,11,2
3.534163,11,3
14.003867,11,4
46.249323,11,5
0.092816,11,6
4.707979,11,7
34.806597,11,8
15.28224,11,9
4.751803,11,10
18.855693,11,12
84.518707,12,2
78.758515,12,3
0.129128,12,4
262.635835,12,5
50.529597,12,6
36.614936,12,7
0.121333,12,8
182.97408,12,9
0.265757,12,10
13.958963,12,11
succeed
0.0,0.417365,1.273411,0.0,1.849283,0.35208,0.034093,0.0,0.924117,0.0,0.0356,0.393571
0.0,0.0,28.54208,0.0,54.992013,40.508696,20.801509,0.053333,16.728877,0.050176,0.793907,60.37208
0.0,31.424333,0.0,25.388088,122.263928,47.213061,18.030909,0.309744,53.568584,0.053333,1.430016,42.414771
0.0,5.331384,76.949653,0.0,74.776635,30.929995,22.521227,2.828075,19.035219,10.556229,0.436064,42.377117
0.0,41.389421,2.018317,0.0,0.0,0.0,0.065997,0.026667,8.789944,0.0,0.08,134.975085
0.0,20.420003,118.243805,23.203896,71.158509,0.0,24.047331,0.63904,85.238139,0.314235,2.982912,45.164288
0.0,5.696613,28.255245,11.812088,18.778112,19.46408,0.0,0.026667,12.38732,0.026667,0.630107,14.379456
0.0,31.622603,16.911419,29.929128,151.50748,0.738293,0.249515,0.0,84.038472,16.822976,22.826523,122.409379
0.0,60.383019,78.306504,60.890848,165.099568,76.766125,27.082171,1.809005,0.0,0.053333,8.455931,163.145741
0.0,1.462392,0.391709,5.238056,12.006747,0.0,0.55908,41.55756,4.443723,0.0,45.807227,1.639157
0.0,8.447944,3.534163,14.003867,46.249323,0.092816,4.707979,34.806597,15.28224,4.751803,0.0,18.855693
0.0,84.518707,78.758515,0.129128,262.635835,50.529597,36.614936,0.121333,182.97408,0.265757,13.958963,0.0
