1961.958111
0.026667,1,2
0.850149,1,3
0.074923,1,4
0.066248,1,5
0.107088,1,6
0.507608,1,7
0.594088,1,8
0.026667,1,9
1.111811,1,11
0.647456,1,12
0.21768,2,1
8.059291,2,3
2.38436,2,4
1.554523,2,5
17.473637,2,6
1.141573,2,7
10.066592,2,8
9.101461,2,9
0.146701,2,10
18.022029,2,11
33.779339,2,12
0.608707,3,1
15.144893,3,2
5.354349,3,4
6.310333,3,5
32.528941,3,6
9.11616,3,7
24.915581,3,8
11.257195,3,9
7.571573,3,10
40.008987,3,11
24.74128,3,12
0.154667,4,1
7.362949,4,2
30.508848,4,3
22.988885,4,5
12.548392,4,6
15.530597,4,7
10.635416,4,8
5.943328,4,9
12.579003,4,10
27.34412,4,11
41.871205,4,12
0.319051,5,1
1.842949,5,2
7.876336,5,3
1.346168,5,4
3.339976,5,6
0.918904,5,7
60.459765,5,8
2.138835,5,9
11.590312,5,11
6.633173,5,12
0.062325,6,1
8.125384,6,2
35.60248,6,3
3.990216,6,4
1.090259,6,5
3.423224,6,7
13.96212,6,8
7.523451,6,9
0.409872,6,10
35.169803,6,11
13.628507,6,12
0.066853,7,1
1.973475,7,2
10.995739,7,3
9.148781,7,4
3.147317,7,5
24.127267,7,6
11.352139,7,8
2.012944,7,9
1.902565,7,10
11.550832,7,11
12.937515,7,12
0.404152,8,1
6.708989,8,2
59.554176,8,3
27.023232,8,4
14.290221,8,5
10.629875,8,6
10.409869,8,7
54.558187,8,9
19.221195,8,10
67.597549,8,11
46.082509,8,12
0.434717,9,1
11.291792,9,2
17.033139,9,3
10.155829,9,4
2.656859,9,5
12.02748,9,6
10.332723,9,7
55.892464,9,8
3.520936,9,10
29.847939,9,11
73.308365,9,12
0.053333,10,3
2.122379,10,4
0.320421,10,6
12.913683,10,8
0.053333,10,9
29.51224,10,11
0.026667,10,12
0.422488,11,1
15.329664,11,2
28.083016,11,3
5.897544,11,4
3.71836,11,5
16.397832,11,6
6.423845,11,7
24.186784,11,8
13.266184,11,9
1.860765,11,10
21.998936,11,12
0.026667,12,1
62.679832,12,2
76.178848,12,3
43.048552,12,4
12.312307,12,5
36.827525,12,6
16.530531,12,7
40.797856,12,8
107.796608,12,9
0.877648,12,10
59.658229,12,11
succeed
0.0,0.026667,0.850149,0.074923,0.066248,0.107088,0.507608,0.594088,0.026667,0.0,1.111811,0.647456
0.21768,0.0,8.059291,2.38436,1.554523,17.473637,1.141573,10.066592,9.101461,0.146701,18.022029,33.779339
0.608707,15.144893,0.0,5.354349,6.310333,32.528941,9.11616,24.915581,11.257195,7.571573,40.008987,24.74128
0.154667,7.362949,30.508848,0.0,22.988885,12.548392,15.530597,10.635416,5.943328,12.579003,27.34412,41.871205
0.319051,1.842949,7.876336,1.346168,0.0,3.339976,0.918904,60.459765,2.138835,0.0,11.590312,6.633173
0.062325,8.125384,35.60248,3.990216,1.090259,0.0,3.423224,13.96212,7.523451,0.409872,35.169803,13.628507
0.066853,1.973475,10.995739,9.148781,3.147317,24.127267,0.0,11.352139,2.012944,1.902565,11.550832,12.937515
0.404152,6.708989,59.554176,27.023232,14.290221,10.629875,10.409869,0.0,54.558187,19.221195,67.597549,46.082509
0.434717,11.291792,17.033139,10.155829,2.656859,12.02748,10.332723,55.892464,0.0,3.520936,29.847939,73.308365
0.0,0.0,0.053333,2.122379,0.0,0.320421,0.0,12.913683,0.053333,0.0,29.51224,0.026667
0.422488,15.329664,28.083016,5.897544,3.71836,16.397832,6.423845,24.186784,13.266184,1.860765,0.0,21.998936
0.026667,62.679832,76.178848,43.048552,12.312307,36.827525,16.530531,40.797856,107.796608,0.877648,59.658229,0.0
