2958.293468
1.055611,1,2
1.442403,1,3
1.732531,1,5
0.314992,1,6
0.377045,1,7
0.1248,1,9
0.026667,1,11
0.741824,1,12
14.691533,2,3
0.026667,2,4
32.989704,2,5
27.685912,2,6
2.664317,2,7
0.026667,2,8
9.379888,2,9
0.026667,2,10
0.24112,2,11
32.903493,2,12
38.090016,3,2
26.238659,3,4
121.362872,3,5
44.833013,3,6
18.232867,3,7
0.053333,3,8
99.922496,3,9
1.107816,3,11
32.291256,3,12
7.881648,4,2
41.73464,4,3
40.301237,4,5
29.56264,4,6
22.437203,4,7
37.508928,4,9
16.6716,4,10
0.244029,4,11
45.059995,4,12
13.677699,5,2
0.595675,5,3
0.053333,5,4
3.998837,5,9
0.026667,5,10
0.111627,5,11
61.20796,5,12
13.178288,6,2
69.424357,6,3
20.757685,6,4
58.225032,6,5
18.775549,6,7
0.578261,6,8
89.449845,6,9
0.026667,6,10
3.734621,6,11
27.519523,6,12
8.876851,7,2
22.744672,7,3
7.418715,7,4
15.103587,7,5
17.045968,7,6
16.824171,7,9
0.153632,7,11
19.173171,7,12
9.37276,8,2
3.214355,8,3
16.543099,8,4
79.108797,8,5
0.026667,8,6
0.038037,8,7
81.056867,8,9
8.963971,8,10
16.867059,8,11
47.105669,8,12
27.168587,9,2
94.800051,9,3
33.091216,9,4
118.544669,9,5
38.319925,9,6
16.708579,9,7
2.870403,9,8
0.053333,9,10
5.481432,9,11
100.383941,9,12
0.64092,10,2
5.132064,10,4
2.3332,10,5
0.026667,10,6
0.453099,10,7
36.147864,10,8
4.814944,10,9
56.120651,10,11
1.046541,10,12
7.056563,11,2
1.424445,11,3
4.988501,11,4
18.572989,11,5
0.277752,11,6
2.230549,11,7
24.641061,11,8
49.169331,11,9
6.919912,11,10
29.049267,11,12
120.933923,12,2
133.75352,12,3
1.352795,12,4
278.346107,12,5
25.010261,12,6
17.973467,12,7
0.05744,12,8
179.623272,12,9
0.121448,12,10
11.687016,12,11
succeed
0.0,1.055611,1.442403,0.0,1.732531,0.314992,0.377045,0.0,0.1248,0.0,0.026667,0.741824
0.0,0.0,14.691533,0.026667,32.989704,27.685912,2.664317,0.026667,9.379888,0.026667,0.24112,32.903493
0.0,38.090016,0.0,26.238659,121.362872,44.833013,18.232867,0.053333,99.922496,0.0,1.107816,32.291256
0.0,7.881648,41.73464,0.0,40.301237,29.56264,22.437203,0.0,37.508928,16.6716,0.244029,45.059995
0.0,13.677699,0.595675,0.053333,0.0,0.0,0.0,0.0,3.998837,0.026667,0.111627,61.20796
0.0,13.178288,69.424357,20.757685,58.225032,0.0,18.775549,0.578261,89.449845,0.026667,3.734621,27.519523
0.0,8.876851,22.744672,7.418715,15.103587,17.045968,0.0,0.0,16.824171,0.0,0.153632,19.173171
0.0,9.37276,3.214355,16.543099,79.108797,0.026667,0.038037,0.0,81.056867,8.963971,16.867059,47.105669
0.0,27.168587,94.800051,33.091216,118.544669,38.319925,16.708579,2.870403,0.0,0.053333,5.481432,100.383941
0.0,0.64092,0.0,5.132064,2.3332,0.026667,0.453099,36.147864,4.814944,0.0,56.120651,1.046541
0.0,7.056563,1.424445,4.988501,18.572989,0.277752,2.230549,24.641061,49.169331,6.919912,0.0,29.049267
0.0,120.933923,133.75352,1.352795,278.346107,25.010261,17.973467,0.05744,179.623272,0.121448,11.687016,0.0
