2430.7971270000003
0.026667,1,2
1.234333,1,3
0.053333,1,4
0.026667,1,5
0.107088,1,7
0.218675,1,8
0.026667,1,9
0.033843,1,11
1.144459,1,12
0.123349,2,1
8.414776,2,3
7.286944,2,4
28.18336,2,5
11.272432,2,6
1.015435,2,7
20.134451,2,8
7.872613,2,9
0.117968,2,10
8.745181,2,11
24.777437,2,12
0.39192,3,1
18.446659,3,2
29.355533,3,4
8.063061,3,5
26.665091,3,6
13.02152,3,7
97.7834,3,8
9.493707,3,9
0.163107,3,10
3.086819,3,11
27.533552,3,12
0.175155,4,1
4.304405,4,2
47.526789,4,3
16.598645,4,5
49.240864,4,6
15.506456,4,7
34.012197,4,8
14.493133,4,9
7.514272,4,10
12.446224,4,11
39.587424,4,12
0.135467,5,1
3.907997,5,2
14.402184,5,3
1.355539,5,4
8.711664,5,6
7.254504,5,7
18.385291,5,8
5.956432,5,9
1.604005,5,11
10.059312,5,12
22.889592,6,2
45.519003,6,3
15.585357,6,4
1.003056,6,5
6.191243,6,7
33.635408,6,8
12.148688,6,9
0.866227,6,10
20.566907,6,11
25.48644,6,12
0.81524,7,1
9.132405,7,2
15.663909,7,3
4.717163,7,4
7.920899,7,5
9.656437,7,6
5.863405,7,8
1.576736,7,9
1.987584,7,10
3.677725,7,11
10.226584,7,12
0.070475,8,1
211.087227,8,2
84.46096,8,3
28.956909,8,4
9.414997,8,5
37.405485,8,6
3.470875,8,7
31.417659,8,9
20.819557,8,10
36.836701,8,11
48.182301,8,12
0.623659,9,1
35.278933,9,2
28.823976,9,3
28.85944,9,4
10.436512,9,5
18.168301,9,6
11.050155,9,7
80.028936,9,8
2.071123,9,10
25.362309,9,11
60.646939,9,12
0.026667,10,2
0.669336,10,3
6.030832,10,4
0.088555,10,5
6.459264,10,6
33.621867,10,8
1.477739,10,9
23.487077,10,11
0.298619,10,12
0.131429,11,1
7.52508,11,2
13.404499,11,3
4.579483,11,4
2.879144,11,5
9.962741,11,6
3.159949,11,7
38.801557,11,8
8.116133,11,9
6.071096,11,10
12.785848,11,12
0.698171,12,1
70.638624,12,2
71.952851,12,3
59.657864,12,4
7.230621,12,5
31.562405,12,6
21.948416,12,7
93.058515,12,8
116.185371,12,9
5.490459,12,10
36.195472,12,11
succeed
0.0,0.026667,1.234333,0.053333,0.026667,0.0,0.107088,0.218675,0.026667,0.0,0.033843,1.144459
0.123349,0.0,8.414776,7.286944,28.18336,11.272432,1.015435,20.134451,7.872613,0.117968,8.745181,24.777437
0.39192,18.446659,0.0,29.355533,8.063061,26.665091,13.02152,97.7834,9.493707,0.163107,3.086819,27.533552
0.175155,4.304405,47.526789,0.0,16.598645,49.240864,15.506456,34.012197,14.493133,7.514272,12.446224,39.587424
0.135467,3.907997,14.402184,1.355539,0.0,8.711664,7.254504,18.385291,5.956432,0.0,1.604005,10.059312
0.0,22.889592,45.519003,15.585357,1.003056,0.0,6.191243,33.635408,12.148688,0.866227,20.566907,25.48644
0.81524,9.132405,15.663909,4.717163,7.920899,9.656437,0.0,5.863405,1.576736,1.987584,3.677725,10.226584
0.070475,211.087227,84.46096,28.956909,9.414997,37.405485,3.470875,0.0,31.417659,20.819557,36.836701,48.182301
0.623659,35.278933,28.823976,28.85944,10.436512,18.168301,11.050155,80.028936,0.0,2.071123,25.362309,60.646939
0.0,0.026667,0.669336,6.030832,0.088555,6.459264,0.0,33.621867,1.477739,0.0,23.487077,0.298619
0.131429,7.52508,13.404499,4.579483,2.879144,9.962741,3.159949,38.801557,8.116133,6.071096,0.0,12.785848
0.698171,70.638624,71.952851,59.657864,7.230621,31.562405,21.948416,93.058515,116.185371,5.490459,36.195472,0.0
