3779.707381
0.278965,1,2
0.996981,1,3
2.29344,1,5
0.7276,1,6
0.645253,1,7
0.684011,1,9
0.188936,1,11
1.648136,1,12
32.488144,2,3
0.093069,2,4
69.656467,2,5
25.550931,2,6
5.605147,2,7
0.026667,2,8
27.998315,2,9
0.026667,2,10
0.486531,2,11
75.603235,2,12
36.364488,3,2
25.310211,3,4
140.919472,3,5
73.693005,3,6
22.296685,3,7
0.16,3,8
48.398829,3,9
0.885355,3,10
2.097285,3,11
63.380331,3,12
12.287365,4,2
48.693248,4,3
43.3992,4,5
50.101397,4,6
22.642912,4,7
27.050035,4,9
8.551496,4,10
3.013048,4,11
43.276115,4,12
38.325725,5,2
0.930675,5,3
0.026667,5,4
0.08,5,6
9.111419,5,9
0.244627,5,11
120.3282,5,12
28.559283,6,2
139.231149,6,3
16.461256,6,4
86.572149,6,5
17.355811,6,7
67.86372,6,9
0.245544,6,10
5.249611,6,11
69.836832,6,12
5.905899,7,2
29.491205,7,3
14.458816,7,4
22.081197,7,5
16.717355,7,6
0.053333,7,8
7.149976,7,9
0.800504,7,11
14.970467,7,12
28.907333,8,2
54.113571,8,3
17.229571,8,4
189.478795,8,5
0.358277,8,6
0.139264,8,7
86.808269,8,9
12.976536,8,10
32.707264,8,11
110.35776,8,12
32.160368,9,2
76.104016,9,3
33.924059,9,4
151.769752,9,5
42.046901,9,6
17.578672,9,7
0.08,9,8
0.053333,9,10
13.964501,9,11
130.139491,9,12
0.441123,10,2
0.109333,10,3
12.916827,10,4
8.184685,10,5
0.665021,10,7
33.343189,10,8
4.309488,10,9
48.307555,10,11
1.020776,10,12
13.878077,11,2
1.515165,11,3
6.701053,11,4
40.193869,11,5
0.076813,11,6
5.752341,11,7
31.89884,11,8
11.619421,11,9
4.008416,11,10
11.956491,11,12
174.797499,12,2
130.606312,12,3
11.993552,12,4
244.208752,12,5
51.497917,12,6
18.915157,12,7
0.106667,12,8
240.17972,12,9
0.180253,12,10
9.854944,12,11
succeed
0.0,0.278965,0.996981,0.0,2.29344,0.7276,0.645253,0.0,0.684011,0.0,0.188936,1.648136
0.0,0.0,32.488144,0.093069,69.656467,25.550931,5.605147,0.026667,27.998315,0.026667,0.486531,75.603235
0.0,36.364488,0.0,25.310211,140.919472,73.693005,22.296685,0.16,48.398829,0.885355,2.097285,63.380331
0.0,12.287365,48.693248,0.0,43.3992,50.101397,22.642912,0.0,27.050035,8.551496,3.013048,43.276115
0.0,38.325725,0.930675,0.026667,0.0,0.08,0.0,0.0,9.111419,0.0,0.244627,120.3282
0.0,28.559283,139.231149,16.461256,86.572149,0.0,17.355811,0.0,67.86372,0.245544,5.249611,69.836832
0.0,5.905899,29.491205,14.458816,22.081197,16.717355,0.0,0.053333,7.149976,0.0,0.800504,14.970467
0.0,28.907333,54.113571,17.229571,189.478795,0.358277,0.139264,0.0,86.808269,12.976536,32.707264,110.35776
0.0,32.160368,76.104016,33.924059,151.769752,42.046901,17.578672,0.08,0.0,0.053333,13.964501,130.139491
0.0,0.441123,0.109333,12.916827,8.184685,0.0,0.665021,33.343189,4.309488,0.0,48.307555,1.020776
0.0,13.878077,1.515165,6.701053,40.193869,0.076813,5.752341,31.89884,11.619421,4.008416,0.0,11.956491
0.0,174.797499,130.606312,11.993552,244.208752,51.497917,18.915157,0.106667,240.17972,0.180253,9.854944,0.0
