3032.804087
0.751637,1,2
0.271115,1,3
0.114805,1,4
0.198205,1,5
0.178163,1,6
0.091493,1,7
0.446083,1,8
0.624779,1,9
0.144237,1,10
0.095317,1,11
0.908608,1,12
0.415109,2,1
45.121837,2,3
8.904037,2,4
7.169555,2,5
28.587579,2,6
5.708419,2,7
22.408556,2,8
12.767656,2,9
1.200015,2,10
5.416107,2,11
47.053784,2,12
0.389515,3,1
33.1968,3,2
14.214616,3,4
17.383032,3,5
38.470675,3,6
13.165376,3,7
34.546136,3,8
15.51988,3,9
6.481496,3,10
9.379379,3,11
34.680837,3,12
0.456389,4,1
20.79204,4,2
94.168848,4,3
28.281117,4,5
30.415787,4,6
24.758771,4,7
7.844752,4,8
43.516011,4,9
22.607893,4,10
31.483717,4,11
50.399987,4,12
2.236163,5,1
7.503704,5,2
11.219683,5,3
3.25548,5,4
4.9752,5,6
2.997925,5,7
4.171221,5,8
6.626595,5,9
0.546512,5,10
2.082333,5,11
4.706021,5,12
0.162427,6,1
19.275347,6,2
56.620757,6,3
14.3648,6,4
27.991035,6,5
8.641077,6,7
10.592221,6,8
15.141811,6,9
1.753779,6,10
28.629592,6,11
26.188512,6,12
0.175227,7,1
4.069173,7,2
17.750307,7,3
11.406467,7,4
4.937835,7,5
17.082221,7,6
1.929432,7,8
3.268016,7,9
3.142189,7,10
3.696195,7,11
14.572904,7,12
0.934571,8,1
33.997339,8,2
113.246739,8,3
25.470075,8,4
12.137389,8,5
29.86336,8,6
11.980077,8,7
54.056176,8,9
42.72364,8,10
40.702035,8,11
62.084435,8,12
2.401667,9,1
51.931984,9,2
39.298864,9,3
38.698853,9,4
20.687493,9,5
38.198624,9,6
13.249829,9,7
87.974547,9,8
4.575869,9,10
18.237757,9,11
194.903443,9,12
0.162176,10,2
0.185632,10,3
10.052992,10,4
0.375888,10,5
0.342731,10,6
30.640421,10,8
0.393144,10,9
30.011165,10,11
0.133427,10,12
0.567499,11,1
15.200792,11,2
50.287171,11,3
7.056485,11,4
4.798125,11,5
15.859648,11,6
3.591504,11,7
14.120213,11,8
18.183456,11,9
6.284669,11,10
22.602528,11,12
0.972365,12,1
127.7924,12,2
106.608365,12,3
61.586736,12,4
42.160451,12,5
74.908467,12,6
24.97052,12,7
97.117216,12,8
171.968811,12,9
6.51208,12,10
47.559933,12,11
succeed
0.0,0.751637,0.271115,0.114805,0.198205,0.178163,0.091493,0.446083,0.624779,0.144237,0.095317,0.908608
0.415109,0.0,45.121837,8.904037,7.169555,28.587579,5.708419,22.408556,12.767656,1.200015,5.416107,47.053784
0.389515,33.1968,0.0,14.214616,17.383032,38.470675,13.165376,34.546136,15.51988,6.481496,9.379379,34.680837
0.456389,20.79204,94.168848,0.0,28.281117,30.415787,24.758771,7.844752,43.516011,22.607893,31.483717,50.399987
2.236163,7.503704,11.219683,3.25548,0.0,4.9752,2.997925,4.171221,6.626595,0.546512,2.082333,4.706021
0.162427,19.275347,56.620757,14.3648,27.991035,0.0,8.641077,10.592221,15.141811,1.753779,28.629592,26.188512
0.175227,4.069173,17.750307,11.406467,4.937835,17.082221,0.0,1.929432,3.268016,3.142189,3.696195,14.572904
0.934571,33.997339,113.246739,25.470075,12.137389,29.86336,11.980077,0.0,54.056176,42.72364,40.702035,62.084435
2.401667,51.931984,39.298864,38.698853,20.687493,38.198624,13.249829,87.974547,0.0,4.575869,18.237757,194.903443
0.0,0.162176,0.185632,10.052992,0.375888,0.342731,0.0,30.640421,0.393144,0.0,30.011165,0.133427
0.567499,15.200792,50.287171,7.056485,4.798125,15.859648,3.591504,14.120213,18.183456,6.284669,0.0,22.602528
0.972365,127.7924,106.608365,61.586736,42.160451,74.908467,24.97052,97.117216,171.968811,6.51208,47.559933,0.0
