2790.423991
0.113056,1,2
1.121648,1,3
0.08,1,4
0.103797,1,5
1.251493,1,6
0.762347,1,7
1.219784,1,8
1.120675,1,9
0.480752,1,11
2.912435,1,12
0.137976,2,1
15.492672,2,3
4.769923,2,4
1.664637,2,5
18.685384,2,6
3.648283,2,7
14.410727,2,8
12.017229,2,9
9.154753,2,10
7.384456,2,11
68.025456,2,12
0.778424,3,1
13.209096,3,2
16.911939,3,4
10.839179,3,5
28.567955,3,6
10.541637,3,7
45.220123,3,8
27.075024,3,9
5.509069,3,10
18.311032,3,11
31.387573,3,12
0.080672,4,1
3.940056,4,2
74.257229,4,3
26.707741,4,5
28.619571,4,6
19.560992,4,7
15.439472,4,8
27.070096,4,9
11.69028,4,10
10.8106,4,11
61.099419,4,12
1.412363,5,1
1.216893,5,2
29.767488,5,3
2.454797,5,4
11.515093,5,6
2.530373,5,7
6.852427,5,8
4.809144,5,9
1.49848,5,10
2.847445,5,11
2.194824,5,12
2.813243,6,1
9.565101,6,2
151.316891,6,3
17.662221,6,4
3.476317,6,5
13.371397,6,7
20.893808,6,8
19.833824,6,9
4.923333,6,10
11.948483,6,11
13.972211,6,12
0.08464,7,1
4.374563,7,2
37.929464,7,3
13.185867,7,4
5.959093,7,5
9.530133,7,6
7.938456,7,8
10.467501,7,9
1.375296,7,10
4.435509,7,11
8.031507,7,12
0.709267,8,1
26.178896,8,2
161.287645,8,3
4.726525,8,4
7.399123,8,5
30.051451,8,6
7.054915,8,7
55.761619,8,9
7.181429,8,10
32.671845,8,11
48.549117,8,12
1.271296,9,1
24.177997,9,2
84.080155,9,3
33.314899,9,4
13.927592,9,5
27.413645,9,6
20.330301,9,7
76.537549,9,8
10.894088,9,10
30.907509,9,11
109.880861,9,12
0.026667,10,1
0.470123,10,2
7.547872,10,3
6.862781,10,4
0.329891,10,5
5.265944,10,6
0.781355,10,7
31.901501,10,8
1.658416,10,9
47.053088,10,11
0.466872,10,12
0.053333,11,1
9.719352,11,2
65.539109,11,3
3.443605,11,4
3.480256,11,5
8.880787,11,6
3.620171,11,7
26.001275,11,8
16.7638,11,9
8.593779,11,10
6.010387,11,12
0.356256,12,1
112.143587,12,2
92.036757,12,3
66.101933,12,4
11.180325,12,5
23.730677,12,6
26.848203,12,7
70.081595,12,8
171.477707,12,9
9.412917,12,10
45.903099,12,11
succeed
0.0,0.113056,1.121648,0.08,0.103797,1.251493,0.762347,1.219784,1.120675,0.0,0.480752,2.912435
0.137976,0.0,15.492672,4.769923,1.664637,18.685384,3.648283,14.410727,12.017229,9.154753,7.384456,68.025456
0.778424,13.209096,0.0,16.911939,10.839179,28.567955,10.541637,45.220123,27.075024,5.509069,18.311032,31.387573
0.080672,3.940056,74.257229,0.0,26.707741,28.619571,19.560992,15.439472,27.070096,11.69028,10.8106,61.099419
1.412363,1.216893,29.767488,2.454797,0.0,11.515093,2.530373,6.852427,4.809144,1.49848,2.847445,2.194824
2.813243,9.565101,151.316891,17.662221,3.476317,0.0,13.371397,20.893808,19.833824,4.923333,11.948483,13.972211
0.08464,4.374563,37.929464,13.185867,5.959093,9.530133,0.0,7.938456,10.467501,1.375296,4.435509,8.031507
0.709267,26.178896,161.287645,4.726525,7.399123,30.051451,7.054915,0.0,55.761619,7.181429,32.671845,48.549117
1.271296,24.177997,84.080155,33.314899,13.927592,27.413645,20.330301,76.537549,0.0,10.894088,30.907509,109.880861
0.026667,0.470123,7.547872,6.862781,0.329891,5.265944,0.781355,31.901501,1.658416,0.0,47.053088,0.466872
0.053333,9.719352,65.539109,3.443605,3.480256,8.880787,3.620171,26.001275,16.7638,8.593779,0.0,6.010387
0.356256,112.143587,92.036757,66.101933,11.180325,23.730677,26.848203,70.081595,171.477707,9.412917,45.903099,0.0
