2012.2498229999999
0.802123,1,3
0.053333,1,8
0.542403,1,9
0.529355,1,12
0.053333,2,1
13.187371,2,3
5.267608,2,4
7.933035,2,5
10.866,2,6
1.484883,2,7
12.970005,2,8
7.451963,2,9
0.216637,2,10
6.436979,2,11
32.194275,2,12
0.184736,3,1
7.077821,3,2
6.608248,3,4
6.518365,3,5
18.760203,3,6
4.473144,3,7
82.747147,3,8
7.526339,3,9
3.177085,3,10
9.139077,3,11
12.016909,3,12
0.27584,4,1
10.014072,4,2
68.206099,4,3
23.907333,4,5
26.714763,4,6
24.021264,4,7
16.575861,4,8
10.198779,4,9
6.770592,4,10
12.598496,4,11
35.660333,4,12
0.290325,5,1
8.384267,5,2
12.011784,5,3
1.93248,5,4
0.403515,5,6
0.886931,5,7
3.087941,5,8
5.429843,5,9
0.926104,5,11
2.019707,5,12
4.379859,6,2
51.011397,6,3
5.441784,6,4
0.210907,6,5
1.346936,6,7
13.288013,6,8
11.578717,6,9
0.273107,6,10
13.775765,6,11
1.651576,6,12
0.030485,7,1
1.478301,7,2
18.729667,7,3
4.232117,7,4
3.293379,7,5
10.317643,7,6
4.614168,7,8
1.876816,7,9
3.388371,7,10
4.338963,7,11
8.437069,7,12
0.121539,8,1
9.323563,8,2
104.88468,8,3
8.425661,8,4
9.143381,8,5
15.845501,8,6
3.068403,8,7
26.312885,8,9
17.956325,8,10
26.235141,8,11
91.700336,8,12
0.026667,9,1
11.541187,9,2
28.166075,9,3
25.308181,9,4
3.661296,9,5
11.177997,9,6
5.538157,9,7
63.767467,9,8
3.830693,9,10
25.242093,9,11
31.074845,9,12
0.438293,10,2
0.026667,10,3
3.828597,10,4
0.026667,10,5
0.246293,10,6
0.026667,10,7
34.533691,10,8
0.541003,10,9
39.914251,10,11
0.499488,10,12
6.167261,11,2
31.129125,11,3
2.019376,11,4
1.798757,11,5
6.904128,11,6
2.898523,11,7
25.447365,11,8
11.631032,11,9
1.664955,11,10
5.663157,11,12
1.553923,12,1
109.861456,12,2
82.667763,12,3
57.719512,12,4
20.236712,12,5
34.632072,12,6
7.495824,12,7
108.791096,12,8
150.362984,12,9
6.694307,12,10
42.247059,12,11
succeed
0.0,0.0,0.802123,0.0,0.0,0.0,0.0,0.053333,0.542403,0.0,0.0,0.529355
0.053333,0.0,13.187371,5.267608,7.933035,10.866,1.484883,12.970005,7.451963,0.216637,6.436979,32.194275
0.184736,7.077821,0.0,6.608248,6.518365,18.760203,4.473144,82.747147,7.526339,3.177085,9.139077,12.016909
0.27584,10.014072,68.206099,0.0,23.907333,26.714763,24.021264,16.575861,10.198779,6.770592,12.598496,35.660333
0.290325,8.384267,12.011784,1.93248,0.0,0.403515,0.886931,3.087941,5.429843,0.0,0.926104,2.019707
0.0,4.379859,51.011397,5.441784,0.210907,0.0,1.346936,13.288013,11.578717,0.273107,13.775765,1.651576
0.030485,1.478301,18.729667,4.232117,3.293379,10.317643,0.0,4.614168,1.876816,3.388371,4.338963,8.437069
0.121539,9.323563,104.88468,8.425661,9.143381,15.845501,3.068403,0.0,26.312885,17.956325,26.235141,91.700336
0.026667,11.541187,28.166075,25.308181,3.661296,11.177997,5.538157,63.767467,0.0,3.830693,25.242093,31.074845
0.0,0.438293,0.026667,3.828597,0.026667,0.246293,0.026667,34.533691,0.541003,0.0,39.914251,0.499488
0.0,6.167261,31.129125,2.019376,1.798757,6.904128,2.898523,25.447365,11.631032,1.664955,0.0,5.663157
1.553923,109.861456,82.667763,57.719512,20.236712,34.632072,7.495824,108.791096,150.362984,6.694307,42.247059,0.0
