2216.269037
0.321891,1,2
1.19312,1,3
0.053333,1,4
0.026667,1,5
1.453427,1,6
0.223771,1,8
0.272187,1,11
0.713357,1,12
0.71188,2,1
10.953419,2,3
2.151128,2,4
2.179792,2,5
22.838531,2,6
2.716915,2,7
21.564675,2,8
7.686293,2,9
0.100747,2,10
13.744672,2,11
46.977136,2,12
0.656872,3,1
10.555784,3,2
8.409675,3,4
11.326645,3,5
45.731747,3,6
16.234283,3,7
119.002757,3,8
10.240221,3,9
8.030469,3,10
20.837168,3,11
27.276781,3,12
0.233333,4,1
5.503875,4,2
38.652,4,3
14.816909,4,5
8.769045,4,6
12.134755,4,7
10.004637,4,8
12.215165,4,9
8.634872,4,10
24.755435,4,11
26.444651,4,12
0.148715,5,1
4.357112,5,2
10.766336,5,3
0.981696,5,4
1.474083,5,6
1.260965,5,7
11.529768,5,8
2.635677,5,9
0.053333,5,10
3.940797,5,11
4.677344,5,12
0.517739,6,1
14.667443,6,2
57.226189,6,3
5.183808,6,4
0.644357,6,5
2.707968,6,7
18.561584,6,8
14.461539,6,9
0.469203,6,10
20.067864,6,11
7.941299,6,12
0.231435,7,1
5.187083,7,2
16.756651,7,3
11.050059,7,4
3.376293,7,5
14.348059,7,6
6.369789,7,8
1.592355,7,9
3.81096,7,10
7.076016,7,11
15.890643,7,12
0.086069,8,1
5.076109,8,2
96.221904,8,3
9.714544,8,4
4.764789,8,5
22.843171,8,6
6.313891,8,7
34.769261,8,9
19.947797,8,10
93.395019,8,11
44.362816,8,12
1.671971,9,1
23.7396,9,2
31.927312,9,3
13.090848,9,4
12.720093,9,5
44.870517,9,6
7.250728,9,7
79.40264,9,8
3.395805,9,10
26.445712,9,11
66.003053,9,12
5.27092,10,4
0.471664,10,6
16.731749,10,8
0.046453,10,9
23.579035,10,11
0.026667,10,12
0.812467,11,1
9.500099,11,2
30.211741,11,3
2.952,11,4
2.738467,11,5
9.17252,11,6
3.600899,11,7
43.205216,11,8
9.960096,11,9
2.291488,11,10
6.454579,11,12
0.86368,12,1
111.604344,12,2
64.591469,12,3
31.659253,12,4
32.633533,12,5
19.059317,12,6
20.069571,12,7
60.916771,12,8
156.216443,12,9
7.525344,12,10
49.775421,12,11
succeed
0.0,0.321891,1.19312,0.053333,0.026667,1.453427,0.0,0.223771,0.0,0.0,0.272187,0.713357
0.71188,0.0,10.953419,2.151128,2.179792,22.838531,2.716915,21.564675,7.686293,0.100747,13.744672,46.977136
0.656872,10.555784,0.0,8.409675,11.326645,45.731747,16.234283,119.002757,10.240221,8.030469,20.837168,27.276781
0.233333,5.503875,38.652,0.0,14.816909,8.769045,12.134755,10.004637,12.215165,8.634872,24.755435,26.444651
0.148715,4.357112,10.766336,0.981696,0.0,1.474083,1.260965,11.529768,2.635677,0.053333,3.940797,4.677344
0.517739,14.667443,57.226189,5.183808,0.644357,0.0,2.707968,18.561584,14.461539,0.469203,20.067864,7.941299
0.231435,5.187083,16.756651,11.050059,3.376293,14.348059,0.0,6.369789,1.592355,3.81096,7.076016,15.890643
0.086069,5.076109,96.221904,9.714544,4.764789,22.843171,6.313891,0.0,34.769261,19.947797,93.395019,44.362816
1.671971,23.7396,31.927312,13.090848,12.720093,44.870517,7.250728,79.40264,0.0,3.395805,26.445712,66.003053
0.0,0.0,0.0,5.27092,0.0,0.471664,0.0,16.731749,0.046453,0.0,23.579035,0.026667
0.812467,9.500099,30.211741,2.952,2.738467,9.17252,3.600899,43.205216,9.960096,2.291488,0.0,6.454579
0.86368,111.604344,64.591469,31.659253,32.633533,19.059317,20.069571,60.916771,156.216443,7.525344,49.775421,0.0
