2156.25096
0.026667,1,2
0.146933,1,3
0.093461,1,5
0.026667,1,6
0.167371,1,8
0.026667,1,9
0.082309,1,11
0.265832,1,12
0.333931,2,1
19.235613,2,3
2.50852,2,4
25.817061,2,5
18.264531,2,6
1.455488,2,7
19.123457,2,8
6.328035,2,9
0.014751,2,10
2.886237,2,11
18.569309,2,12
0.405171,3,1
9.347256,3,2
5.188131,3,4
8.450819,3,5
13.194576,3,6
7.864312,3,7
39.469485,3,8
11.673051,3,9
5.009488,3,10
9.824155,3,11
10.036053,3,12
0.11392,4,1
7.263256,4,2
45.727747,4,3
27.654211,4,5
25.844141,4,6
29.941941,4,7
20.177509,4,8
16.085109,4,9
12.130813,4,10
16.391075,4,11
12.62512,4,12
0.530539,5,1
3.111331,5,2
7.503051,5,3
1.037664,5,4
1.304272,5,6
0.988493,5,7
10.662237,5,8
6.540389,5,9
0.891877,5,10
0.840456,5,11
2.695931,5,12
0.13256,6,1
18.224981,6,2
37.922533,6,3
10.024624,6,4
0.859461,6,5
2.183533,6,7
27.057445,6,8
6.904179,6,9
0.815219,6,10
11.823256,6,11
24.847184,6,12
2.651917,7,2
9.413363,7,3
8.085533,7,4
3.154699,7,5
12.905029,7,6
6.951072,7,8
3.154645,7,9
2.604315,7,10
4.833965,7,11
6.042645,7,12
0.082917,8,1
32.238971,8,2
59.795099,8,3
21.918269,8,4
9.822941,8,5
15.484755,8,6
2.920032,8,7
5.785608,8,9
27.495741,8,10
29.839485,8,11
94.994147,8,12
0.138955,9,1
14.116797,9,2
25.831296,9,3
26.721464,9,4
12.635485,9,5
11.649755,9,6
9.58548,9,7
52.054392,9,8
3.574952,9,10
21.247552,9,11
48.542019,9,12
1.453312,10,2
0.026667,10,3
32.703389,10,4
0.053333,10,5
0.275512,10,6
0.026667,10,7
39.964189,10,8
57.397456,10,9
47.218237,10,11
0.539893,10,12
9.964203,11,2
16.375707,11,3
7.203664,11,4
1.319869,11,5
9.104472,11,6
3.581744,11,7
21.481704,11,8
9.904157,11,9
5.124672,11,10
5.327461,11,12
0.970243,12,1
102.266757,12,2
77.277157,12,3
47.597272,12,4
37.291512,12,5
20.936347,12,6
17.779416,12,7
112.437107,12,8
202.887901,12,9
0.889443,12,10
53.906808,12,11
succeed
0.0,0.026667,0.146933,0.0,0.093461,0.026667,0.0,0.167371,0.026667,0.0,0.082309,0.265832
0.333931,0.0,19.235613,2.50852,25.817061,18.264531,1.455488,19.123457,6.328035,0.014751,2.886237,18.569309
0.405171,9.347256,0.0,5.188131,8.450819,13.194576,7.864312,39.469485,11.673051,5.009488,9.824155,10.036053
0.11392,7.263256,45.727747,0.0,27.654211,25.844141,29.941941,20.177509,16.085109,12.130813,16.391075,12.62512
0.530539,3.111331,7.503051,1.037664,0.0,1.304272,0.988493,10.662237,6.540389,0.891877,0.840456,2.695931
0.13256,18.224981,37.922533,10.024624,0.859461,0.0,2.183533,27.057445,6.904179,0.815219,11.823256,24.847184
0.0,2.651917,9.413363,8.085533,3.154699,12.905029,0.0,6.951072,3.154645,2.604315,4.833965,6.042645
0.082917,32.238971,59.795099,21.918269,9.822941,15.484755,2.920032,0.0,5.785608,27.495741,29.839485,94.994147
0.138955,14.116797,25.831296,26.721464,12.635485,11.649755,9.58548,52.054392,0.0,3.574952,21.247552,48.542019
0.0,1.453312,0.026667,32.703389,0.053333,0.275512,0.026667,39.964189,57.397456,0.0,47.218237,0.539893
0.0,9.964203,16.375707,7.203664,1.319869,9.104472,3.581744,21.481704,9.904157,5.124672,0.0,5.327461
0.970243,102.266757,77.277157,47.597272,37.291512,20.936347,17.779416,112.437107,202.887901,0.889443,53.906808,0.0
