3165.255912
0.136909,1,2
0.43772,1,3
0.144811,1,4
0.153805,1,5
0.136859,1,6
0.035957,1,7
0.190371,1,8
0.626059,1,9
0.052805,1,10
0.074037,1,11
1.214829,1,12
0.332917,2,1
48.71908,2,3
7.86416,2,4
4.520211,2,5
29.252323,2,6
11.036072,2,7
24.502895,2,8
15.178635,2,9
1.218468,2,10
5.324883,2,11
52.270475,2,12
0.269032,3,1
34.798656,3,2
13.058547,3,4
15.598829,3,5
44.027077,3,6
23.53512,3,7
40.840243,3,8
20.683408,3,9
6.771181,3,10
7.059904,3,11
39.423571,3,12
0.18672,4,1
20.808667,4,2
80.068469,4,3
25.770629,4,5
35.69292,4,6
25.849968,4,7
7.164523,4,8
86.888347,4,9
22.203715,4,10
30.609403,4,11
58.952915,4,12
0.269387,5,1
6.052195,5,2
10.754272,5,3
2.228061,5,4
5.4012,5,6
1.979779,5,7
3.277056,5,8
7.027291,5,9
0.582635,5,10
2.808368,5,11
6.576965,5,12
0.262661,6,1
23.206952,6,2
50.792925,6,3
11.258731,6,4
25.746869,6,5
16.514885,6,7
11.473507,6,8
14.994091,6,9
2.838155,6,10
28.189568,6,11
22.789925,6,12
0.614677,7,1
2.652517,7,2
16.315219,7,3
12.875923,7,4
4.948981,7,5
17.122947,7,6
2.703139,7,8
3.344968,7,9
3.108403,7,10
5.646819,7,11
14.709995,7,12
0.772296,8,1
42.378691,8,2
102.875475,8,3
26.133613,8,4
11.624336,8,5
26.948125,8,6
11.894379,8,7
46.647656,8,9
57.251045,8,10
27.913928,8,11
64.483736,8,12
1.962096,9,1
51.726664,9,2
42.494448,9,3
39.129845,9,4
17.277253,9,5
34.928979,9,6
13.031232,9,7
87.089155,9,8
4.346368,9,10
16.342923,9,11
197.218584,9,12
0.318981,10,2
0.215595,10,3
19.578256,10,4
0.301029,10,5
0.472757,10,6
29.251443,10,8
0.331904,10,9
28.35576,10,11
0.186667,10,12
0.359837,11,1
16.624272,11,2
51.391184,11,3
8.364195,11,4
7.671461,11,5
16.800565,11,6
4.608899,11,7
16.051168,11,8
21.104261,11,9
6.852315,11,10
22.474627,11,12
1.588827,12,1
127.540979,12,2
109.866461,12,3
79.198981,12,4
37.3248,12,5
77.416371,12,6
20.032611,12,7
87.894565,12,8
199.636925,12,9
4.599595,12,10
61.614603,12,11
succeed
0.0,0.136909,0.43772,0.144811,0.153805,0.136859,0.035957,0.190371,0.626059,0.052805,0.074037,1.214829
0.332917,0.0,48.71908,7.86416,4.520211,29.252323,11.036072,24.502895,15.178635,1.218468,5.324883,52.270475
0.269032,34.798656,0.0,13.058547,15.598829,44.027077,23.53512,40.840243,20.683408,6.771181,7.059904,39.423571
0.18672,20.808667,80.068469,0.0,25.770629,35.69292,25.849968,7.164523,86.888347,22.203715,30.609403,58.952915
0.269387,6.052195,10.754272,2.228061,0.0,5.4012,1.979779,3.277056,7.027291,0.582635,2.808368,6.576965
0.262661,23.206952,50.792925,11.258731,25.746869,0.0,16.514885,11.473507,14.994091,2.838155,28.189568,22.789925
0.614677,2.652517,16.315219,12.875923,4.948981,17.122947,0.0,2.703139,3.344968,3.108403,5.646819,14.709995
0.772296,42.378691,102.875475,26.133613,11.624336,26.948125,11.894379,0.0,46.647656,57.251045,27.913928,64.483736
1.962096,51.726664,42.494448,39.129845,17.277253,34.928979,13.031232,87.089155,0.0,4.346368,16.342923,197.218584
0.0,0.318981,0.215595,19.578256,0.301029,0.472757,0.0,29.251443,0.331904,0.0,28.35576,0.186667
0.359837,16.624272,51.391184,8.364195,7.671461,16.800565,4.608899,16.051168,21.104261,6.852315,0.0,22.474627
1.588827,127.540979,109.866461,79.198981,37.3248,77.416371,20.032611,87.894565,199.636925,4.599595,61.614603,0.0
