3306.671194
0.299269,1,2
2.915331,1,3
0.233363,1,4
0.528747,1,5
2.750717,1,6
0.146971,1,7
0.288791,1,8
1.141709,1,9
0.175791,1,10
0.458517,1,11
2.99784,1,12
0.921173,2,1
33.569808,2,3
6.342739,2,4
4.388216,2,5
21.081061,2,6
6.413917,2,7
12.227769,2,8
28.298931,2,9
2.85518,2,10
5.000429,2,11
39.081211,2,12
0.608152,3,1
15.266475,3,2
11.365445,3,4
7.859845,3,5
28.576261,3,6
9.8386,3,7
34.487251,3,8
5.591171,3,9
2.277699,3,10
12.023531,3,11
17.543237,3,12
1.766139,4,1
6.742216,4,2
52.574109,4,3
12.595501,4,5
43.387373,4,6
13.465195,4,7
61.956371,4,8
15.953597,4,9
5.907925,4,10
19.460077,4,11
46.11168,4,12
4.006931,5,1
9.885861,5,2
42.312379,5,3
4.042717,5,4
10.381325,5,6
8.673381,5,7
12.892331,5,8
8.522645,5,9
1.691795,5,10
3.143216,5,11
20.720819,5,12
1.582008,6,1
21.053104,6,2
135.589227,6,3
16.420035,6,4
8.342021,6,5
21.890125,6,7
53.958291,6,8
39.503531,6,9
6.295667,6,10
15.236448,6,11
27.345187,6,12
0.392205,7,1
7.413997,7,2
36.316379,7,3
17.630597,7,4
7.808728,7,5
15.546597,7,6
12.054547,7,8
15.095813,7,9
1.818557,7,10
7.147283,7,11
12.843499,7,12
0.246387,8,1
24.524627,8,2
118.705712,8,3
7.574683,8,4
11.713461,8,5
31.218893,8,6
5.884288,8,7
54.902931,8,9
9.244096,8,10
26.321005,8,11
60.575056,8,12
2.690405,9,1
52.223389,9,2
72.937941,9,3
38.354331,9,4
34.085696,9,5
80.903853,9,6
24.003147,9,7
82.950387,9,8
13.463696,9,10
42.642619,9,11
181.841979,9,12
0.579344,10,1
1.112637,10,2
4.542117,10,3
4.294267,10,4
2.791024,10,5
3.214941,10,6
1.337205,10,7
37.267733,10,8
2.803352,10,9
67.480413,10,11
3.097163,10,12
0.484891,11,1
11.168213,11,2
50.346704,11,3
6.449667,11,4
6.081008,11,5
22.591235,11,6
5.898811,11,7
34.752949,11,8
15.992101,11,9
8.254963,11,10
25.160669,11,12
0.898685,12,1
135.146312,12,2
136.682896,12,3
57.177373,12,4
30.911448,12,5
55.93204,12,6
37.814323,12,7
95.323448,12,8
203.646736,12,9
13.796109,12,10
41.599259,12,11
succeed
0.0,0.299269,2.915331,0.233363,0.528747,2.750717,0.146971,0.288791,1.141709,0.175791,0.458517,2.99784
0.921173,0.0,33.569808,6.342739,4.388216,21.081061,6.413917,12.227769,28.298931,2.85518,5.000429,39.081211
0.608152,15.266475,0.0,11.365445,7.859845,28.576261,9.8386,34.487251,5.591171,2.277699,12.023531,17.543237
1.766139,6.742216,52.574109,0.0,12.595501,43.387373,13.465195,61.956371,15.953597,5.907925,19.460077,46.11168
4.006931,9.885861,42.312379,4.042717,0.0,10.381325,8.673381,12.892331,8.522645,1.691795,3.143216,20.720819
1.582008,21.053104,135.589227,16.420035,8.342021,0.0,21.890125,53.958291,39.503531,6.295667,15.236448,27.345187
0.392205,7.413997,36.316379,17.630597,7.808728,15.546597,0.0,12.054547,15.095813,1.818557,7.147283,12.843499
0.246387,24.524627,118.705712,7.574683,11.713461,31.218893,5.884288,0.0,54.902931,9.244096,26.321005,60.575056
2.690405,52.223389,72.937941,38.354331,34.085696,80.903853,24.003147,82.950387,0.0,13.463696,42.642619,181.841979
0.579344,1.112637,4.542117,4.294267,2.791024,3.214941,1.337205,37.267733,2.803352,0.0,67.480413,3.097163
0.484891,11.168213,50.346704,6.449667,6.081008,22.591235,5.898811,34.752949,15.992101,8.254963,0.0,25.160669
0.898685,135.146312,136.682896,57.177373,30.911448,55.93204,37.814323,95.323448,203.646736,13.796109,41.599259,0.0
