3915.059479
0.6198,1,2
1.239077,1,3
0.026667,1,4
0.573829,1,5
1.621325,1,6
0.276275,1,7
0.295432,1,9
1.992571,1,12
27.412896,2,3
0.026667,2,4
35.373112,2,5
34.820728,2,6
6.861171,2,7
23.409235,2,9
0.269808,2,10
0.567056,2,11
156.852499,2,12
35.732739,3,2
16.332472,3,4
100.507955,3,5
59.218861,3,6
20.730901,3,7
0.373901,3,8
39.051867,3,9
1.063339,3,10
0.781301,3,11
49.886701,3,12
8.749704,4,2
72.932984,4,3
54.939643,4,5
36.777901,4,6
19.711264,4,7
20.738296,4,9
10.482384,4,10
0.098773,4,11
55.488672,4,12
40.255269,5,2
2.969968,5,3
0.199765,5,6
0.116389,5,7
8.539677,5,9
0.08,5,10
0.121493,5,11
126.623645,5,12
19.465723,6,2
157.703715,6,3
32.276357,6,4
65.034267,6,5
30.337035,6,7
0.053333,6,8
59.633899,6,9
7.583128,6,10
0.786648,6,11
54.117603,6,12
6.098197,7,2
37.132283,7,3
9.426288,7,4
13.451296,7,5
27.094389,7,6
9.895131,7,9
0.121811,7,10
0.261795,7,11
18.018445,7,12
35.831152,8,2
15.886312,8,3
12.613907,8,4
222.063691,8,5
1.055925,8,6
0.500291,8,7
82.88312,8,9
10.368064,8,10
23.639403,8,11
107.071789,8,12
60.443851,9,2
99.517525,9,3
34.013011,9,4
91.325029,9,5
54.839781,9,6
30.800203,9,7
0.116443,9,8
0.107669,9,10
6.135771,9,11
157.178208,9,12
1.406952,10,2
0.28136,10,3
3.389077,10,4
12.303501,10,5
0.03188,10,6
2.503357,10,7
29.717443,10,8
4.745115,10,9
57.580512,10,11
0.737155,10,12
12.148584,11,2
26.111835,11,3
5.909061,11,4
72.480923,11,5
0.333781,11,6
9.349451,11,7
23.322157,11,8
18.053171,11,9
4.982416,11,10
47.156429,11,12
166.542032,12,2
133.58804,12,3
4.523091,12,4
301.399893,12,5
44.544205,12,6
17.004155,12,7
0.08,12,8
238.362323,12,9
1.876344,12,10
4.968736,12,11
succeed
0.0,0.6198,1.239077,0.026667,0.573829,1.621325,0.276275,0.0,0.295432,0.0,0.0,1.992571
0.0,0.0,27.412896,0.026667,35.373112,34.820728,6.861171,0.0,23.409235,0.269808,0.567056,156.852499
0.0,35.732739,0.0,16.332472,100.507955,59.218861,20.730901,0.373901,39.051867,1.063339,0.781301,49.886701
0.0,8.749704,72.932984,0.0,54.939643,36.777901,19.711264,0.0,20.738296,10.482384,0.098773,55.488672
0.0,40.255269,2.969968,0.0,0.0,0.199765,0.116389,0.0,8.539677,0.08,0.121493,126.623645
0.0,19.465723,157.703715,32.276357,65.034267,0.0,30.337035,0.053333,59.633899,7.583128,0.786648,54.117603
0.0,6.098197,37.132283,9.426288,13.451296,27.094389,0.0,0.0,9.895131,0.121811,0.261795,18.018445
0.0,35.831152,15.886312,12.613907,222.063691,1.055925,0.500291,0.0,82.88312,10.368064,23.639403,107.071789
0.0,60.443851,99.517525,34.013011,91.325029,54.839781,30.800203,0.116443,0.0,0.107669,6.135771,157.178208
0.0,1.406952,0.28136,3.389077,12.303501,0.03188,2.503357,29.717443,4.745115,0.0,57.580512,0.737155
0.0,12.148584,26.111835,5.909061,72.480923,0.333781,9.349451,23.322157,18.053171,4.982416,0.0,47.156429
0.0,166.542032,133.58804,4.523091,301.399893,44.544205,17.004155,0.08,238.362323,1.876344,4.968736,0.0
