1778.6476360000001
0.026667,1,2
0.026667,1,3
0.075189,1,5
0.281267,1,6
0.407901,1,8
0.232464,1,12
0.151997,2,1
13.729616,2,3
6.91164,2,4
0.511211,2,5
10.726493,2,6
0.434541,2,7
23.35818,2,8
1.576952,2,9
0.080553,2,10
4.137264,2,11
41.166664,2,12
0.422944,3,1
13.706896,3,2
5.605725,3,4
13.921437,3,5
25.329173,3,6
7.370699,3,7
29.969021,3,8
13.084213,3,9
0.26928,3,10
7.429371,3,11
31.846387,3,12
0.096021,4,1
14.674672,4,2
61.080755,4,3
17.077288,4,5
25.273336,4,6
10.931021,4,7
2.815651,4,8
13.189568,4,9
1.9436,4,10
9.088088,4,11
35.301635,4,12
3.481259,5,1
0.973835,5,2
14.116365,5,3
1.102459,5,4
1.009003,5,6
1.481741,5,7
2.998688,5,8
2.909371,5,9
0.026667,5,10
1.646987,5,11
1.278573,5,12
0.026667,6,1
5.913525,6,2
45.072123,6,3
5.84228,6,4
0.427029,6,5
1.682176,6,7
11.149504,6,8
12.939459,6,9
0.193453,6,10
20.459768,6,11
3.927581,6,12
1.506451,7,2
9.385635,7,3
4.731875,7,4
2.435795,7,5
7.099651,7,6
3.734888,7,8
2.964824,7,9
1.679701,7,10
2.518619,7,11
8.598571,7,12
6.498283,8,1
48.652832,8,2
54.57672,8,3
8.822141,8,4
6.526211,8,5
11.042107,8,6
3.133475,8,7
27.564693,8,9
23.219328,8,10
20.928123,8,11
53.804488,8,12
0.087651,9,1
16.567888,9,2
24.468987,9,3
27.024056,9,4
3.426896,9,5
22.592552,9,6
7.299867,9,7
60.524547,9,8
1.018299,9,10
13.927349,9,11
35.964629,9,12
6.054912,10,4
0.026667,10,5
4.252411,10,6
0.026667,10,7
31.698024,10,8
0.054827,10,9
37.458525,10,11
0.026667,10,12
5.478317,11,2
7.997581,11,3
2.107611,11,4
2.269939,11,5
2.748976,11,6
1.239016,11,7
17.112125,11,8
6.488888,11,9
1.698899,11,10
6.423595,11,12
0.90416,12,1
68.188171,12,2
36.278387,12,3
67.352648,12,4
7.38412,12,5
25.422416,12,6
3.654944,12,7
96.930835,12,8
207.024829,12,9
0.647091,12,10
26.448696,12,11
succeed
0.0,0.026667,0.026667,0.0,0.075189,0.281267,0.0,0.407901,0.0,0.0,0.0,0.232464
0.151997,0.0,13.729616,6.91164,0.511211,10.726493,0.434541,23.35818,1.576952,0.080553,4.137264,41.166664
0.422944,13.706896,0.0,5.605725,13.921437,25.329173,7.370699,29.969021,13.084213,0.26928,7.429371,31.846387
0.096021,14.674672,61.080755,0.0,17.077288,25.273336,10.931021,2.815651,13.189568,1.9436,9.088088,35.301635
3.481259,0.973835,14.116365,1.102459,0.0,1.009003,1.481741,2.998688,2.909371,0.026667,1.646987,1.278573
0.026667,5.913525,45.072123,5.84228,0.427029,0.0,1.682176,11.149504,12.939459,0.193453,20.459768,3.927581
0.0,1.506451,9.385635,4.731875,2.435795,7.099651,0.0,3.734888,2.964824,1.679701,2.518619,8.598571
6.498283,48.652832,54.57672,8.822141,6.526211,11.042107,3.133475,0.0,27.564693,23.219328,20.928123,53.804488
0.087651,16.567888,24.468987,27.024056,3.426896,22.592552,7.299867,60.524547,0.0,1.018299,13.927349,35.964629
0.0,0.0,0.0,6.054912,0.026667,4.252411,0.026667,31.698024,0.054827,0.0,37.458525,0.026667
0.0,5.478317,7.997581,2.107611,2.269939,2.748976,1.239016,17.112125,6.488888,1.698899,0.0,6.423595
0.90416,68.188171,36.278387,67.352648,7.38412,25.422416,3.654944,96.930835,207.024829,0.647091,26.448696,0.0
