2698.869833
0.026667,1,2
0.182653,1,3
0.026667,1,5
0.889,1,6
0.181419,1,8
0.053333,1,9
0.029376,1,11
0.314549,1,12
0.053333,2,1
14.689464,2,3
6.022779,2,4
39.308581,2,5
19.194715,2,6
1.095707,2,7
10.066084,2,8
9.903368,2,9
0.071177,2,10
3.3696,2,11
37.622907,2,12
0.433885,3,1
8.556059,3,2
16.567664,3,4
9.801645,3,5
38.910989,3,6
8.662952,3,7
60.626955,3,8
15.281299,3,9
1.652347,3,10
15.332453,3,11
32.092104,3,12
0.118976,4,1
10.140589,4,2
43.447053,4,3
24.786875,4,5
40.167011,4,6
16.132035,4,7
13.011811,4,8
15.727723,4,9
10.951477,4,10
8.409733,4,11
41.130101,4,12
3.953357,5,2
38.006045,5,3
2.739885,5,4
4.040597,5,6
1.917723,5,7
9.277256,5,8
8.086803,5,9
3.084632,5,11
8.817579,5,12
0.095627,6,1
21.093848,6,2
65.516885,6,3
12.682083,6,4
2.618867,6,5
6.711696,6,7
22.056717,6,8
26.049957,6,9
0.886664,6,10
7.462173,6,11
15.750179,6,12
1.179277,7,2
17.223488,7,3
14.365851,7,4
4.986416,7,5
10.131355,7,6
6.492032,7,8
3.290565,7,9
0.245557,7,10
1.528592,7,11
10.695304,7,12
0.546173,8,1
25.258211,8,2
94.169307,8,3
38.502827,8,4
8.303597,8,5
19.516579,8,6
5.811835,8,7
78.81968,8,9
8.961325,8,10
27.844885,8,11
118.0538,8,12
1.95408,9,1
19.039835,9,2
61.025437,9,3
37.90024,9,4
16.760627,9,5
35.010776,9,6
13.829421,9,7
99.852635,9,8
4.433536,9,10
20.472181,9,11
119.759464,9,12
7.661675,10,2
0.631939,10,3
9.274267,10,4
0.441573,10,5
4.004619,10,6
0.207285,10,7
46.986381,10,8
34.900797,10,9
41.757901,10,11
0.205387,10,12
7.095376,11,2
21.087645,11,3
2.429896,11,4
5.028611,11,5
5.117272,11,6
1.218888,11,7
22.566237,11,8
5.493139,11,9
3.017459,11,10
8.926907,11,12
1.682915,12,1
97.855771,12,2
104.458461,12,3
46.825627,12,4
20.249957,12,5
39.424659,12,6
18.539245,12,7
139.005733,12,8
211.904245,12,9
2.910043,12,10
26.103347,12,11
succeed
0.0,0.026667,0.182653,0.0,0.026667,0.889,0.0,0.181419,0.053333,0.0,0.029376,0.314549
0.053333,0.0,14.689464,6.022779,39.308581,19.194715,1.095707,10.066084,9.903368,0.071177,3.3696,37.622907
0.433885,8.556059,0.0,16.567664,9.801645,38.910989,8.662952,60.626955,15.281299,1.652347,15.332453,32.092104
0.118976,10.140589,43.447053,0.0,24.786875,40.167011,16.132035,13.011811,15.727723,10.951477,8.409733,41.130101
0.0,3.953357,38.006045,2.739885,0.0,4.040597,1.917723,9.277256,8.086803,0.0,3.084632,8.817579
0.095627,21.093848,65.516885,12.682083,2.618867,0.0,6.711696,22.056717,26.049957,0.886664,7.462173,15.750179
0.0,1.179277,17.223488,14.365851,4.986416,10.131355,0.0,6.492032,3.290565,0.245557,1.528592,10.695304
0.546173,25.258211,94.169307,38.502827,8.303597,19.516579,5.811835,0.0,78.81968,8.961325,27.844885,118.0538
1.95408,19.039835,61.025437,37.90024,16.760627,35.010776,13.829421,99.852635,0.0,4.433536,20.472181,119.759464
0.0,7.661675,0.631939,9.274267,0.441573,4.004619,0.207285,46.986381,34.900797,0.0,41.757901,0.205387
0.0,7.095376,21.087645,2.429896,5.028611,5.117272,1.218888,22.566237,5.493139,3.017459,0.0,8.926907
1.682915,97.855771,104.458461,46.825627,20.249957,39.424659,18.539245,139.005733,211.904245,2.910043,26.103347,0.0
