1967.26253
0.108051,1,2
0.519691,1,3
0.065859,1,5
0.119003,1,7
0.062765,1,8
0.755341,1,9
0.165792,1,11
0.536853,1,12
0.227397,2,1
4.757763,2,3
3.332072,2,4
20.383259,2,5
11.761955,2,6
0.398352,2,7
19.348288,2,8
4.347075,2,9
0.114888,2,10
4.445973,2,11
34.673397,2,12
0.053333,3,1
7.414035,3,2
26.745869,3,4
9.588765,3,5
19.579683,3,6
11.089595,3,7
54.798939,3,8
4.742981,3,9
0.5142,3,10
3.958083,3,11
19.008237,3,12
0.083328,4,1
1.402088,4,2
36.142904,4,3
14.909435,4,5
39.452605,4,6
18.152048,4,7
19.326752,4,8
12.505581,4,9
7.159616,4,10
19.255611,4,11
44.004835,4,12
0.486709,5,1
3.511957,5,2
9.411355,5,3
1.972867,5,4
1.031976,5,6
0.564075,5,7
5.051552,5,8
2.19136,5,9
0.026667,5,10
0.507112,5,11
2.734747,5,12
16.317755,6,2
43.828635,6,3
6.406187,6,4
1.828173,6,5
12.412024,6,7
41.338741,6,8
16.656243,6,9
0.556,6,10
7.410048,6,11
19.905763,6,12
0.053333,7,1
2.46856,7,2
13.221835,7,3
8.036765,7,4
9.836349,7,5
14.357256,7,6
4.700504,7,8
3.099725,7,9
1.818531,7,10
4.896357,7,11
15.310816,7,12
0.741488,8,1
25.264848,8,2
72.025243,8,3
8.257237,8,4
16.663552,8,5
13.918456,8,6
4.693661,8,7
37.311304,8,9
10.199019,8,10
30.245869,8,11
33.968925,8,12
3.004315,9,1
29.897413,9,2
25.182904,9,3
24.641419,9,4
5.192293,9,5
35.536427,9,6
15.488219,9,7
57.633443,9,8
3.007141,9,10
16.715016,9,11
68.131611,9,12
0.030379,10,2
0.110293,10,3
1.105723,10,4
0.079125,10,5
6.171397,10,6
0.031024,10,7
33.16772,10,8
2.08716,10,9
21.175288,10,11
0.119029,10,12
0.185072,11,1
14.998901,11,2
9.102904,11,3
4.158525,11,4
2.617349,11,5
6.230381,11,6
2.742019,11,7
13.661584,11,8
7.954883,11,9
2.020115,11,10
17.286419,11,12
0.152757,12,1
120.088448,12,2
50.046645,12,3
48.737736,12,4
14.019027,12,5
63.224379,12,6
21.369419,12,7
59.113979,12,8
116.422848,12,9
1.512453,12,10
41.857472,12,11
succeed
0.0,0.108051,0.519691,0.0,0.065859,0.0,0.119003,0.062765,0.755341,0.0,0.165792,0.536853
0.227397,0.0,4.757763,3.332072,20.383259,11.761955,0.398352,19.348288,4.347075,0.114888,4.445973,34.673397
0.053333,7.414035,0.0,26.745869,9.588765,19.579683,11.089595,54.798939,4.742981,0.5142,3.958083,19.008237
0.083328,1.402088,36.142904,0.0,14.909435,39.452605,18.152048,19.326752,12.505581,7.159616,19.255611,44.004835
0.486709,3.511957,9.411355,1.972867,0.0,1.031976,0.564075,5.051552,2.19136,0.026667,0.507112,2.734747
0.0,16.317755,43.828635,6.406187,1.828173,0.0,12.412024,41.338741,16.656243,0.556,7.410048,19.905763
0.053333,2.46856,13.221835,8.036765,9.836349,14.357256,0.0,4.700504,3.099725,1.818531,4.896357,15.310816
0.741488,25.264848,72.025243,8.257237,16.663552,13.918456,4.693661,0.0,37.311304,10.199019,30.245869,33.968925
3.004315,29.897413,25.182904,24.641419,5.192293,35.536427,15.488219,57.633443,0.0,3.007141,16.715016,68.131611
0.0,0.030379,0.110293,1.105723,0.079125,6.171397,0.031024,33.16772,2.08716,0.0,21.175288,0.119029
0.185072,14.998901,9.102904,4.158525,2.617349,6.230381,2.742019,13.661584,7.954883,2.020115,0.0,17.286419
0.152757,120.088448,50.046645,48.737736,14.019027,63.224379,21.369419,59.113979,116.422848,1.512453,41.857472,0.0
