2771.204919
0.026667,1,2
0.185565,1,3
0.044829,1,5
0.026667,1,6
0.295787,1,8
1.619845,1,9
0.149461,1,11
0.588477,1,12
0.053333,2,1
8.936931,2,3
3.379579,2,4
6.868528,2,5
21.568048,2,6
0.833355,2,7
970.3868,2,8
2.926299,2,9
0.026667,2,10
3.661269,2,11
32.542997,2,12
0.534768,3,1
5.416853,3,2
19.861773,3,4
2.270789,3,5
23.429611,3,6
9.967939,3,7
52.27728,3,8
5.732507,3,9
0.317475,3,10
5.952264,3,11
6.494248,3,12
0.220427,4,1
2.667149,4,2
31.489925,4,3
13.49168,4,5
36.740733,4,6
22.802832,4,7
6.044707,4,8
11.270813,4,9
13.005739,4,10
19.335771,4,11
38.418243,4,12
2.323064,5,1
7.569339,5,2
10.754664,5,3
0.471376,5,4
4.838141,5,6
5.231864,5,7
3.901867,5,8
2.431419,5,9
3.972581,5,11
3.455469,5,12
0.542805,6,1
13.53548,6,2
38.047885,6,3
6.349901,6,4
1.663037,6,5
1.004341,6,7
15.008507,6,8
23.239029,6,9
0.431019,6,10
8.965947,6,11
11.603931,6,12
1.748536,7,2
10.809059,7,3
8.02948,7,4
4.384136,7,5
8.442325,7,6
8.663584,7,8
2.44536,7,9
1.948395,7,10
3.081384,7,11
8.193099,7,12
0.248277,8,1
24.674379,8,2
51.002003,8,3
3.238555,8,4
26.557635,8,5
12.351931,8,6
2.114811,8,7
29.744659,8,9
13.723531,8,10
20.575717,8,11
18.654645,8,12
0.543461,9,1
10.128013,9,2
21.179899,9,3
24.650053,9,4
8.909851,9,5
12.025725,9,6
7.801496,9,7
55.493203,9,8
0.791136,9,10
26.993355,9,11
60.865453,9,12
0.053333,10,2
0.106675,10,3
28.922261,10,4
0.255941,10,5
4.753656,10,6
32.651264,10,8
0.162131,10,9
24.959243,10,11
0.180048,10,12
0.435701,11,1
17.378899,11,2
17.076077,11,3
2.282629,11,4
1.540043,11,5
5.634419,11,6
1.575613,11,7
36.297589,11,8
10.099027,11,9
2.019635,11,10
31.027581,11,12
1.051579,12,1
150.795493,12,2
57.476483,12,3
61.673533,12,4
13.241829,12,5
24.731315,12,6
7.260493,12,7
53.527712,12,8
109.087837,12,9
2.239443,12,10
35.487995,12,11
succeed
0.0,0.026667,0.185565,0.0,0.044829,0.026667,0.0,0.295787,1.619845,0.0,0.149461,0.588477
0.053333,0.0,8.936931,3.379579,6.868528,21.568048,0.833355,970.3868,2.926299,0.026667,3.661269,32.542997
0.534768,5.416853,0.0,19.861773,2.270789,23.429611,9.967939,52.27728,5.732507,0.317475,5.952264,6.494248
0.220427,2.667149,31.489925,0.0,13.49168,36.740733,22.802832,6.044707,11.270813,13.005739,19.335771,38.418243
2.323064,7.569339,10.754664,0.471376,0.0,4.838141,5.231864,3.901867,2.431419,0.0,3.972581,3.455469
0.542805,13.53548,38.047885,6.349901,1.663037,0.0,1.004341,15.008507,23.239029,0.431019,8.965947,11.603931
0.0,1.748536,10.809059,8.02948,4.384136,8.442325,0.0,8.663584,2.44536,1.948395,3.081384,8.193099
0.248277,24.674379,51.002003,3.238555,26.557635,12.351931,2.114811,0.0,29.744659,13.723531,20.575717,18.654645
0.543461,10.128013,21.179899,24.650053,8.909851,12.025725,7.801496,55.493203,0.0,0.791136,26.993355,60.865453
0.0,0.053333,0.106675,28.922261,0.255941,4.753656,0.0,32.651264,0.162131,0.0,24.959243,0.180048
0.435701,17.378899,17.076077,2.282629,1.540043,5.634419,1.575613,36.297589,10.099027,2.019635,0.0,31.027581
1.051579,150.795493,57.476483,61.673533,13.241829,24.731315,7.260493,53.527712,109.087837,2.239443,35.487995,0.0
