5702.08287
0.683277,1,2
0.378608,1,3
2.171379,1,5
0.324557,1,6
0.203621,1,7
1.575235,1,9
0.026667,1,11
3.047707,1,12
38.332947,2,3
0.486293,2,4
73.137691,2,5
33.173576,2,6
11.537229,2,7
0.101293,2,8
28.687416,2,9
0.093333,2,10
0.2486,2,11
61.886984,2,12
43.376168,3,2
32.851637,3,4
139.198133,3,5
78.706371,3,6
27.286413,3,7
2.123573,3,8
51.435107,3,9
0.188317,3,10
0.676077,3,11
104.593379,3,12
20.614405,4,2
63.029765,4,3
122.696331,4,5
46.182467,4,6
23.998027,4,7
0.026667,4,8
22.142605,4,9
41.800131,4,10
0.875469,4,11
48.505896,4,12
76.076339,5,2
2.183635,5,3
0.079632,5,4
0.08,5,6
0.291173,5,7
0.026667,5,8
5.951576,5,9
0.055448,5,10
0.133333,5,11
141.116056,5,12
34.436005,6,2
138.018221,6,3
24.625176,6,4
102.958443,6,5
24.062024,6,7
0.170563,6,8
98.617296,6,9
0.660171,6,10
17.738573,6,11
53.067952,6,12
7.545952,7,2
29.309901,7,3
15.108149,7,4
24.528395,7,5
14.894077,7,6
11.512773,7,9
0.091675,7,10
0.140195,7,11
21.10596,7,12
49.442928,8,2
12.865739,8,3
51.665,8,4
1254.2704,8,5
2.820339,8,6
0.459104,8,7
100.102744,8,9
14.723019,8,10
34.373064,8,11
122.488237,8,12
51.16008,9,2
231.384712,9,3
53.947789,9,4
186.047091,9,5
67.918821,9,6
28.146544,9,7
0.262757,9,8
0.058037,9,10
8.698368,9,11
165.260307,9,12
1.577368,10,2
0.387504,10,3
7.491011,10,4
14.324571,10,5
0.053333,10,6
0.459029,10,7
40.514296,10,8
3.915315,10,9
56.98608,10,11
1.783411,10,12
13.266717,11,2
3.768747,11,3
7.985909,11,4
62.037525,11,5
0.575416,11,6
5.724792,11,7
46.567141,11,8
15.378448,11,9
15.283112,11,10
17.595837,11,12
153.588171,12,2
165.938389,12,3
10.551765,12,4
297.910667,12,5
65.072016,12,6
36.081592,12,7
243.187269,12,9
0.797075,12,10
6.196573,12,11
succeed
0.0,0.683277,0.378608,0.0,2.171379,0.324557,0.203621,0.0,1.575235,0.0,0.026667,3.047707
0.0,0.0,38.332947,0.486293,73.137691,33.173576,11.537229,0.101293,28.687416,0.093333,0.2486,61.886984
0.0,43.376168,0.0,32.851637,139.198133,78.706371,27.286413,2.123573,51.435107,0.188317,0.676077,104.593379
0.0,20.614405,63.029765,0.0,122.696331,46.182467,23.998027,0.026667,22.142605,41.800131,0.875469,48.505896
0.0,76.076339,2.183635,0.079632,0.0,0.08,0.291173,0.026667,5.951576,0.055448,0.133333,141.116056
0.0,34.436005,138.018221,24.625176,102.958443,0.0,24.062024,0.170563,98.617296,0.660171,17.738573,53.067952
0.0,7.545952,29.309901,15.108149,24.528395,14.894077,0.0,0.0,11.512773,0.091675,0.140195,21.10596
0.0,49.442928,12.865739,51.665,1254.2704,2.820339,0.459104,0.0,100.102744,14.723019,34.373064,122.488237
0.0,51.16008,231.384712,53.947789,186.047091,67.918821,28.146544,0.262757,0.0,0.058037,8.698368,165.260307
0.0,1.577368,0.387504,7.491011,14.324571,0.053333,0.459029,40.514296,3.915315,0.0,56.98608,1.783411
0.0,13.266717,3.768747,7.985909,62.037525,0.575416,5.724792,46.567141,15.378448,15.283112,0.0,17.595837
0.0,153.588171,165.938389,10.551765,297.910667,65.072016,36.081592,0.0,243.187269,0.797075,6.196573,0.0
