3148.249836
0.08,1,2
0.930776,1,3
0.154667,1,4
0.692789,1,5
0.192661,1,6
0.429949,1,7
0.339389,1,8
0.347981,1,9
0.075941,1,10
0.506147,1,11
1.664779,1,12
0.693408,2,1
17.424299,2,3
8.316549,2,4
6.786245,2,5
23.919021,2,6
3.073533,2,7
15.870724,2,8
14.456883,2,9
1.615063,2,10
7.261387,2,11
37.722632,2,12
1.418115,3,1
24.127323,3,2
30.236269,3,4
18.455549,3,5
48.826736,3,6
31.697256,3,7
78.130859,3,8
25.710256,3,9
9.297379,3,10
14.551499,3,11
45.751379,3,12
0.400851,4,1
9.090904,4,2
64.166792,4,3
34.240685,4,5
32.533952,4,6
17.526328,4,7
12.3958,4,8
23.852989,4,9
11.438096,4,10
9.556827,4,11
72.314475,4,12
1.893333,5,1
5.528253,5,2
20.417755,5,3
5.340939,5,4
14.185781,5,6
4.705576,5,7
60.735539,5,8
7.109672,5,9
2.365613,5,10
3.453789,5,11
5.049283,5,12
0.7988,6,1
9.299229,6,2
106.76976,6,3
20.993896,6,4
9.371611,6,5
11.701352,6,7
23.00524,6,8
33.199525,6,9
9.20568,6,10
12.396765,6,11
17.548085,6,12
1.220533,7,1
9.365352,7,2
36.61848,7,3
8.311579,7,4
5.013104,7,5
15.961389,7,6
8.49244,7,8
11.078347,7,9
3.062357,7,10
5.863923,7,11
9.381243,7,12
0.152667,8,1
16.539533,8,2
99.592005,8,3
14.305835,8,4
23.831547,8,5
30.945685,8,6
13.028523,8,7
55.658872,8,9
8.531819,8,10
28.62916,8,11
47.666704,8,12
0.993445,9,1
36.763816,9,2
93.453827,9,3
35.227851,9,4
24.916421,9,5
50.771357,9,6
31.735037,9,7
70.257229,9,8
10.484544,9,10
45.570459,9,11
170.505813,9,12
0.518531,10,2
5.134451,10,3
19.593936,10,4
1.016419,10,5
1.729891,10,6
1.38092,10,7
38.407571,10,8
2.875197,10,9
45.974117,10,11
2.009997,10,12
0.982925,11,1
6.086443,11,2
39.791739,11,3
6.133315,11,4
3.796088,11,5
10.751715,11,6
7.630573,11,7
34.825965,11,8
14.868173,11,9
10.282288,11,10
9.728072,11,12
0.472453,12,1
101.453219,12,2
98.256781,12,3
80.367229,12,4
72.929557,12,5
36.564784,12,6
25.307288,12,7
84.523744,12,8
172.498352,12,9
3.6976,12,10
41.378989,12,11
succeed
0.0,0.08,0.930776,0.154667,0.692789,0.192661,0.429949,0.339389,0.347981,0.075941,0.506147,1.664779
0.693408,0.0,17.424299,8.316549,6.786245,23.919021,3.073533,15.870724,14.456883,1.615063,7.261387,37.722632
1.418115,24.127323,0.0,30.236269,18.455549,48.826736,31.697256,78.130859,25.710256,9.297379,14.551499,45.751379
0.400851,9.090904,64.166792,0.0,34.240685,32.533952,17.526328,12.3958,23.852989,11.438096,9.556827,72.314475
1.893333,5.528253,20.417755,5.340939,0.0,14.185781,4.705576,60.735539,7.109672,2.365613,3.453789,5.049283
0.7988,9.299229,106.76976,20.993896,9.371611,0.0,11.701352,23.00524,33.199525,9.20568,12.396765,17.548085
1.220533,9.365352,36.61848,8.311579,5.013104,15.961389,0.0,8.49244,11.078347,3.062357,5.863923,9.381243
0.152667,16.539533,99.592005,14.305835,23.831547,30.945685,13.028523,0.0,55.658872,8.531819,28.62916,47.666704
0.993445,36.763816,93.453827,35.227851,24.916421,50.771357,31.735037,70.257229,0.0,10.484544,45.570459,170.505813
0.0,0.518531,5.134451,19.593936,1.016419,1.729891,1.38092,38.407571,2.875197,0.0,45.974117,2.009997
0.982925,6.086443,39.791739,6.133315,3.796088,10.751715,7.630573,34.825965,14.868173,10.282288,0.0,9.728072
0.472453,101.453219,98.256781,80.367229,72.929557,36.564784,25.307288,84.523744,172.498352,3.6976,41.378989,0.0
