3217.410237
0.551771,1,2
0.387776,1,3
1.104763,1,5
0.265181,1,6
0.08,1,7
0.462845,1,8
0.173712,1,9
0.257259,1,10
0.026667,1,11
1.025352,1,12
0.2714,2,1
14.732109,2,3
7.535155,2,4
3.677152,2,5
20.863864,2,6
4.168552,2,7
16.567559,2,8
13.343437,2,9
0.967532,2,10
15.560773,2,11
74.621008,2,12
0.189304,3,1
14.435733,3,2
29.747976,3,4
11.310352,3,5
83.355741,3,6
15.079173,3,7
51.902029,3,8
11.192939,3,9
1.488533,3,10
10.406171,3,11
31.785411,3,12
0.455947,4,1
20.920736,4,2
50.763987,4,3
21.880597,4,5
16.844352,4,6
30.648811,4,7
6.122205,4,8
25.259125,4,9
25.697448,4,10
14.968496,4,11
24.147408,4,12
3.651027,5,1
18.536224,5,2
19.690107,5,3
1.231965,5,4
13.671403,5,6
2.802693,5,7
3.623987,5,8
10.261557,5,9
0.443467,5,10
7.707845,5,11
7.445845,5,12
2.264309,6,1
17.342776,6,2
110.590952,6,3
7.835699,6,4
5.46844,6,5
9.926648,6,7
31.384933,6,8
45.808624,6,9
3.56968,6,10
10.838451,6,11
30.241101,6,12
1.311221,7,1
3.270573,7,2
32.891469,7,3
12.295835,7,4
3.653787,7,5
15.49648,7,6
19.958816,7,8
3.952587,7,9
0.312264,7,10
3.618888,7,11
12.509069,7,12
6.536773,8,1
53.121867,8,2
172.046811,8,3
31.452032,8,4
13.150173,8,5
46.433776,8,6
15.282811,8,7
70.855715,8,9
28.050216,8,10
41.797013,8,11
105.391373,8,12
0.155696,9,1
45.757163,9,2
55.046275,9,3
35.481256,9,4
9.198843,9,5
45.121277,9,6
17.776467,9,7
56.660632,9,8
5.589621,9,10
35.13816,9,11
88.475075,9,12
8.170139,10,2
1.132451,10,3
7.941141,10,4
0.139784,10,5
0.488213,10,6
1.449605,10,7
13.815184,10,8
0.682379,10,9
5.77332,10,11
0.598109,10,12
0.384696,11,1
15.289333,11,2
42.160283,11,3
3.509288,11,4
3.950987,11,5
13.420043,11,6
6.733256,11,7
29.306205,11,8
15.551715,11,9
3.237701,11,10
14.957699,11,12
0.684549,12,1
168.377856,12,2
106.985168,12,3
84.210739,12,4
33.580267,12,5
101.806085,12,6
35.685339,12,7
114.034224,12,8
209.889565,12,9
3.331861,12,10
42.758965,12,11
succeed
0.0,0.551771,0.387776,0.0,1.104763,0.265181,0.08,0.462845,0.173712,0.257259,0.026667,1.025352
0.2714,0.0,14.732109,7.535155,3.677152,20.863864,4.168552,16.567559,13.343437,0.967532,15.560773,74.621008
0.189304,14.435733,0.0,29.747976,11.310352,83.355741,15.079173,51.902029,11.192939,1.488533,10.406171,31.785411
0.455947,20.920736,50.763987,0.0,21.880597,16.844352,30.648811,6.122205,25.259125,25.697448,14.968496,24.147408
3.651027,18.536224,19.690107,1.231965,0.0,13.671403,2.802693,3.623987,10.261557,0.443467,7.707845,7.445845
2.264309,17.342776,110.590952,7.835699,5.46844,0.0,9.926648,31.384933,45.808624,3.56968,10.838451,30.241101
1.311221,3.270573,32.891469,12.295835,3.653787,15.49648,0.0,19.958816,3.952587,0.312264,3.618888,12.509069
6.536773,53.121867,172.046811,31.452032,13.150173,46.433776,15.282811,0.0,70.855715,28.050216,41.797013,105.391373
0.155696,45.757163,55.046275,35.481256,9.198843,45.121277,17.776467,56.660632,0.0,5.589621,35.13816,88.475075
0.0,8.170139,1.132451,7.941141,0.139784,0.488213,1.449605,13.815184,0.682379,0.0,5.77332,0.598109
0.384696,15.289333,42.160283,3.509288,3.950987,13.420043,6.733256,29.306205,15.551715,3.237701,0.0,14.957699
0.684549,168.377856,106.985168,84.210739,33.580267,101.806085,35.685339,114.034224,209.889565,3.331861,42.758965,0.0
