2089.219634
0.277051,1,3
0.098061,1,5
0.111787,1,7
0.042891,1,8
0.191387,1,9
0.119179,1,11
2.194611,1,12
0.030811,2,1
7.146696,2,3
2.756013,2,4
1.960509,2,5
10.410941,2,6
2.252595,2,7
14.873065,2,8
3.810307,2,9
0.052935,2,10
12.160344,2,11
54.940245,2,12
0.083189,3,1
5.872987,3,2
26.920096,3,4
2.144787,3,5
20.566944,3,6
15.809589,3,7
51.563909,3,8
4.364691,3,9
0.490357,3,10
6.542819,3,11
87.38728,3,12
0.090507,4,1
5.965915,4,2
59.632496,4,3
13.377133,4,5
27.951389,4,6
16.577709,4,7
13.455093,4,8
14.577237,4,9
10.800224,4,10
10.036331,4,11
32.599773,4,12
3.95188,5,1
11.385216,5,2
19.620467,5,3
0.839845,5,4
0.876003,5,6
1.119627,5,7
11.738917,5,8
4.946963,5,9
1.340075,5,11
1.297776,5,12
11.975976,6,2
66.244488,6,3
9.425779,6,4
2.991437,6,5
1.454283,6,7
32.450688,6,8
17.196715,6,9
0.441301,6,10
19.867253,6,11
12.042741,6,12
0.026667,7,1
2.394072,7,2
21.428171,7,3
24.129232,7,4
4.538085,7,5
13.980728,7,6
4.507245,7,8
4.742707,7,9
2.243795,7,10
3.640709,7,11
7.803229,7,12
0.026667,8,1
8.955339,8,2
120.897469,8,3
13.207376,8,4
5.25224,8,5
14.996659,8,6
1.211725,8,7
31.575955,8,9
7.554613,8,10
33.320077,8,11
28.997747,8,12
0.404491,9,1
21.204235,9,2
74.513459,9,3
22.721315,9,4
3.375531,9,5
23.708112,9,6
5.452133,9,7
68.925485,9,8
0.457317,9,10
27.744899,9,11
74.841525,9,12
0.859437,10,3
3.509235,10,4
0.026667,10,5
1.355064,10,6
0.026667,10,7
34.591635,10,8
3.469931,10,9
31.18932,10,11
0.060211,10,12
0.321893,11,1
8.262237,11,2
23.530779,11,3
2.466419,11,4
4.808496,11,5
9.99244,11,6
1.654016,11,7
23.332664,11,8
6.753997,11,9
1.421021,11,10
3.920851,11,12
1.135331,12,1
88.548795,12,2
76.678701,12,3
39.314552,12,4
14.788691,12,5
26.336352,12,6
5.677635,12,7
69.492267,12,8
121.231315,12,9
0.409424,12,10
33.827269,12,11
succeed
0.0,0.0,0.277051,0.0,0.098061,0.0,0.111787,0.042891,0.191387,0.0,0.119179,2.194611
0.030811,0.0,7.146696,2.756013,1.960509,10.410941,2.252595,14.873065,3.810307,0.052935,12.160344,54.940245
0.083189,5.872987,0.0,26.920096,2.144787,20.566944,15.809589,51.563909,4.364691,0.490357,6.542819,87.38728
0.090507,5.965915,59.632496,0.0,13.377133,27.951389,16.577709,13.455093,14.577237,10.800224,10.036331,32.599773
3.95188,11.385216,19.620467,0.839845,0.0,0.876003,1.119627,11.738917,4.946963,0.0,1.340075,1.297776
0.0,11.975976,66.244488,9.425779,2.991437,0.0,1.454283,32.450688,17.196715,0.441301,19.867253,12.042741
0.026667,2.394072,21.428171,24.129232,4.538085,13.980728,0.0,4.507245,4.742707,2.243795,3.640709,7.803229
0.026667,8.955339,120.897469,13.207376,5.25224,14.996659,1.211725,0.0,31.575955,7.554613,33.320077,28.997747
0.404491,21.204235,74.513459,22.721315,3.375531,23.708112,5.452133,68.925485,0.0,0.457317,27.744899,74.841525
0.0,0.0,0.859437,3.509235,0.026667,1.355064,0.026667,34.591635,3.469931,0.0,31.18932,0.060211
0.321893,8.262237,23.530779,2.466419,4.808496,9.99244,1.654016,23.332664,6.753997,1.421021,0.0,3.920851
1.135331,88.548795,76.678701,39.314552,14.788691,26.336352,5.677635,69.492267,121.231315,0.409424,33.827269,0.0
