2881.953621
0.175731,1,3
0.044213,1,5
0.105496,1,6
0.775605,1,7
0.106667,1,8
0.053333,1,9
0.026667,1,11
0.432576,1,12
0.080592,2,1
29.743795,2,3
5.88532,2,4
2.04212,2,5
13.22152,2,6
2.185288,2,7
16.002476,2,8
13.61464,2,9
0.113044,2,10
5.918901,2,11
27.865323,2,12
1.023747,3,1
14.676757,3,2
11.9314,3,4
10.846965,3,5
36.982176,3,6
4.622885,3,7
41.858691,3,8
16.259363,3,9
0.791323,3,10
13.159117,3,11
18.931717,3,12
0.295829,4,1
10.460667,4,2
50.444677,4,3
26.060264,4,5
28.806712,4,6
23.292557,4,7
46.560784,4,8
10.658155,4,9
6.229667,4,10
22.638971,4,11
51.808811,4,12
0.492789,5,1
6.234389,5,2
8.16688,5,3
1.665843,5,4
1.696459,5,6
1.045797,5,7
6.570931,5,8
8.483069,5,9
0.026667,5,10
1.657349,5,11
9.773491,5,12
4.706541,6,1
17.973072,6,2
68.174336,6,3
8.048648,6,4
9.717787,6,5
3.798733,6,7
14.561907,6,8
21.239981,6,9
1.017515,6,10
19.800797,6,11
11.135109,6,12
1.253643,7,1
4.528443,7,2
13.773755,7,3
5.677157,7,4
5.626019,7,5
14.311232,7,6
5.43156,7,8
3.003355,7,9
3.181269,7,10
4.437093,7,11
10.149843,7,12
0.836285,8,1
27.972131,8,2
59.340779,8,3
16.270848,8,4
8.922632,8,5
14.423757,8,6
2.16248,8,7
39.647813,8,9
20.464875,8,10
59.247656,8,11
83.203288,8,12
0.439947,9,1
20.68584,9,2
26.295899,9,3
25.608131,9,4
14.800365,9,5
16.110851,9,6
6.866592,9,7
70.375888,9,8
1.974325,9,10
24.366472,9,11
48.695957,9,12
0.941152,10,2
0.026667,10,3
4.063888,10,4
0.026667,10,5
0.622635,10,6
0.026667,10,7
46.352267,10,8
0.513509,10,9
44.549733,10,11
0.585067,10,12
0.212104,11,1
8.005248,11,2
27.674957,11,3
1.629595,11,4
1.892408,11,5
5.539045,11,6
0.833696,11,7
548.199067,11,8
9.878779,11,9
5.188384,11,10
6.727008,11,12
0.285368,12,1
72.009051,12,2
109.943635,12,3
58.526845,12,4
35.090803,12,5
47.401573,12,6
14.501637,12,7
112.242877,12,8
222.594973,12,9
1.076115,12,10
41.983389,12,11
succeed
0.0,0.0,0.175731,0.0,0.044213,0.105496,0.775605,0.106667,0.053333,0.0,0.026667,0.432576
0.080592,0.0,29.743795,5.88532,2.04212,13.22152,2.185288,16.002476,13.61464,0.113044,5.918901,27.865323
1.023747,14.676757,0.0,11.9314,10.846965,36.982176,4.622885,41.858691,16.259363,0.791323,13.159117,18.931717
0.295829,10.460667,50.444677,0.0,26.060264,28.806712,23.292557,46.560784,10.658155,6.229667,22.638971,51.808811
0.492789,6.234389,8.16688,1.665843,0.0,1.696459,1.045797,6.570931,8.483069,0.026667,1.657349,9.773491
4.706541,17.973072,68.174336,8.048648,9.717787,0.0,3.798733,14.561907,21.239981,1.017515,19.800797,11.135109
1.253643,4.528443,13.773755,5.677157,5.626019,14.311232,0.0,5.43156,3.003355,3.181269,4.437093,10.149843
0.836285,27.972131,59.340779,16.270848,8.922632,14.423757,2.16248,0.0,39.647813,20.464875,59.247656,83.203288
0.439947,20.68584,26.295899,25.608131,14.800365,16.110851,6.866592,70.375888,0.0,1.974325,24.366472,48.695957
0.0,0.941152,0.026667,4.063888,0.026667,0.622635,0.026667,46.352267,0.513509,0.0,44.549733,0.585067
0.212104,8.005248,27.674957,1.629595,1.892408,5.539045,0.833696,548.199067,9.878779,5.188384,0.0,6.727008
0.285368,72.009051,109.943635,58.526845,35.090803,47.401573,14.501637,112.242877,222.594973,1.076115,41.983389,0.0
