3815.800852
0.592283,1,2
0.518989,1,3
0.167285,1,4
0.160235,1,5
1.787027,1,6
0.421587,1,7
0.525741,1,8
0.371211,1,9
0.135317,1,11
1.568731,1,12
0.452717,2,1
25.358965,2,3
3.98712,2,4
3.985853,2,5
19.540603,2,6
7.713133,2,7
19.063896,2,8
9.251947,2,9
1.298877,2,10
7.269219,2,11
76.691621,2,12
6.124877,3,1
26.535203,3,2
13.619387,3,4
40.908896,3,5
44.105427,3,6
16.42672,3,7
395.648213,3,8
31.918643,3,9
8.9534,3,10
10.131003,3,11
34.944285,3,12
0.209171,4,1
16.424016,4,2
65.711696,4,3
16.243371,4,5
39.6216,4,6
22.081491,4,7
8.569195,4,8
30.807621,4,9
14.66256,4,10
10.970219,4,11
45.002253,4,12
1.343685,5,1
4.032816,5,2
49.253131,5,3
2.319755,5,4
6.199435,5,6
6.9484,5,7
4.856557,5,8
6.187339,5,9
0.815957,5,10
2.032899,5,11
13.017776,5,12
0.819867,6,1
24.450504,6,2
164.126291,6,3
12.995397,6,4
9.177101,6,5
22.332592,6,7
27.656203,6,8
62.935603,6,9
1.857621,6,10
17.054373,6,11
61.915632,6,12
1.263851,7,1
3.523768,7,2
53.953453,7,3
5.545251,7,4
6.490808,7,5
27.257891,7,6
4.544405,7,8
10.889363,7,9
1.991424,7,10
2.505872,7,11
14.696611,7,12
3.702603,8,1
26.831336,8,2
143.190381,8,3
12.866971,8,4
27.113349,8,5
59.257376,8,6
9.77168,8,7
74.36132,8,9
13.024525,8,10
22.276635,8,11
162.837264,8,12
1.281083,9,1
49.679456,9,2
87.796013,9,3
34.089363,9,4
16.303339,9,5
59.106077,9,6
26.143187,9,7
80.037859,9,8
4.333003,9,10
26.315027,9,11
188.689533,9,12
0.080149,10,1
0.133333,10,2
1.860912,10,3
10.163987,10,4
0.44256,10,5
2.554843,10,6
0.655304,10,7
32.73568,10,8
1.056232,10,9
46.639667,10,11
1.608373,10,12
0.512576,11,1
11.935541,11,2
33.145877,11,3
6.128392,11,4
3.990915,11,5
16.671395,11,6
4.4466,11,7
18.916384,11,8
15.607827,11,9
6.906965,11,10
21.766088,11,12
1.710869,12,1
82.227693,12,2
113.511565,12,3
50.008232,12,4
32.068811,12,5
64.421552,12,6
29.777219,12,7
99.885456,12,8
216.235256,12,9
2.112448,12,10
41.401536,12,11
succeed
0.0,0.592283,0.518989,0.167285,0.160235,1.787027,0.421587,0.525741,0.371211,0.0,0.135317,1.568731
0.452717,0.0,25.358965,3.98712,3.985853,19.540603,7.713133,19.063896,9.251947,1.298877,7.269219,76.691621
6.124877,26.535203,0.0,13.619387,40.908896,44.105427,16.42672,395.648213,31.918643,8.9534,10.131003,34.944285
0.209171,16.424016,65.711696,0.0,16.243371,39.6216,22.081491,8.569195,30.807621,14.66256,10.970219,45.002253
1.343685,4.032816,49.253131,2.319755,0.0,6.199435,6.9484,4.856557,6.187339,0.815957,2.032899,13.017776
0.819867,24.450504,164.126291,12.995397,9.177101,0.0,22.332592,27.656203,62.935603,1.857621,17.054373,61.915632
1.263851,3.523768,53.953453,5.545251,6.490808,27.257891,0.0,4.544405,10.889363,1.991424,2.505872,14.696611
3.702603,26.831336,143.190381,12.866971,27.113349,59.257376,9.77168,0.0,74.36132,13.024525,22.276635,162.837264
1.281083,49.679456,87.796013,34.089363,16.303339,59.106077,26.143187,80.037859,0.0,4.333003,26.315027,188.689533
0.080149,0.133333,1.860912,10.163987,0.44256,2.554843,0.655304,32.73568,1.056232,0.0,46.639667,1.608373
0.512576,11.935541,33.145877,6.128392,3.990915,16.671395,4.4466,18.916384,15.607827,6.906965,0.0,21.766088
1.710869,82.227693,113.511565,50.008232,32.068811,64.421552,29.777219,99.885456,216.235256,2.112448,41.401536,0.0
