2477.314151
0.08,1,2
0.076,1,3
0.065891,1,5
0.053333,1,6
0.224704,1,8
0.106667,1,9
0.03376,1,10
0.22064,1,11
0.08,1,12
0.027749,2,1
22.192485,2,3
2.579251,2,4
37.759869,2,5
19.865579,2,6
3.119083,2,7
11.784713,2,8
4.323701,2,9
0.183559,2,10
5.918715,2,11
20.965027,2,12
0.140267,3,1
28.669979,3,2
8.54844,3,4
13.187795,3,5
27.873715,3,6
7.435819,3,7
43.458467,3,8
9.252965,3,9
8.019107,3,10
9.209869,3,11
22.247304,3,12
0.21184,4,1
9.889544,4,2
161.848309,4,3
36.089195,4,5
27.774896,4,6
21.75908,4,7
27.523819,4,8
23.107693,4,9
30.196416,4,10
15.780005,4,11
45.088165,4,12
0.342315,5,1
2.061669,5,2
14.516949,5,3
1.661443,5,4
0.669848,5,6
1.01176,5,7
9.784555,5,8
2.814568,5,9
0.356237,5,10
1.07124,5,11
6.696016,5,12
0.123189,6,1
11.385837,6,2
44.580819,6,3
6.001403,6,4
0.643021,6,5
2.346928,6,7
17.701075,6,8
23.871648,6,9
3.299539,6,10
10.543515,6,11
13.757619,6,12
0.071104,7,1
3.377816,7,2
15.524648,7,3
7.272459,7,4
4.575104,7,5
14.448853,7,6
12.51112,7,8
2.336864,7,9
2.332824,7,10
4.060032,7,11
17.041061,7,12
0.246917,8,1
11.686363,8,2
56.245056,8,3
26.806131,8,4
24.961837,8,5
20.622643,8,6
3.233717,8,7
47.325808,8,9
24.665539,8,10
30.994379,8,11
88.824419,8,12
0.208624,9,1
15.503989,9,2
23.011811,9,3
26.653277,9,4
12.624925,9,5
28.478456,9,6
4.139152,9,7
77.266365,9,8
1.867984,9,10
33.407027,9,11
59.917296,9,12
1.087083,10,2
18.246085,10,4
0.286461,10,6
0.026667,10,7
39.472,10,8
4.614832,10,9
50.485773,10,11
0.681624,10,12
0.066963,11,1
10.177397,11,2
14.432008,11,3
2.846539,11,4
1.978477,11,5
7.923605,11,6
2.855891,11,7
22.791587,11,8
11.011395,11,9
9.434608,11,10
7.751888,11,12
2.199419,12,1
69.372984,12,2
71.40692,12,3
80.661629,12,4
31.171757,12,5
37.738312,12,6
10.580581,12,7
131.518984,12,8
203.460901,12,9
2.065301,12,10
46.508272,12,11
succeed
0.0,0.08,0.076,0.0,0.065891,0.053333,0.0,0.224704,0.106667,0.03376,0.22064,0.08
0.027749,0.0,22.192485,2.579251,37.759869,19.865579,3.119083,11.784713,4.323701,0.183559,5.918715,20.965027
0.140267,28.669979,0.0,8.54844,13.187795,27.873715,7.435819,43.458467,9.252965,8.019107,9.209869,22.247304
0.21184,9.889544,161.848309,0.0,36.089195,27.774896,21.75908,27.523819,23.107693,30.196416,15.780005,45.088165
0.342315,2.061669,14.516949,1.661443,0.0,0.669848,1.01176,9.784555,2.814568,0.356237,1.07124,6.696016
0.123189,11.385837,44.580819,6.001403,0.643021,0.0,2.346928,17.701075,23.871648,3.299539,10.543515,13.757619
0.071104,3.377816,15.524648,7.272459,4.575104,14.448853,0.0,12.51112,2.336864,2.332824,4.060032,17.041061
0.246917,11.686363,56.245056,26.806131,24.961837,20.622643,3.233717,0.0,47.325808,24.665539,30.994379,88.824419
0.208624,15.503989,23.011811,26.653277,12.624925,28.478456,4.139152,77.266365,0.0,1.867984,33.407027,59.917296
0.0,1.087083,0.0,18.246085,0.0,0.286461,0.026667,39.472,4.614832,0.0,50.485773,0.681624
0.066963,10.177397,14.432008,2.846539,1.978477,7.923605,2.855891,22.791587,11.011395,9.434608,0.0,7.751888
2.199419,69.372984,71.40692,80.661629,31.171757,37.738312,10.580581,131.518984,203.460901,2.065301,46.508272,0.0
