2572.352605
0.170608,1,2
0.203027,1,3
0.026667,1,4
0.125989,1,5
0.147968,1,6
0.07968,1,7
0.162216,1,9
0.089845,1,11
0.430805,1,12
3.438493,2,1
17.777,2,3
5.295645,2,4
42.957379,2,5
29.404083,2,6
4.213061,2,7
11.849247,2,8
6.630269,2,9
0.742841,2,10
6.618565,2,11
53.731688,2,12
0.630443,3,1
13.251192,3,2
12.758859,3,4
11.857147,3,5
87.941613,3,6
32.425883,3,7
43.147888,3,8
9.697768,3,9
1.298067,3,10
7.149035,3,11
37.80804,3,12
1.153621,4,1
3.195035,4,2
50.752552,4,3
22.669992,4,5
23.919091,4,6
17.310117,4,7
14.95496,4,8
23.787043,4,9
18.999848,4,10
21.049773,4,11
45.714384,4,12
0.201141,5,1
5.339464,5,2
18.934597,5,3
2.14812,5,4
8.462885,5,6
1.925235,5,7
8.144589,5,8
4.712045,5,9
0.326755,5,10
2.200141,5,11
6.547005,5,12
0.295259,6,1
33.95388,6,2
90.629512,6,3
15.08712,6,4
6.322939,6,5
6.039211,6,7
27.344693,6,8
28.790624,6,9
1.324704,6,10
9.144213,6,11
36.493352,6,12
0.113819,7,1
4.355987,7,2
15.262883,7,3
4.55348,7,4
6.917499,7,5
13.326832,7,6
4.784272,7,8
4.076301,7,9
2.140891,7,10
3.510867,7,11
13.693789,7,12
0.535845,8,1
16.765027,8,2
82.638779,8,3
20.156491,8,4
13.380875,8,5
20.676387,8,6
5.962963,8,7
29.145843,8,9
26.976952,8,10
34.052864,8,11
31.149133,8,12
0.910877,9,1
25.831515,9,2
28.996219,9,3
34.035605,9,4
8.487848,9,5
38.466931,9,6
10.576504,9,7
63.9382,9,8
3.455539,9,10
15.983219,9,11
67.552973,9,12
1.34492,10,2
0.026667,10,3
2.875448,10,4
0.08,10,5
2.474347,10,6
0.026667,10,7
26.569333,10,8
0.667784,10,9
30.550376,10,11
0.139781,10,12
0.259291,11,1
13.043552,11,2
48.942296,11,3
4.962656,11,4
11.934779,11,5
9.801803,11,6
3.078296,11,7
13.506416,11,8
13.971971,11,9
2.562579,11,10
12.154739,11,12
3.581339,12,1
131.187821,12,2
98.291475,12,3
68.889016,12,4
43.096872,12,5
53.387269,12,6
23.443205,12,7
62.039256,12,8
206.130405,12,9
5.087883,12,10
25.896243,12,11
succeed
0.0,0.170608,0.203027,0.026667,0.125989,0.147968,0.07968,0.0,0.162216,0.0,0.089845,0.430805
3.438493,0.0,17.777,5.295645,42.957379,29.404083,4.213061,11.849247,6.630269,0.742841,6.618565,53.731688
0.630443,13.251192,0.0,12.758859,11.857147,87.941613,32.425883,43.147888,9.697768,1.298067,7.149035,37.80804
1.153621,3.195035,50.752552,0.0,22.669992,23.919091,17.310117,14.95496,23.787043,18.999848,21.049773,45.714384
0.201141,5.339464,18.934597,2.14812,0.0,8.462885,1.925235,8.144589,4.712045,0.326755,2.200141,6.547005
0.295259,33.95388,90.629512,15.08712,6.322939,0.0,6.039211,27.344693,28.790624,1.324704,9.144213,36.493352
0.113819,4.355987,15.262883,4.55348,6.917499,13.326832,0.0,4.784272,4.076301,2.140891,3.510867,13.693789
0.535845,16.765027,82.638779,20.156491,13.380875,20.676387,5.962963,0.0,29.145843,26.976952,34.052864,31.149133
0.910877,25.831515,28.996219,34.035605,8.487848,38.466931,10.576504,63.9382,0.0,3.455539,15.983219,67.552973
0.0,1.34492,0.026667,2.875448,0.08,2.474347,0.026667,26.569333,0.667784,0.0,30.550376,0.139781
0.259291,13.043552,48.942296,4.962656,11.934779,9.801803,3.078296,13.506416,13.971971,2.562579,0.0,12.154739
3.581339,131.187821,98.291475,68.889016,43.096872,53.387269,23.443205,62.039256,206.130405,5.087883,25.896243,0.0
