1383.877877
0.182539,1,3
0.094469,1,4
0.080051,1,5
0.639896,1,8
0.171195,1,9
0.078285,1,11
0.444131,1,12
0.053333,2,1
2.777989,2,3
4.272608,2,4
0.134955,2,5
14.335541,2,6
3.32584,2,7
13.550232,2,8
2.780331,2,9
0.24892,2,10
3.741491,2,11
16.920643,2,12
1.935376,3,2
9.269117,3,4
3.353171,3,5
11.584893,3,6
13.849979,3,7
24.066291,3,8
5.126864,3,9
0.13288,3,10
2.412848,3,11
5.770645,3,12
0.437616,4,1
2.605808,4,2
48.835661,4,3
13.174133,4,5
32.392472,4,6
7.307579,4,7
9.63008,4,8
10.111064,4,9
2.666573,4,10
9.037213,4,11
31.342461,4,12
2.460992,5,1
3.537203,5,2
6.286496,5,3
3.708456,5,4
2.216621,5,6
0.78804,5,7
6.411819,5,8
2.892704,5,9
0.026667,5,10
1.9044,5,11
5.273003,5,12
0.026667,6,1
11.338312,6,2
23.679397,6,3
20.79088,6,4
22.157853,6,5
3.714085,6,7
22.277467,6,8
11.825384,6,9
0.069581,6,10
16.856128,6,11
11.275853,6,12
0.048477,7,1
1.254296,7,2
13.463432,7,3
7.001091,7,4
2.267763,7,5
4.677997,7,6
2.612021,7,8
17.738864,7,9
1.724952,7,10
2.483075,7,11
10.094688,7,12
0.424635,8,1
6.199645,8,2
47.832637,8,3
12.648395,8,4
2.686147,8,5
4.342387,8,6
3.720917,8,7
28.909013,8,9
8.614061,8,10
20.604171,8,11
19.362211,8,12
0.209491,9,1
7.842352,9,2
9.342603,9,3
23.455712,9,4
7.251685,9,5
13.751704,9,6
6.89372,9,7
56.503568,9,8
0.474467,9,10
8.993091,9,11
37.622131,9,12
0.061888,10,2
0.026667,10,3
0.419179,10,4
0.032171,10,5
0.229216,10,6
27.223213,10,8
0.340928,10,9
23.046309,10,11
0.026667,10,12
0.503741,11,1
6.363253,11,2
29.221213,11,3
2.030203,11,4
1.190093,11,5
4.631251,11,6
1.162419,11,7
11.922504,11,8
9.013008,11,9
1.139059,11,10
3.421088,11,12
3.671195,12,1
56.143021,12,2
16.84144,12,3
38.979704,12,4
7.305387,12,5
33.568699,12,6
7.889189,12,7
47.394835,12,8
137.071533,12,9
6.005256,12,10
27.558968,12,11
succeed
0.0,0.0,0.182539,0.094469,0.080051,0.0,0.0,0.639896,0.171195,0.0,0.078285,0.444131
0.053333,0.0,2.777989,4.272608,0.134955,14.335541,3.32584,13.550232,2.780331,0.24892,3.741491,16.920643
0.0,1.935376,0.0,9.269117,3.353171,11.584893,13.849979,24.066291,5.126864,0.13288,2.412848,5.770645
0.437616,2.605808,48.835661,0.0,13.174133,32.392472,7.307579,9.63008,10.111064,2.666573,9.037213,31.342461
2.460992,3.537203,6.286496,3.708456,0.0,2.216621,0.78804,6.411819,2.892704,0.026667,1.9044,5.273003
0.026667,11.338312,23.679397,20.79088,22.157853,0.0,3.714085,22.277467,11.825384,0.069581,16.856128,11.275853
0.048477,1.254296,13.463432,7.001091,2.267763,4.677997,0.0,2.612021,17.738864,1.724952,2.483075,10.094688
0.424635,6.199645,47.832637,12.648395,2.686147,4.342387,3.720917,0.0,28.909013,8.614061,20.604171,19.362211
0.209491,7.842352,9.342603,23.455712,7.251685,13.751704,6.89372,56.503568,0.0,0.474467,8.993091,37.622131
0.0,0.061888,0.026667,0.419179,0.032171,0.229216,0.0,27.223213,0.340928,0.0,23.046309,0.026667
0.503741,6.363253,29.221213,2.030203,1.190093,4.631251,1.162419,11.922504,9.013008,1.139059,0.0,3.421088
3.671195,56.143021,16.84144,38.979704,7.305387,33.568699,7.889189,47.394835,137.071533,6.005256,27.558968,0.0
