2822.8118090000003
0.092931,1,2
0.236416,1,3
0.053333,1,4
0.129627,1,5
0.053333,1,6
0.238925,1,7
0.320365,1,8
0.342699,1,9
0.013333,1,10
0.132336,1,11
1.461981,1,12
0.760099,2,1
24.594176,2,3
3.2972,2,4
19.144875,2,5
17.080715,2,6
6.675976,2,7
12.426627,2,8
11.439373,2,9
3.137157,2,10
3.006739,2,11
62.110139,2,12
0.256821,3,1
27.130643,3,2
34.080099,3,4
6.787013,3,5
39.810928,3,6
8.308392,3,7
45.725088,3,8
21.316163,3,9
1.262525,3,10
6.886259,3,11
37.893373,3,12
0.145547,4,1
5.008248,4,2
142.098304,4,3
28.146565,4,5
32.009451,4,6
20.051203,4,7
7.820235,4,8
12.614211,4,9
19.529888,4,10
31.405992,4,11
40.191624,4,12
1.967504,5,1
7.793744,5,2
31.872899,5,3
6.464693,5,4
3.2986,5,6
2.804435,5,7
6.943632,5,8
6.171045,5,9
0.190816,5,10
4.335811,5,11
11.014211,5,12
0.427224,6,1
24.444576,6,2
86.302896,6,3
15.262896,6,4
7.729749,6,5
13.401568,6,7
16.382795,6,8
30.728197,6,9
2.337475,6,10
15.185659,6,11
43.811979,6,12
0.383723,7,1
4.461955,7,2
18.50188,7,3
8.305589,7,4
5.320027,7,5
23.634448,7,6
5.899624,7,8
3.711693,7,9
2.055536,7,10
9.161381,7,11
17.275203,7,12
0.052109,8,1
43.316923,8,2
154.900003,8,3
14.850461,8,4
21.265579,8,5
32.459288,8,6
6.628275,8,7
38.343053,8,9
14.015469,8,10
29.677709,8,11
40.213813,8,12
1.087341,9,1
45.459955,9,2
37.720616,9,3
27.849584,9,4
12.645261,9,5
27.814389,9,6
11.977411,9,7
46.659963,9,8
2.140091,9,10
19.189083,9,11
86.434373,9,12
0.653408,10,2
0.579376,10,3
2.810685,10,4
0.053333,10,5
0.326389,10,6
0.133333,10,7
32.207501,10,8
8.313696,10,9
26.977293,10,11
0.026667,10,12
0.193824,11,1
11.067981,11,2
36.643395,11,3
3.646192,11,4
4.113072,11,5
17.471952,11,6
5.801728,11,7
15.736955,11,8
16.448403,11,9
3.817315,11,10
25.109333,11,12
3.448064,12,1
153.590976,12,2
95.785267,12,3
77.507277,12,4
61.82844,12,5
50.912883,12,6
25.113019,12,7
62.181384,12,8
162.489331,12,9
1.880563,12,10
28.431635,12,11
succeed
0.0,0.092931,0.236416,0.053333,0.129627,0.053333,0.238925,0.320365,0.342699,0.013333,0.132336,1.461981
0.760099,0.0,24.594176,3.2972,19.144875,17.080715,6.675976,12.426627,11.439373,3.137157,3.006739,62.110139
0.256821,27.130643,0.0,34.080099,6.787013,39.810928,8.308392,45.725088,21.316163,1.262525,6.886259,37.893373
0.145547,5.008248,142.098304,0.0,28.146565,32.009451,20.051203,7.820235,12.614211,19.529888,31.405992,40.191624
1.967504,7.793744,31.872899,6.464693,0.0,3.2986,2.804435,6.943632,6.171045,0.190816,4.335811,11.014211
0.427224,24.444576,86.302896,15.262896,7.729749,0.0,13.401568,16.382795,30.728197,2.337475,15.185659,43.811979
0.383723,4.461955,18.50188,8.305589,5.320027,23.634448,0.0,5.899624,3.711693,2.055536,9.161381,17.275203
0.052109,43.316923,154.900003,14.850461,21.265579,32.459288,6.628275,0.0,38.343053,14.015469,29.677709,40.213813
1.087341,45.459955,37.720616,27.849584,12.645261,27.814389,11.977411,46.659963,0.0,2.140091,19.189083,86.434373
0.0,0.653408,0.579376,2.810685,0.053333,0.326389,0.133333,32.207501,8.313696,0.0,26.977293,0.026667
0.193824,11.067981,36.643395,3.646192,4.113072,17.471952,5.801728,15.736955,16.448403,3.817315,0.0,25.109333
3.448064,153.590976,95.785267,77.507277,61.82844,50.912883,25.113019,62.181384,162.489331,1.880563,28.431635,0.0
