3364.488446
0.395525,1,2
0.169467,1,3
0.118987,1,5
0.441584,1,6
0.182352,1,7
0.823085,1,8
0.213987,1,9
0.026667,1,11
1.747288,1,12
0.382723,2,1
19.702637,2,3
4.264427,2,4
11.960915,2,5
16.162077,2,6
3.537899,2,7
15.390547,2,8
12.710981,2,9
0.979285,2,10
7.544408,2,11
61.055453,2,12
2.600341,3,1
23.467387,3,2
31.924459,3,4
9.051987,3,5
37.148445,3,6
9.886379,3,7
56.062219,3,8
22.011339,3,9
3.780112,3,10
12.469811,3,11
38.473787,3,12
0.29072,4,1
28.517576,4,2
70.169781,4,3
21.607237,4,5
35.165069,4,6
26.593595,4,7
9.136403,4,8
22.891069,4,9
18.369429,4,10
19.503533,4,11
35.016117,4,12
1.21884,5,1
4.697005,5,2
19.379877,5,3
6.619741,5,4
2.156768,5,6
4.663981,5,7
11.132341,5,8
7.504211,5,9
0.254645,5,10
8.461915,5,11
9.366621,5,12
1.264427,6,1
23.847285,6,2
81.801739,6,3
9.287997,6,4
8.039648,6,5
17.615512,6,7
28.004088,6,8
64.883117,6,9
2.432901,6,10
23.913923,6,11
57.554867,6,12
0.053333,7,1
10.987571,7,2
21.063312,7,3
10.237507,7,4
7.144837,7,5
21.118531,7,6
7.212645,7,8
7.662128,7,9
2.246464,7,10
5.92628,7,11
24.013387,7,12
1.154763,8,1
23.904576,8,2
122.231344,8,3
29.147157,8,4
24.684533,8,5
30.321995,8,6
9.401435,8,7
37.839541,8,9
33.114136,8,10
37.591072,8,11
317.308747,8,12
4.427419,9,1
46.703216,9,2
61.082008,9,3
26.145224,9,4
14.512227,9,5
48.074117,9,6
13.641397,9,7
69.245013,9,8
4.048669,9,10
19.721203,9,11
163.278651,9,12
0.164405,10,2
0.16,10,3
4.232269,10,4
2.2492,10,5
0.410611,10,6
0.053333,10,7
35.820888,10,8
0.280629,10,9
25.951371,10,11
0.133333,10,12
0.08,11,1
14.574539,11,2
28.478555,11,3
8.712531,11,4
4.354776,11,5
17.772381,11,6
8.524264,11,7
28.440035,11,8
24.538445,11,9
8.180664,11,10
23.029157,11,12
1.223613,12,1
131.293296,12,2
127.860371,12,3
101.659181,12,4
43.297288,12,5
41.610493,12,6
28.70012,12,7
65.869421,12,8
190.158837,12,9
16.721384,12,10
38.66008,12,11
succeed
0.0,0.395525,0.169467,0.0,0.118987,0.441584,0.182352,0.823085,0.213987,0.0,0.026667,1.747288
0.382723,0.0,19.702637,4.264427,11.960915,16.162077,3.537899,15.390547,12.710981,0.979285,7.544408,61.055453
2.600341,23.467387,0.0,31.924459,9.051987,37.148445,9.886379,56.062219,22.011339,3.780112,12.469811,38.473787
0.29072,28.517576,70.169781,0.0,21.607237,35.165069,26.593595,9.136403,22.891069,18.369429,19.503533,35.016117
1.21884,4.697005,19.379877,6.619741,0.0,2.156768,4.663981,11.132341,7.504211,0.254645,8.461915,9.366621
1.264427,23.847285,81.801739,9.287997,8.039648,0.0,17.615512,28.004088,64.883117,2.432901,23.913923,57.554867
0.053333,10.987571,21.063312,10.237507,7.144837,21.118531,0.0,7.212645,7.662128,2.246464,5.92628,24.013387
1.154763,23.904576,122.231344,29.147157,24.684533,30.321995,9.401435,0.0,37.839541,33.114136,37.591072,317.308747
4.427419,46.703216,61.082008,26.145224,14.512227,48.074117,13.641397,69.245013,0.0,4.048669,19.721203,163.278651
0.0,0.164405,0.16,4.232269,2.2492,0.410611,0.053333,35.820888,0.280629,0.0,25.951371,0.133333
0.08,14.574539,28.478555,8.712531,4.354776,17.772381,8.524264,28.440035,24.538445,8.180664,0.0,23.029157
1.223613,131.293296,127.860371,101.659181,43.297288,41.610493,28.70012,65.869421,190.158837,16.721384,38.66008,0.0
