3778.207511
0.138144,1,2
1.158877,1,3
2.492635,1,5
0.242136,1,6
0.077053,1,7
1.280837,1,9
0.053333,1,11
0.332715,1,12
32.030181,2,3
0.026667,2,4
89.862923,2,5
34.88208,2,6
17.525544,2,7
0.092,2,8
15.274709,2,9
2.117101,2,10
0.376389,2,11
45.082576,2,12
31.296501,3,2
22.672259,3,4
128.512,3,5
60.953736,3,6
19.851016,3,7
0.053333,3,8
57.556595,3,9
0.053333,3,10
1.382003,3,11
60.832317,3,12
6.393197,4,2
74.647616,4,3
55.940968,4,5
32.837139,4,6
15.520709,4,7
2.900608,4,8
14.513277,4,9
11.927581,4,10
0.25924,4,11
38.535021,4,12
37.848936,5,2
1.551528,5,3
0.062157,5,7
0.026667,5,8
13.380099,5,9
0.026667,5,10
0.223461,5,11
111.928851,5,12
14.557368,6,2
125.602453,6,3
18.853981,6,4
73.795715,6,5
25.853197,6,7
0.219643,6,8
68.95948,6,9
0.506293,6,10
5.518816,6,11
40.188853,6,12
5.403112,7,2
32.980104,7,3
9.034843,7,4
33.737901,7,5
22.1452,7,6
0.026667,7,8
16.59248,7,9
0.219224,7,11
14.346432,7,12
33.318464,8,2
18.292549,8,3
28.215083,8,4
173.132701,8,5
0.323971,8,6
0.136584,8,7
80.946611,8,9
15.189093,8,10
27.748688,8,11
101.835693,8,12
47.943131,9,2
114.192936,9,3
53.562624,9,4
174.618635,9,5
78.396939,9,6
24.772395,9,7
0.253392,9,8
0.133333,9,10
5.988568,9,11
154.700477,9,12
0.926955,10,2
0.872763,10,3
3.261205,10,4
7.517643,10,5
0.686235,10,7
41.779443,10,8
5.545064,10,9
50.066128,10,11
2.471507,10,12
10.473035,11,2
3.466597,11,3
10.536731,11,4
48.238989,11,5
6.805595,11,7
34.845317,11,8
15.236539,11,9
4.221952,11,10
22.389589,11,12
119.352568,12,2
103.079805,12,3
291.705547,12,5
66.29392,12,6
44.110853,12,7
0.17696,12,8
188.602963,12,9
0.282096,12,10
8.285168,12,11
succeed
0.0,0.138144,1.158877,0.0,2.492635,0.242136,0.077053,0.0,1.280837,0.0,0.053333,0.332715
0.0,0.0,32.030181,0.026667,89.862923,34.88208,17.525544,0.092,15.274709,2.117101,0.376389,45.082576
0.0,31.296501,0.0,22.672259,128.512,60.953736,19.851016,0.053333,57.556595,0.053333,1.382003,60.832317
0.0,6.393197,74.647616,0.0,55.940968,32.837139,15.520709,2.900608,14.513277,11.927581,0.25924,38.535021
0.0,37.848936,1.551528,0.0,0.0,0.0,0.062157,0.026667,13.380099,0.026667,0.223461,111.928851
0.0,14.557368,125.602453,18.853981,73.795715,0.0,25.853197,0.219643,68.95948,0.506293,5.518816,40.188853
0.0,5.403112,32.980104,9.034843,33.737901,22.1452,0.0,0.026667,16.59248,0.0,0.219224,14.346432
0.0,33.318464,18.292549,28.215083,173.132701,0.323971,0.136584,0.0,80.946611,15.189093,27.748688,101.835693
0.0,47.943131,114.192936,53.562624,174.618635,78.396939,24.772395,0.253392,0.0,0.133333,5.988568,154.700477
0.0,0.926955,0.872763,3.261205,7.517643,0.0,0.686235,41.779443,5.545064,0.0,50.066128,2.471507
0.0,10.473035,3.466597,10.536731,48.238989,0.0,6.805595,34.845317,15.236539,4.221952,0.0,22.389589
0.0,119.352568,103.079805,0.0,291.705547,66.29392,44.110853,0.17696,188.602963,0.282096,8.285168,0.0
