2495.138175
0.159515,1,2
1.450947,1,3
0.026667,1,4
0.063533,1,5
1.261491,1,6
0.135157,1,7
0.120408,1,8
0.11916,1,9
0.603808,1,11
1.719467,1,12
0.216288,2,1
16.319992,2,3
8.472256,2,4
3.945048,2,5
22.80836,2,6
2.496651,2,7
11.856463,2,8
11.814659,2,9
5.099303,2,10
18.625048,2,11
60.881733,2,12
1.024621,3,1
22.093845,3,2
7.402013,3,4
10.657168,3,5
44.656915,3,6
12.239331,3,7
28.607787,3,8
12.728357,3,9
1.912749,3,10
26.049901,3,11
25.928008,3,12
0.285,4,1
15.03344,4,2
58.018944,4,3
9.806592,4,5
11.912389,4,6
12.563397,4,7
7.769189,4,8
14.787763,4,9
5.428813,4,10
15.899336,4,11
18.030832,4,12
3.218963,5,1
5.985573,5,2
12.015621,5,3
0.955504,5,4
2.599859,5,6
4.062403,5,7
2.181715,5,8
3.067469,5,9
0.163184,5,10
6.599891,5,11
3.235256,5,12
0.131693,6,1
13.310696,6,2
96.660472,6,3
13.360979,6,4
1.720288,6,5
9.603835,6,7
12.388373,6,8
13.076229,6,9
0.331304,6,10
34.096997,6,11
29.579931,6,12
0.311069,7,1
5.871261,7,2
27.783819,7,3
6.669568,7,4
2.586637,7,5
9.984963,7,6
2.572237,7,8
4.138312,7,9
2.544763,7,10
11.028376,7,11
11.858123,7,12
0.026667,8,1
9.790536,8,2
118.279395,8,3
11.099557,8,4
17.365045,8,5
13.901627,8,6
2.406909,8,7
54.797643,8,9
17.708323,8,10
50.605133,8,11
53.328451,8,12
3.138213,9,1
34.218512,9,2
28.128885,9,3
13.074845,9,4
3.642291,9,5
30.78188,9,6
8.439811,9,7
48.143051,9,8
0.476533,9,10
26.927957,9,11
73.879288,9,12
0.338763,10,2
0.102363,10,3
9.245557,10,4
0.083621,10,5
0.341712,10,6
0.181531,10,7
8.272528,10,8
0.192656,10,9
18.165053,10,11
0.080451,10,12
2.169021,11,1
50.389117,11,2
81.751813,11,3
7.983283,11,4
16.412939,11,5
53.948736,11,6
32.027107,11,7
31.219568,11,8
21.638323,11,9
1.204867,11,10
73.359435,11,12
0.290627,12,1
94.96484,12,2
52.665413,12,3
51.879645,12,4
21.993925,12,5
52.692763,12,6
16.964965,12,7
66.824707,12,8
143.738288,12,9
1.577008,12,10
77.549291,12,11
succeed
0.0,0.159515,1.450947,0.026667,0.063533,1.261491,0.135157,0.120408,0.11916,0.0,0.603808,1.719467
0.216288,0.0,16.319992,8.472256,3.945048,22.80836,2.496651,11.856463,11.814659,5.099303,18.625048,60.881733
1.024621,22.093845,0.0,7.402013,10.657168,44.656915,12.239331,28.607787,12.728357,1.912749,26.049901,25.928008
0.285,15.03344,58.018944,0.0,9.806592,11.912389,12.563397,7.769189,14.787763,5.428813,15.899336,18.030832
3.218963,5.985573,12.015621,0.955504,0.0,2.599859,4.062403,2.181715,3.067469,0.163184,6.599891,3.235256
0.131693,13.310696,96.660472,13.360979,1.720288,0.0,9.603835,12.388373,13.076229,0.331304,34.096997,29.579931
0.311069,5.871261,27.783819,6.669568,2.586637,9.984963,0.0,2.572237,4.138312,2.544763,11.028376,11.858123
0.026667,9.790536,118.279395,11.099557,17.365045,13.901627,2.406909,0.0,54.797643,17.708323,50.605133,53.328451
3.138213,34.218512,28.128885,13.074845,3.642291,30.78188,8.439811,48.143051,0.0,0.476533,26.927957,73.879288
0.0,0.338763,0.102363,9.245557,0.083621,0.341712,0.181531,8.272528,0.192656,0.0,18.165053,0.080451
2.169021,50.389117,81.751813,7.983283,16.412939,53.948736,32.027107,31.219568,21.638323,1.204867,0.0,73.359435
0.290627,94.96484,52.665413,51.879645,21.993925,52.692763,16.964965,66.824707,143.738288,1.577008,77.549291,0.0
