3403.848208
0.502429,1,2
0.41484,1,3
0.554104,1,4
0.169315,1,5
0.420517,1,6
0.820325,1,7
3.360317,1,8
0.406688,1,9
0.269427,1,10
0.053365,1,11
2.980851,1,12
0.368216,2,1
19.838064,2,3
8.328195,2,4
2.838979,2,5
21.673227,2,6
3.392005,2,7
21.207763,2,8
10.597792,2,9
2.025157,2,10
6.213944,2,11
36.382944,2,12
1.451328,3,1
52.408144,3,2
30.865824,3,4
61.517101,3,5
73.435219,3,6
17.521581,3,7
63.302843,3,8
32.270496,3,9
4.325613,3,10
15.700275,3,11
39.024269,3,12
0.197051,4,1
6.249784,4,2
79.694117,4,3
10.020645,4,5
26.967653,4,6
11.413555,4,7
60.689421,4,8
25.678544,4,9
8.544856,4,10
14.805275,4,11
57.052088,4,12
4.722061,5,1
5.608397,5,2
18.080923,5,3
5.069435,5,4
6.391048,5,6
3.430088,5,7
10.641112,5,8
6.539973,5,9
1.969085,5,10
2.195619,5,11
9.132349,5,12
0.705277,6,1
36.624384,6,2
125.174056,6,3
24.350784,6,4
8.417365,6,5
10.319392,6,7
70.235709,6,8
83.154787,6,9
2.398992,6,10
17.695843,6,11
51.133715,6,12
0.79084,7,1
6.939467,7,2
22.258627,7,3
12.75476,7,4
5.177971,7,5
14.608669,7,6
23.425104,7,8
4.919643,7,9
1.021795,7,10
2.346019,7,11
14.208152,7,12
2.412296,8,1
21.777509,8,2
181.51168,8,3
17.445363,8,4
9.312448,8,5
46.952589,8,6
10.569539,8,7
72.119707,8,9
11.828227,8,10
36.518035,8,11
98.775064,8,12
1.553685,9,1
60.9952,9,2
64.673304,9,3
41.565632,9,4
16.09524,9,5
86.944483,9,6
27.125771,9,7
85.112923,9,8
8.960624,9,10
25.952248,9,11
109.742464,9,12
0.106213,10,1
0.240219,10,2
1.556416,10,3
24.108381,10,4
0.521747,10,5
6.602701,10,6
0.503336,10,7
62.375779,10,8
2.966005,10,9
59.248443,10,11
1.072432,10,12
0.121013,11,1
11.406803,11,2
11.920317,11,3
7.29908,11,4
9.810141,11,5
10.646128,11,6
3.547341,11,7
38.994944,11,8
7.028501,11,9
3.775768,11,10
9.322123,11,12
0.695752,12,1
86.293021,12,2
72.166408,12,3
64.161405,12,4
21.151749,12,5
50.955547,12,6
22.695797,12,7
114.117824,12,8
169.130309,12,9
5.965123,12,10
37.001824,12,11
succeed
0.0,0.502429,0.41484,0.554104,0.169315,0.420517,0.820325,3.360317,0.406688,0.269427,0.053365,2.980851
0.368216,0.0,19.838064,8.328195,2.838979,21.673227,3.392005,21.207763,10.597792,2.025157,6.213944,36.382944
1.451328,52.408144,0.0,30.865824,61.517101,73.435219,17.521581,63.302843,32.270496,4.325613,15.700275,39.024269
0.197051,6.249784,79.694117,0.0,10.020645,26.967653,11.413555,60.689421,25.678544,8.544856,14.805275,57.052088
4.722061,5.608397,18.080923,5.069435,0.0,6.391048,3.430088,10.641112,6.539973,1.969085,2.195619,9.132349
0.705277,36.624384,125.174056,24.350784,8.417365,0.0,10.319392,70.235709,83.154787,2.398992,17.695843,51.133715
0.79084,6.939467,22.258627,12.75476,5.177971,14.608669,0.0,23.425104,4.919643,1.021795,2.346019,14.208152
2.412296,21.777509,181.51168,17.445363,9.312448,46.952589,10.569539,0.0,72.119707,11.828227,36.518035,98.775064
1.553685,60.9952,64.673304,41.565632,16.09524,86.944483,27.125771,85.112923,0.0,8.960624,25.952248,109.742464
0.106213,0.240219,1.556416,24.108381,0.521747,6.602701,0.503336,62.375779,2.966005,0.0,59.248443,1.072432
0.121013,11.406803,11.920317,7.29908,9.810141,10.646128,3.547341,38.994944,7.028501,3.775768,0.0,9.322123
0.695752,86.293021,72.166408,64.161405,21.151749,50.955547,22.695797,114.117824,169.130309,5.965123,37.001824,0.0
