1570.250866
0.026667,1,2
0.257195,1,3
0.12304,1,5
0.032203,1,8
0.053333,1,9
0.026667,1,11
0.084533,1,12
0.066611,2,1
3.095995,2,3
3.97936,2,4
7.756907,2,5
11.5602,2,6
0.369987,2,7
10.913483,2,8
2.982579,2,9
0.031808,2,10
7.487888,2,11
25.638005,2,12
0.21872,3,1
5.385568,3,2
2.629056,3,4
6.356405,3,5
41.6134,3,6
7.157749,3,7
26.676589,3,8
19.600853,3,9
0.166691,3,10
11.238952,3,11
8.002123,3,12
0.12192,4,1
5.052091,4,2
28.441133,4,3
16.976008,4,5
24.987603,4,6
7.368195,4,7
4.302347,4,8
14.339245,4,9
3.20084,4,10
8.659672,4,11
38.028328,4,12
3.168261,5,1
1.85512,5,2
9.235096,5,3
0.698579,5,4
0.673435,5,6
1.226941,5,7
2.706907,5,8
1.367067,5,9
0.026667,5,10
0.848947,5,11
1.084899,5,12
0.026667,6,1
5.596088,6,2
43.36416,6,3
5.5732,6,4
1.356979,6,5
1.435501,6,7
9.305112,6,8
20.272691,6,9
23.162275,6,11
17.958461,6,12
1.590768,7,2
6.687912,7,3
6.524779,7,4
2.443512,7,5
6.323184,7,6
3.137035,7,8
0.44992,7,9
1.554827,7,10
2.083344,7,11
7.691432,7,12
13.465965,8,2
60.490011,8,3
12.177296,8,4
2.784237,8,5
3.691301,8,6
3.791699,8,7
18.964664,8,9
21.651083,8,10
17.326123,8,11
46.199083,8,12
0.532493,9,1
6.559757,9,2
15.249005,9,3
20.654541,9,4
1.414917,9,5
9.81768,9,6
2.186459,9,7
60.084184,9,8
0.805536,9,10
16.962515,9,11
37.542507,9,12
0.026667,10,3
1.081219,10,4
0.151813,10,6
33.991547,10,8
46.372285,10,11
0.038485,10,12
0.026667,11,1
5.137445,11,2
10.701253,11,3
0.735347,11,4
0.695341,11,5
6.823187,11,6
0.751053,11,7
7.774373,11,8
4.85156,11,9
1.473616,11,10
2.859989,11,12
0.073269,12,1
151.154339,12,2
73.228168,12,3
26.132907,12,4
10.3772,12,5
31.470136,12,6
6.907389,12,7
102.679552,12,8
98.636248,12,9
0.609373,12,10
28.699667,12,11
succeed
0.0,0.026667,0.257195,0.0,0.12304,0.0,0.0,0.032203,0.053333,0.0,0.026667,0.084533
0.066611,0.0,3.095995,3.97936,7.756907,11.5602,0.369987,10.913483,2.982579,0.031808,7.487888,25.638005
0.21872,5.385568,0.0,2.629056,6.356405,41.6134,7.157749,26.676589,19.600853,0.166691,11.238952,8.002123
0.12192,5.052091,28.441133,0.0,16.976008,24.987603,7.368195,4.302347,14.339245,3.20084,8.659672,38.028328
3.168261,1.85512,9.235096,0.698579,0.0,0.673435,1.226941,2.706907,1.367067,0.026667,0.848947,1.084899
0.026667,5.596088,43.36416,5.5732,1.356979,0.0,1.435501,9.305112,20.272691,0.0,23.162275,17.958461
0.0,1.590768,6.687912,6.524779,2.443512,6.323184,0.0,3.137035,0.44992,1.554827,2.083344,7.691432
0.0,13.465965,60.490011,12.177296,2.784237,3.691301,3.791699,0.0,18.964664,21.651083,17.326123,46.199083
0.532493,6.559757,15.249005,20.654541,1.414917,9.81768,2.186459,60.084184,0.0,0.805536,16.962515,37.542507
0.0,0.0,0.026667,1.081219,0.0,0.151813,0.0,33.991547,0.0,0.0,46.372285,0.038485
0.026667,5.137445,10.701253,0.735347,0.695341,6.823187,0.751053,7.774373,4.85156,1.473616,0.0,2.859989
0.073269,151.154339,73.228168,26.132907,10.3772,31.470136,6.907389,102.679552,98.636248,0.609373,28.699667,0.0
