4865.441396
0.938957,1,2
1.836035,1,3
3.111901,1,5
1.758923,1,6
0.851464,1,7
0.915219,1,9
4.89604,1,12
28.216723,2,3
0.08,2,4
60.34428,2,5
63.725211,2,6
9.574195,2,7
0.152085,2,8
20.450957,2,9
0.109944,2,10
0.999835,2,11
73.939403,2,12
53.199413,3,2
37.402475,3,4
146.796528,3,5
103.368963,3,6
20.172432,3,7
0.104096,3,8
66.173795,3,9
0.053333,3,10
0.449968,3,11
45.272811,3,12
15.690003,4,2
69.533181,4,3
56.330973,4,5
34.159579,4,6
19.618552,4,7
0.082624,4,8
30.854693,4,9
14.232467,4,10
0.198371,4,11
61.261544,4,12
61.697605,5,2
3.56832,5,3
0.026667,5,4
0.053333,5,6
0.053333,5,7
0.026667,5,8
12.570744,5,9
0.026667,5,10
0.168965,5,11
150.471936,5,12
96.322395,6,2
175.169651,6,3
19.39412,6,4
99.703053,6,5
21.433821,6,7
0.026667,6,8
86.824397,6,9
1.009192,6,10
5.182709,6,11
75.49256,6,12
11.336357,7,2
42.236989,7,3
11.405176,7,4
24.703771,7,5
25.852963,7,6
20.853016,7,9
0.053333,7,10
0.11316,7,11
25.46844,7,12
45.33608,8,2
18.414891,8,3
43.942405,8,4
271.812453,8,5
1.5584,8,6
0.730608,8,7
105.311835,8,9
16.690579,8,10
30.056877,8,11
140.059704,8,12
67.5218,9,2
124.023637,9,3
50.12468,9,4
206.580323,9,5
76.573165,9,6
38.00408,9,7
0.885075,9,8
0.026667,9,10
1.598787,9,11
176.422451,9,12
0.827819,10,2
0.133333,10,3
15.1478,10,4
8.464973,10,5
1.764939,10,7
57.213072,10,8
1.468139,10,9
49.569581,10,11
2.479864,10,12
25.279587,11,2
3.433659,11,3
8.008288,11,4
93.858427,11,5
0.15628,11,6
9.242005,11,7
42.565856,11,8
18.651411,11,9
8.850541,11,10
27.396221,11,12
129.312381,12,2
236.314181,12,3
16.572445,12,4
280.117253,12,5
81.688611,12,6
52.719693,12,7
0.388848,12,8
255.504621,12,9
0.343899,12,10
4.190192,12,11
succeed
0.0,0.938957,1.836035,0.0,3.111901,1.758923,0.851464,0.0,0.915219,0.0,0.0,4.89604
0.0,0.0,28.216723,0.08,60.34428,63.725211,9.574195,0.152085,20.450957,0.109944,0.999835,73.939403
0.0,53.199413,0.0,37.402475,146.796528,103.368963,20.172432,0.104096,66.173795,0.053333,0.449968,45.272811
0.0,15.690003,69.533181,0.0,56.330973,34.159579,19.618552,0.082624,30.854693,14.232467,0.198371,61.261544
0.0,61.697605,3.56832,0.026667,0.0,0.053333,0.053333,0.026667,12.570744,0.026667,0.168965,150.471936
0.0,96.322395,175.169651,19.39412,99.703053,0.0,21.433821,0.026667,86.824397,1.009192,5.182709,75.49256
0.0,11.336357,42.236989,11.405176,24.703771,25.852963,0.0,0.0,20.853016,0.053333,0.11316,25.46844
0.0,45.33608,18.414891,43.942405,271.812453,1.5584,0.730608,0.0,105.311835,16.690579,30.056877,140.059704
0.0,67.5218,124.023637,50.12468,206.580323,76.573165,38.00408,0.885075,0.0,0.026667,1.598787,176.422451
0.0,0.827819,0.133333,15.1478,8.464973,0.0,1.764939,57.213072,1.468139,0.0,49.569581,2.479864
0.0,25.279587,3.433659,8.008288,93.858427,0.15628,9.242005,42.565856,18.651411,8.850541,0.0,27.396221
0.0,129.312381,236.314181,16.572445,280.117253,81.688611,52.719693,0.388848,255.504621,0.343899,4.190192,0.0
