6806.413194
0.065867,1,2
1.441664,1,3
1.521317,1,5
0.883696,1,6
0.467283,1,9
0.055568,1,11
0.791888,1,12
22.114408,2,3
0.178912,2,4
50.924256,2,5
18.800397,2,6
1.635349,2,7
0.026667,2,8
8.596824,2,9
0.053333,2,10
0.301939,2,11
18.542016,2,12
24.177523,3,2
19.790045,3,4
113.955616,3,5
36.290101,3,6
8.703011,3,7
4209.615467,3,8
23.802328,3,9
1.096248,3,11
25.946952,3,12
3.373123,4,2
48.246995,4,3
35.518248,4,5
33.985507,4,6
15.734904,4,7
0.085237,4,8
11.597435,4,9
6.616048,4,10
0.293051,4,11
32.081635,4,12
21.689136,5,2
0.150003,5,3
0.026667,5,4
0.026667,5,6
0.08,5,7
0.026667,5,8
6.885899,5,9
0.146667,5,11
85.854515,5,12
9.906333,6,2
116.908499,6,3
16.385912,6,4
85.749792,6,5
21.712059,6,7
0.061768,6,8
69.766763,6,9
0.820736,6,11
22.717944,6,12
2.303832,7,2
23.611288,7,3
7.616688,7,4
16.338536,7,5
9.616995,7,6
0.065195,7,8
6.951509,7,9
0.152344,7,11
13.413544,7,12
16.140557,8,2
13.484011,8,3
7.669917,8,4
135.67076,8,5
1.431696,8,6
0.153419,8,7
64.195051,8,9
8.301859,8,10
22.534592,8,11
81.802467,8,12
26.034197,9,2
54.439309,9,3
28.751435,9,4
124.501461,9,5
53.839605,9,6
13.200112,9,7
0.875421,9,8
9.129144,9,11
98.081256,9,12
0.597781,10,2
0.106667,10,3
6.171083,10,4
3.213613,10,5
1.808856,10,7
34.637608,10,8
4.00028,10,9
45.553315,10,11
0.252864,10,12
7.558083,11,2
3.339688,11,3
2.321141,11,4
27.901523,11,5
1.083197,11,6
3.996205,11,7
22.046045,11,8
15.449752,11,9
1.93148,11,10
7.217147,11,12
74.333365,12,2
91.251421,12,3
5.461832,12,4
181.320608,12,5
39.076013,12,6
26.642355,12,7
0.18,12,8
114.070616,12,9
0.18664,12,10
8.170931,12,11
succeed
0.0,0.065867,1.441664,0.0,1.521317,0.883696,0.0,0.0,0.467283,0.0,0.055568,0.791888
0.0,0.0,22.114408,0.178912,50.924256,18.800397,1.635349,0.026667,8.596824,0.053333,0.301939,18.542016
0.0,24.177523,0.0,19.790045,113.955616,36.290101,8.703011,4209.615467,23.802328,0.0,1.096248,25.946952
0.0,3.373123,48.246995,0.0,35.518248,33.985507,15.734904,0.085237,11.597435,6.616048,0.293051,32.081635
0.0,21.689136,0.150003,0.026667,0.0,0.026667,0.08,0.026667,6.885899,0.0,0.146667,85.854515
0.0,9.906333,116.908499,16.385912,85.749792,0.0,21.712059,0.061768,69.766763,0.0,0.820736,22.717944
0.0,2.303832,23.611288,7.616688,16.338536,9.616995,0.0,0.065195,6.951509,0.0,0.152344,13.413544
0.0,16.140557,13.484011,7.669917,135.67076,1.431696,0.153419,0.0,64.195051,8.301859,22.534592,81.802467
0.0,26.034197,54.439309,28.751435,124.501461,53.839605,13.200112,0.875421,0.0,0.0,9.129144,98.081256
0.0,0.597781,0.106667,6.171083,3.213613,0.0,1.808856,34.637608,4.00028,0.0,45.553315,0.252864
0.0,7.558083,3.339688,2.321141,27.901523,1.083197,3.996205,22.046045,15.449752,1.93148,0.0,7.217147
0.0,74.333365,91.251421,5.461832,181.320608,39.076013,26.642355,0.18,114.070616,0.18664,8.170931,0.0
