2513.068918
0.224533,1,2
0.151677,1,3
0.063755,1,5
0.104117,1,6
0.053333,1,7
0.112712,1,8
1.138133,1,9
2.019859,1,12
0.209267,2,1
19.729171,2,3
4.066461,2,4
29.456952,2,5
30.465128,2,6
5.335045,2,7
8.182359,2,8
7.048725,2,9
0.733063,2,10
5.439707,2,11
47.729331,2,12
0.156605,3,1
19.490029,3,2
11.148408,3,4
11.800312,3,5
47.293227,3,6
19.565248,3,7
42.914707,3,8
19.077997,3,9
0.753237,3,10
7.822819,3,11
24.70168,3,12
0.167083,4,1
10.367275,4,2
57.186872,4,3
23.486696,4,5
23.167643,4,6
19.015829,4,7
10.374968,4,8
12.331165,4,9
10.737773,4,10
19.809467,4,11
37.562675,4,12
4.083464,5,1
12.864296,5,2
16.020853,5,3
1.118899,5,4
7.604539,5,6
1.843832,5,7
2.236288,5,8
2.264973,5,9
0.426627,5,10
4.629613,5,11
3.923491,5,12
0.092712,6,1
40.733539,6,2
76.652757,6,3
21.085992,6,4
3.597824,6,5
7.339085,6,7
21.262853,6,8
28.227509,6,9
0.634501,6,10
8.238544,6,11
19.200475,6,12
0.045371,7,1
4.374368,7,2
17.468648,7,3
7.258019,7,4
4.433301,7,5
17.832568,7,6
3.455373,7,8
3.327899,7,9
2.070875,7,10
2.462288,7,11
11.755872,7,12
0.029968,8,1
17.829808,8,2
87.886584,8,3
15.673509,8,4
5.176392,8,5
41.573309,8,6
3.585979,8,7
36.193133,8,9
20.202421,8,10
32.201507,8,11
36.300141,8,12
0.498237,9,1
41.949237,9,2
46.015528,9,3
25.587115,9,4
8.09084,9,5
32.262445,9,6
7.643691,9,7
50.836347,9,8
1.046795,9,10
13.405509,9,11
94.320645,9,12
0.845843,10,2
1.178571,10,3
1.53836,10,4
0.336565,10,5
0.332805,10,6
0.026667,10,7
33.740816,10,8
0.579411,10,9
31.0714,10,11
0.085355,10,12
0.026667,11,1
15.341768,11,2
60.331323,11,3
2.305109,11,4
2.029064,11,5
9.273907,11,6
2.568451,11,7
12.290371,11,8
13.81676,11,9
3.128533,11,10
14.383608,11,12
5.897661,12,1
184.48428,12,2
102.802584,12,3
61.398883,12,4
23.731213,12,5
71.401147,12,6
14.095787,12,7
57.507085,12,8
184.901544,12,9
1.698733,12,10
31.847216,12,11
succeed
0.0,0.224533,0.151677,0.0,0.063755,0.104117,0.053333,0.112712,1.138133,0.0,0.0,2.019859
0.209267,0.0,19.729171,4.066461,29.456952,30.465128,5.335045,8.182359,7.048725,0.733063,5.439707,47.729331
0.156605,19.490029,0.0,11.148408,11.800312,47.293227,19.565248,42.914707,19.077997,0.753237,7.822819,24.70168
0.167083,10.367275,57.186872,0.0,23.486696,23.167643,19.015829,10.374968,12.331165,10.737773,19.809467,37.562675
4.083464,12.864296,16.020853,1.118899,0.0,7.604539,1.843832,2.236288,2.264973,0.426627,4.629613,3.923491
0.092712,40.733539,76.652757,21.085992,3.597824,0.0,7.339085,21.262853,28.227509,0.634501,8.238544,19.200475
0.045371,4.374368,17.468648,7.258019,4.433301,17.832568,0.0,3.455373,3.327899,2.070875,2.462288,11.755872
0.029968,17.829808,87.886584,15.673509,5.176392,41.573309,3.585979,0.0,36.193133,20.202421,32.201507,36.300141
0.498237,41.949237,46.015528,25.587115,8.09084,32.262445,7.643691,50.836347,0.0,1.046795,13.405509,94.320645
0.0,0.845843,1.178571,1.53836,0.336565,0.332805,0.026667,33.740816,0.579411,0.0,31.0714,0.085355
0.026667,15.341768,60.331323,2.305109,2.029064,9.273907,2.568451,12.290371,13.81676,3.128533,0.0,14.383608
5.897661,184.48428,102.802584,61.398883,23.731213,71.401147,14.095787,57.507085,184.901544,1.698733,31.847216,0.0
