2265.056
0.072064,1,2
0.321155,1,3
0.074803,1,4
0.026667,1,5
0.08,1,6
0.229112,1,7
0.2248,1,8
0.053333,1,9
0.088832,1,11
0.876867,1,12
2.259525,2,1
11.299651,2,3
3.705376,2,4
7.361125,2,5
14.8652,2,6
0.510992,2,7
13.748144,2,8
4.199789,2,9
0.026667,2,10
5.174453,2,11
45.413867,2,12
16.055069,3,2
12.384149,3,4
5.188053,3,5
26.133672,3,6
11.151829,3,7
55.81728,3,8
9.997776,3,9
0.123963,3,10
5.239616,3,11
14.296584,3,12
0.05696,4,1
5.458973,4,2
65.252936,4,3
23.729256,4,5
30.078867,4,6
21.36272,4,7
10.022664,4,8
14.312405,4,9
3.590755,4,10
19.406093,4,11
38.747851,4,12
0.105003,5,1
13.788992,5,2
16.084429,5,3
0.650915,5,4
5.129992,5,6
0.724547,5,7
6.388197,5,8
3.256072,5,9
2.181869,5,11
1.687773,5,12
0.24856,6,1
13.985645,6,2
68.967621,6,3
8.985539,6,4
1.50964,6,5
1.061795,6,7
40.532829,6,8
20.670461,6,9
0.537739,6,10
10.171069,6,11
12.447531,6,12
0.026667,7,1
2.343168,7,2
24.19392,7,3
9.407397,7,4
5.038128,7,5
17.585675,7,6
6.007805,7,8
3.673315,7,9
1.288608,7,10
3.129373,7,11
8.911032,7,12
15.381157,8,2
134.057443,8,3
13.496288,8,4
6.638208,8,5
28.011803,8,6
2.159368,8,7
49.626981,8,9
13.676704,8,10
33.958685,8,11
78.253005,8,12
0.107909,9,1
29.941211,9,2
52.446464,9,3
24.211677,9,4
2.936955,9,5
20.56716,9,6
14.267341,9,7
99.226803,9,8
0.933755,9,10
20.713416,9,11
45.864763,9,12
3.188811,10,2
0.528155,10,3
7.657432,10,4
0.070667,10,5
2.170661,10,6
38.262725,10,8
0.634336,10,9
29.389912,10,11
0.026667,10,12
0.188683,11,1
7.701232,11,2
29.752003,11,3
2.821208,11,4
1.068435,11,5
3.489029,11,6
2.936653,11,7
23.266131,11,8
11.948032,11,9
8.063939,11,10
4.103851,11,12
3.030347,12,1
103.423843,12,2
80.238205,12,3
51.360504,12,4
6.063243,12,5
46.8558,12,6
19.880699,12,7
126.731357,12,8
112.610115,12,9
6.047227,12,10
35.327803,12,11
succeed
0.0,0.072064,0.321155,0.074803,0.026667,0.08,0.229112,0.2248,0.053333,0.0,0.088832,0.876867
2.259525,0.0,11.299651,3.705376,7.361125,14.8652,0.510992,13.748144,4.199789,0.026667,5.174453,45.413867
0.0,16.055069,0.0,12.384149,5.188053,26.133672,11.151829,55.81728,9.997776,0.123963,5.239616,14.296584
0.05696,5.458973,65.252936,0.0,23.729256,30.078867,21.36272,10.022664,14.312405,3.590755,19.406093,38.747851
0.105003,13.788992,16.084429,0.650915,0.0,5.129992,0.724547,6.388197,3.256072,0.0,2.181869,1.687773
0.24856,13.985645,68.967621,8.985539,1.50964,0.0,1.061795,40.532829,20.670461,0.537739,10.171069,12.447531
0.026667,2.343168,24.19392,9.407397,5.038128,17.585675,0.0,6.007805,3.673315,1.288608,3.129373,8.911032
0.0,15.381157,134.057443,13.496288,6.638208,28.011803,2.159368,0.0,49.626981,13.676704,33.958685,78.253005
0.107909,29.941211,52.446464,24.211677,2.936955,20.56716,14.267341,99.226803,0.0,0.933755,20.713416,45.864763
0.0,3.188811,0.528155,7.657432,0.070667,2.170661,0.0,38.262725,0.634336,0.0,29.389912,0.026667
0.188683,7.701232,29.752003,2.821208,1.068435,3.489029,2.936653,23.266131,11.948032,8.063939,0.0,4.103851
3.030347,103.423843,80.238205,51.360504,6.063243,46.8558,19.880699,126.731357,112.610115,6.047227,35.327803,0.0
