3057.768553
0.13008,1,2
0.616901,1,3
0.177712,1,4
0.242955,1,5
1.338488,1,6
0.46468,1,7
0.262821,1,8
0.192,1,9
0.013333,1,10
0.120984,1,11
0.816253,1,12
0.589531,2,1
13.368827,2,3
9.014733,2,4
14.934435,2,5
18.774901,2,6
2.476099,2,7
17.977879,2,8
15.596669,2,9
0.985103,2,10
9.253037,2,11
78.887307,2,12
1.401963,3,1
23.73644,3,2
14.221531,3,4
8.490424,3,5
40.688733,3,6
12.897077,3,7
33.321592,3,8
22.226197,3,9
3.43836,3,10
9.794645,3,11
39.254397,3,12
0.159811,4,1
16.0634,4,2
61.732563,4,3
33.479325,4,5
25.992448,4,6
24.914101,4,7
11.518072,4,8
17.206128,4,9
11.578147,4,10
22.200224,4,11
43.320069,4,12
4.363272,5,1
22.020797,5,2
23.218731,5,3
1.84348,5,4
3.021717,5,6
3.692179,5,7
9.801096,5,8
6.670165,5,9
0.046208,5,10
4.03676,5,11
4.496597,5,12
0.542571,6,1
21.117333,6,2
107.127976,6,3
6.326272,6,4
5.061301,6,5
20.414856,6,7
29.865787,6,8
22.498699,6,9
2.359155,6,10
6.898296,6,11
39.545925,6,12
0.053333,7,1
4.496803,7,2
28.926941,7,3
8.655021,7,4
3.290485,7,5
16.568045,7,6
5.201749,7,8
7.718656,7,9
0.204749,7,10
0.937245,7,11
18.099067,7,12
3.751213,8,1
32.899997,8,2
177.032472,8,3
18.625363,8,4
19.292672,8,5
39.128776,8,6
14.656765,8,7
70.840395,8,9
21.52864,8,10
38.227608,8,11
120.431619,8,12
0.785365,9,1
47.413637,9,2
51.831963,9,3
29.009608,9,4
17.089248,9,5
46.746136,9,6
20.596368,9,7
56.560627,9,8
4.608085,9,10
24.689696,9,11
99.301517,9,12
2.515984,10,2
1.620997,10,3
4.988504,10,4
2.665896,10,5
0.628427,10,6
0.79352,10,7
9.957645,10,8
5.573192,10,9
10.882467,10,11
1.300061,10,12
0.204768,11,1
14.237099,11,2
40.497939,11,3
4.205965,11,4
10.362112,11,5
13.67272,11,6
3.212944,11,7
47.387701,11,8
12.051776,11,9
3.879813,11,10
16.063768,11,12
0.781221,12,1
144.014195,12,2
106.24112,12,3
36.562493,12,4
15.922896,12,5
112.517485,12,6
23.869683,12,7
112.042459,12,8
196.897483,12,9
4.177563,12,10
39.999245,12,11
succeed
0.0,0.13008,0.616901,0.177712,0.242955,1.338488,0.46468,0.262821,0.192,0.013333,0.120984,0.816253
0.589531,0.0,13.368827,9.014733,14.934435,18.774901,2.476099,17.977879,15.596669,0.985103,9.253037,78.887307
1.401963,23.73644,0.0,14.221531,8.490424,40.688733,12.897077,33.321592,22.226197,3.43836,9.794645,39.254397
0.159811,16.0634,61.732563,0.0,33.479325,25.992448,24.914101,11.518072,17.206128,11.578147,22.200224,43.320069
4.363272,22.020797,23.218731,1.84348,0.0,3.021717,3.692179,9.801096,6.670165,0.046208,4.03676,4.496597
0.542571,21.117333,107.127976,6.326272,5.061301,0.0,20.414856,29.865787,22.498699,2.359155,6.898296,39.545925
0.053333,4.496803,28.926941,8.655021,3.290485,16.568045,0.0,5.201749,7.718656,0.204749,0.937245,18.099067
3.751213,32.899997,177.032472,18.625363,19.292672,39.128776,14.656765,0.0,70.840395,21.52864,38.227608,120.431619
0.785365,47.413637,51.831963,29.009608,17.089248,46.746136,20.596368,56.560627,0.0,4.608085,24.689696,99.301517
0.0,2.515984,1.620997,4.988504,2.665896,0.628427,0.79352,9.957645,5.573192,0.0,10.882467,1.300061
0.204768,14.237099,40.497939,4.205965,10.362112,13.67272,3.212944,47.387701,12.051776,3.879813,0.0,16.063768
0.781221,144.014195,106.24112,36.562493,15.922896,112.517485,23.869683,112.042459,196.897483,4.177563,39.999245,0.0
