1937.3160599999999
0.062181,1,2
0.062971,1,3
1.251605,1,4
0.084432,1,5
0.250395,1,6
0.026667,1,7
0.093213,1,8
3.930784,1,9
0.08,1,12
0.192848,2,1
8.598467,2,3
5.702149,2,4
8.964947,2,5
11.325179,2,6
1.346379,2,7
18.840857,2,8
10.117376,2,9
0.046505,2,10
4.367941,2,11
26.294987,2,12
0.385589,3,1
25.350208,3,2
7.852875,3,4
9.057568,3,5
62.662675,3,6
10.544677,3,7
44.120333,3,8
9.504821,3,9
0.695872,3,10
3.404021,3,11
12.356333,3,12
0.164725,4,1
2.450944,4,2
40.614824,4,3
29.819597,4,5
26.945312,4,6
7.563384,4,7
7.018664,4,8
19.730504,4,9
6.313704,4,10
5.812349,4,11
32.362381,4,12
3.23064,5,1
8.442299,5,2
8.839061,5,3
1.571035,5,4
4.772883,5,6
1.948219,5,7
3.265064,5,8
4.312525,5,9
0.053333,5,10
0.669475,5,11
3.29184,5,12
0.301715,6,1
8.576035,6,2
57.840328,6,3
6.532568,6,4
24.082304,6,5
5.134205,6,7
14.583717,6,8
10.16696,6,9
0.106667,6,10
6.028632,6,11
8.363189,6,12
0.928203,7,1
6.016432,7,2
14.353648,7,3
13.498019,7,4
4.014368,7,5
12.429819,7,6
6.940835,7,8
11.070363,7,9
2.170955,7,10
13.670765,7,11
10.610376,7,12
0.073227,8,1
50.331125,8,2
60.910864,8,3
7.288933,8,4
5.966851,8,5
11.010131,8,6
2.956459,8,7
51.584979,8,9
28.134315,8,10
23.187021,8,11
21.094008,8,12
0.305643,9,1
20.841509,9,2
24.131459,9,3
25.90136,9,4
7.069541,9,5
18.854448,9,6
8.829987,9,7
65.650261,9,8
1.166619,9,10
10.579459,9,11
51.611731,9,12
0.038165,10,2
12.097424,10,4
0.026667,10,5
0.279411,10,6
33.053653,10,8
8.582741,10,9
27.469573,10,11
0.026667,10,12
0.286272,11,1
8.900309,11,2
38.889275,11,3
3.737211,11,4
1.072664,11,5
10.964267,11,6
2.000451,11,7
16.926509,11,8
12.365419,11,9
3.756565,11,10
24.195288,11,12
0.102072,12,1
150.315872,12,2
38.023008,12,3
42.575776,12,4
13.111469,12,5
32.434645,12,6
13.780829,12,7
63.4002,12,8
111.082691,12,9
1.128925,12,10
25.024392,12,11
succeed
0.0,0.062181,0.062971,1.251605,0.084432,0.250395,0.026667,0.093213,3.930784,0.0,0.0,0.08
0.192848,0.0,8.598467,5.702149,8.964947,11.325179,1.346379,18.840857,10.117376,0.046505,4.367941,26.294987
0.385589,25.350208,0.0,7.852875,9.057568,62.662675,10.544677,44.120333,9.504821,0.695872,3.404021,12.356333
0.164725,2.450944,40.614824,0.0,29.819597,26.945312,7.563384,7.018664,19.730504,6.313704,5.812349,32.362381
3.23064,8.442299,8.839061,1.571035,0.0,4.772883,1.948219,3.265064,4.312525,0.053333,0.669475,3.29184
0.301715,8.576035,57.840328,6.532568,24.082304,0.0,5.134205,14.583717,10.16696,0.106667,6.028632,8.363189
0.928203,6.016432,14.353648,13.498019,4.014368,12.429819,0.0,6.940835,11.070363,2.170955,13.670765,10.610376
0.073227,50.331125,60.910864,7.288933,5.966851,11.010131,2.956459,0.0,51.584979,28.134315,23.187021,21.094008
0.305643,20.841509,24.131459,25.90136,7.069541,18.854448,8.829987,65.650261,0.0,1.166619,10.579459,51.611731
0.0,0.038165,0.0,12.097424,0.026667,0.279411,0.0,33.053653,8.582741,0.0,27.469573,0.026667
0.286272,8.900309,38.889275,3.737211,1.072664,10.964267,2.000451,16.926509,12.365419,3.756565,0.0,24.195288
0.102072,150.315872,38.023008,42.575776,13.111469,32.434645,13.780829,63.4002,111.082691,1.128925,25.024392,0.0
