3077.835671
0.138877,1,2
0.646195,1,3
0.044,1,5
0.400525,1,6
0.053333,1,7
0.397664,1,8
0.08,1,9
0.053333,1,11
0.650752,1,12
0.314616,2,1
12.905096,2,3
4.338509,2,4
2.16788,2,5
14.642179,2,6
1.59212,2,7
21.340316,2,8
13.607843,2,9
0.383585,2,10
5.453539,2,11
45.966264,2,12
0.515749,3,1
12.98848,3,2
38.135053,3,4
6.434923,3,5
41.182459,3,6
15.631072,3,7
67.525925,3,8
8.222477,3,9
0.668019,3,10
4.832888,3,11
28.492915,3,12
0.135253,4,1
8.884328,4,2
46.748979,4,3
10.030523,4,5
36.433648,4,6
19.951885,4,7
27.265016,4,8
17.392811,4,9
24.628283,4,10
14.365037,4,11
46.298389,4,12
1.177136,5,1
5.463077,5,2
21.181272,5,3
4.544459,5,4
1.163768,5,6
5.851389,5,7
11.238821,5,8
9.906691,5,9
0.213592,5,10
2.285512,5,11
4.505451,5,12
0.676269,6,1
20.777549,6,2
105.679768,6,3
19.686285,6,4
9.681227,6,5
20.092576,6,7
66.147763,6,8
32.335035,6,9
1.045088,6,10
29.44088,6,11
42.863421,6,12
0.336576,7,1
4.186595,7,2
20.099893,7,3
17.197499,7,4
3.787661,7,5
19.072563,7,6
6.340299,7,8
9.743499,7,9
2.107635,7,10
4.65432,7,11
13.140405,7,12
0.34836,8,1
26.238253,8,2
142.063864,8,3
25.652912,8,4
4.771781,8,5
39.620984,8,6
8.100085,8,7
66.562243,8,9
18.742501,8,10
48.958523,8,11
56.143579,8,12
1.543008,9,1
48.034235,9,2
53.584659,9,3
29.874405,9,4
12.474589,9,5
33.172157,9,6
15.148491,9,7
60.880848,9,8
1.800285,9,10
25.828853,9,11
122.052661,9,12
0.795733,10,2
0.268867,10,3
22.561805,10,4
0.849789,10,5
0.459624,10,6
0.130616,10,7
40.894427,10,8
0.838784,10,9
34.023867,10,11
0.674128,10,12
0.092733,11,1
13.192437,11,2
23.281923,11,3
7.632632,11,4
2.544091,11,5
18.135139,11,6
8.835067,11,7
33.287349,11,8
13.953429,11,9
5.379245,11,10
24.863469,11,12
6.556707,12,1
156.224936,12,2
125.361131,12,3
70.931731,12,4
12.980888,12,5
110.653432,12,6
35.070661,12,7
78.944912,12,8
210.022101,12,9
2.589699,12,10
55.642331,12,11
succeed
0.0,0.138877,0.646195,0.0,0.044,0.400525,0.053333,0.397664,0.08,0.0,0.053333,0.650752
0.314616,0.0,12.905096,4.338509,2.16788,14.642179,1.59212,21.340316,13.607843,0.383585,5.453539,45.966264
0.515749,12.98848,0.0,38.135053,6.434923,41.182459,15.631072,67.525925,8.222477,0.668019,4.832888,28.492915
0.135253,8.884328,46.748979,0.0,10.030523,36.433648,19.951885,27.265016,17.392811,24.628283,14.365037,46.298389
1.177136,5.463077,21.181272,4.544459,0.0,1.163768,5.851389,11.238821,9.906691,0.213592,2.285512,4.505451
0.676269,20.777549,105.679768,19.686285,9.681227,0.0,20.092576,66.147763,32.335035,1.045088,29.44088,42.863421
0.336576,4.186595,20.099893,17.197499,3.787661,19.072563,0.0,6.340299,9.743499,2.107635,4.65432,13.140405
0.34836,26.238253,142.063864,25.652912,4.771781,39.620984,8.100085,0.0,66.562243,18.742501,48.958523,56.143579
1.543008,48.034235,53.584659,29.874405,12.474589,33.172157,15.148491,60.880848,0.0,1.800285,25.828853,122.052661
0.0,0.795733,0.268867,22.561805,0.849789,0.459624,0.130616,40.894427,0.838784,0.0,34.023867,0.674128
0.092733,13.192437,23.281923,7.632632,2.544091,18.135139,8.835067,33.287349,13.953429,5.379245,0.0,24.863469
6.556707,156.224936,125.361131,70.931731,12.980888,110.653432,35.070661,78.944912,210.022101,2.589699,55.642331,0.0
