3685.912384
0.451448,1,2
1.074803,1,3
1.106883,1,5
1.545304,1,6
0.195853,1,7
0.357419,1,9
0.026667,1,10
1.069224,1,12
27.237005,2,3
0.115363,2,4
36.259445,2,5
27.689696,2,6
9.884933,2,7
0.026667,2,8
17.037045,2,9
0.082488,2,10
0.534667,2,11
92.856032,2,12
45.458475,3,2
79.224589,3,4
33.760613,3,5
59.108717,3,6
33.200883,3,7
0.192459,3,8
66.202931,3,9
0.053333,3,10
1.433635,3,11
61.110869,3,12
5.859475,4,2
4.410429,4,3
35.801843,4,5
27.018328,4,6
17.873203,4,7
0.057397,4,8
2.496899,4,9
130.039512,4,10
0.135203,4,11
34.031419,4,12
49.436131,5,2
0.604099,5,3
1.215363,5,4
0.363339,5,6
0.026667,5,7
8.915744,5,9
0.034192,5,10
0.032152,5,11
104.303963,5,12
17.702968,6,2
146.647029,6,3
39.216493,6,4
15.163117,6,5
30.300872,6,7
60.322907,6,9
0.735893,6,11
49.701403,6,12
8.381216,7,2
32.786157,7,3
17.058443,7,4
12.109547,7,5
32.190656,7,6
8.165035,7,9
0.08736,7,10
0.104051,7,11
12.929472,7,12
28.47216,8,2
4.395656,8,3
0.170024,8,4
22.107941,8,5
0.244075,8,6
0.267859,8,7
1.353683,8,9
274.570187,8,10
20.682837,8,11
88.865643,8,12
70.291461,9,2
111.979987,9,3
116.787133,9,4
59.714443,9,5
55.7712,9,6
33.702872,9,7
0.083733,9,8
0.026667,9,10
2.442416,9,11
168.987451,9,12
2.316971,10,2
0.13696,10,3
0.026667,10,4
0.688515,10,5
0.059587,10,6
1.961445,10,8
0.08,10,9
42.237523,10,11
0.548192,10,12
37.94632,11,2
4.040797,11,3
0.20656,11,4
10.214472,11,5
0.195304,11,6
0.883867,11,7
6.982851,11,8
2.050277,11,9
136.460723,11,10
15.304368,11,12
155.906216,12,2
128.843723,12,3
6.734595,12,4
252.33088,12,5
51.388573,12,6
35.137739,12,7
0.053333,12,8
224.686571,12,9
0.098051,12,10
3.918453,12,11
succeed
0.0,0.451448,1.074803,0.0,1.106883,1.545304,0.195853,0.0,0.357419,0.026667,0.0,1.069224
0.0,0.0,27.237005,0.115363,36.259445,27.689696,9.884933,0.026667,17.037045,0.082488,0.534667,92.856032
0.0,45.458475,0.0,79.224589,33.760613,59.108717,33.200883,0.192459,66.202931,0.053333,1.433635,61.110869
0.0,5.859475,4.410429,0.0,35.801843,27.018328,17.873203,0.057397,2.496899,130.039512,0.135203,34.031419
0.0,49.436131,0.604099,1.215363,0.0,0.363339,0.026667,0.0,8.915744,0.034192,0.032152,104.303963
0.0,17.702968,146.647029,39.216493,15.163117,0.0,30.300872,0.0,60.322907,0.0,0.735893,49.701403
0.0,8.381216,32.786157,17.058443,12.109547,32.190656,0.0,0.0,8.165035,0.08736,0.104051,12.929472
0.0,28.47216,4.395656,0.170024,22.107941,0.244075,0.267859,0.0,1.353683,274.570187,20.682837,88.865643
0.0,70.291461,111.979987,116.787133,59.714443,55.7712,33.702872,0.083733,0.0,0.026667,2.442416,168.987451
0.0,2.316971,0.13696,0.026667,0.688515,0.059587,0.0,1.961445,0.08,0.0,42.237523,0.548192
0.0,37.94632,4.040797,0.20656,10.214472,0.195304,0.883867,6.982851,2.050277,136.460723,0.0,15.304368
0.0,155.906216,128.843723,6.734595,252.33088,51.388573,35.137739,0.053333,224.686571,0.098051,3.918453,0.0
