2131.233996
0.840939,1,2
0.093589,1,3
0.026667,1,4
0.053333,1,5
0.150019,1,6
0.082139,1,7
0.440608,1,8
0.230288,1,9
0.408912,1,11
1.159344,1,12
0.305912,2,1
5.734755,2,3
2.917709,2,4
5.533752,2,5
13.495432,2,6
3.245563,2,7
11.557289,2,8
11.881043,2,9
0.556031,2,10
3.604651,2,11
42.880787,2,12
0.684976,3,1
13.323515,3,2
7.029251,3,4
6.205059,3,5
26.705808,3,6
6.269773,3,7
33.197245,3,8
17.532253,3,9
1.521219,3,10
5.467301,3,11
26.297656,3,12
0.132173,4,1
3.141891,4,2
66.832917,4,3
15.321219,4,5
28.378251,4,6
26.445653,4,7
12.010365,4,8
20.296339,4,9
14.898267,4,10
7.746133,4,11
45.012781,4,12
0.096373,5,1
3.26256,5,2
13.077096,5,3
2.460773,5,4
8.25464,5,6
1.540128,5,7
1.809389,5,8
5.746989,5,9
0.148749,5,10
1.105437,5,11
4.819947,5,12
2.620693,6,1
18.584064,6,2
72.068155,6,3
3.630755,6,4
23.753389,6,5
2.3618,6,7
10.614989,6,8
17.757272,6,9
0.443021,6,10
19.559928,6,11
13.242096,6,12
0.395408,7,1
1.396333,7,2
34.907347,7,3
7.891216,7,4
3.586477,7,5
9.234056,7,6
1.291131,7,8
1.805552,7,9
2.073461,7,10
2.419899,7,11
8.927019,7,12
0.698229,8,1
23.641691,8,2
116.381189,8,3
8.657312,8,4
4.903907,8,5
17.039219,8,6
3.141856,8,7
57.882736,8,9
27.230453,8,10
24.628227,8,11
44.680504,8,12
2.197795,9,1
15.603288,9,2
43.492693,9,3
34.447584,9,4
7.040568,9,5
19.475893,9,6
12.966379,9,7
54.036693,9,8
1.535269,9,10
9.951419,9,11
44.773816,9,12
0.081088,10,2
8.683629,10,4
0.08,10,5
1.763701,10,6
0.026667,10,7
29.483293,10,8
0.334891,10,9
23.622307,10,11
0.068056,10,12
0.084581,11,1
10.097955,11,2
42.870317,11,3
1.332184,11,4
2.438205,11,5
6.787264,11,6
1.587373,11,7
13.113061,11,8
14.311755,11,9
1.939165,11,10
10.361931,11,12
1.285147,12,1
119.702725,12,2
66.851608,12,3
57.304795,12,4
37.882773,12,5
57.166029,12,6
17.27552,12,7
32.466171,12,8
137.510485,12,9
1.302976,12,10
68.476675,12,11
succeed
0.0,0.840939,0.093589,0.026667,0.053333,0.150019,0.082139,0.440608,0.230288,0.0,0.408912,1.159344
0.305912,0.0,5.734755,2.917709,5.533752,13.495432,3.245563,11.557289,11.881043,0.556031,3.604651,42.880787
0.684976,13.323515,0.0,7.029251,6.205059,26.705808,6.269773,33.197245,17.532253,1.521219,5.467301,26.297656
0.132173,3.141891,66.832917,0.0,15.321219,28.378251,26.445653,12.010365,20.296339,14.898267,7.746133,45.012781
0.096373,3.26256,13.077096,2.460773,0.0,8.25464,1.540128,1.809389,5.746989,0.148749,1.105437,4.819947
2.620693,18.584064,72.068155,3.630755,23.753389,0.0,2.3618,10.614989,17.757272,0.443021,19.559928,13.242096
0.395408,1.396333,34.907347,7.891216,3.586477,9.234056,0.0,1.291131,1.805552,2.073461,2.419899,8.927019
0.698229,23.641691,116.381189,8.657312,4.903907,17.039219,3.141856,0.0,57.882736,27.230453,24.628227,44.680504
2.197795,15.603288,43.492693,34.447584,7.040568,19.475893,12.966379,54.036693,0.0,1.535269,9.951419,44.773816
0.0,0.081088,0.0,8.683629,0.08,1.763701,0.026667,29.483293,0.334891,0.0,23.622307,0.068056
0.084581,10.097955,42.870317,1.332184,2.438205,6.787264,1.587373,13.113061,14.311755,1.939165,0.0,10.361931
1.285147,119.702725,66.851608,57.304795,37.882773,57.166029,17.27552,32.466171,137.510485,1.302976,68.476675,0.0
