1710.329545
0.026667,1,3
0.026667,1,4
0.064347,1,5
0.026667,1,6
0.515333,1,8
0.390405,1,9
0.013333,1,10
0.101592,1,11
1.463477,1,12
0.511685,2,1
5.751155,2,3
4.675392,2,4
0.40844,2,5
10.714485,2,6
0.822637,2,7
11.974957,2,8
3.371405,2,9
0.04,2,10
3.904811,2,11
26.108285,2,12
0.026667,3,1
10.986661,3,2
7.553877,3,4
5.391456,3,5
17.107592,3,6
4.762907,3,7
25.313075,3,8
10.514571,3,9
0.169637,3,10
1.955259,3,11
28.596053,3,12
0.08288,4,1
2.849541,4,2
43.846067,4,3
9.651293,4,5
23.160571,4,6
20.310768,4,7
3.435344,4,8
13.453115,4,9
6.56308,4,10
10.276747,4,11
33.318875,4,12
3.127093,5,1
4.360491,5,2
6.406949,5,3
10.194523,5,4
1.328173,5,6
0.941429,5,7
5.973395,5,8
1.455859,5,9
0.331211,5,10
3.526859,5,11
4.278685,5,12
0.05164,6,1
13.458971,6,2
57.964075,6,3
5.691768,6,4
32.801677,6,5
4.598269,6,7
16.249144,6,8
21.920725,6,9
0.291971,6,10
15.946992,6,11
12.119896,6,12
0.726512,7,2
9.808563,7,3
8.035848,7,4
1.216899,7,5
11.777835,7,6
1.311117,7,8
5.158349,7,9
2.186293,7,10
2.918787,7,11
15.860677,7,12
0.279677,8,1
27.474032,8,2
79.780005,8,3
4.171584,8,4
5.045288,8,5
26.637867,8,6
3.973104,8,7
26.688581,8,9
11.412515,8,10
21.414563,8,11
35.590275,8,12
0.980091,9,1
20.856901,9,2
16.619749,9,3
23.821968,9,4
6.76676,9,5
26.340107,9,6
7.020387,9,7
62.774875,9,8
0.636549,9,10
8.832179,9,11
69.078621,9,12
0.026667,10,2
0.026667,10,3
0.526291,10,4
0.070533,10,5
0.233323,10,6
0.026667,10,7
26.342155,10,8
0.255957,10,9
26.263941,10,11
0.026667,10,12
0.728245,11,1
6.872677,11,2
44.267672,11,3
3.210461,11,4
4.076648,11,5
8.680099,11,6
4.179323,11,7
11.462733,11,8
11.198957,11,9
6.377301,11,10
5.425285,11,12
4.816789,12,1
94.153776,12,2
30.850531,12,3
40.438003,12,4
14.167771,12,5
41.985088,12,6
7.955208,12,7
50.376952,12,8
123.081624,12,9
1.036424,12,10
22.734981,12,11
succeed
0.0,0.0,0.026667,0.026667,0.064347,0.026667,0.0,0.515333,0.390405,0.013333,0.101592,1.463477
0.511685,0.0,5.751155,4.675392,0.40844,10.714485,0.822637,11.974957,3.371405,0.04,3.904811,26.108285
0.026667,10.986661,0.0,7.553877,5.391456,17.107592,4.762907,25.313075,10.514571,0.169637,1.955259,28.596053
0.08288,2.849541,43.846067,0.0,9.651293,23.160571,20.310768,3.435344,13.453115,6.56308,10.276747,33.318875
3.127093,4.360491,6.406949,10.194523,0.0,1.328173,0.941429,5.973395,1.455859,0.331211,3.526859,4.278685
0.05164,13.458971,57.964075,5.691768,32.801677,0.0,4.598269,16.249144,21.920725,0.291971,15.946992,12.119896
0.0,0.726512,9.808563,8.035848,1.216899,11.777835,0.0,1.311117,5.158349,2.186293,2.918787,15.860677
0.279677,27.474032,79.780005,4.171584,5.045288,26.637867,3.973104,0.0,26.688581,11.412515,21.414563,35.590275
0.980091,20.856901,16.619749,23.821968,6.76676,26.340107,7.020387,62.774875,0.0,0.636549,8.832179,69.078621
0.0,0.026667,0.026667,0.526291,0.070533,0.233323,0.026667,26.342155,0.255957,0.0,26.263941,0.026667
0.728245,6.872677,44.267672,3.210461,4.076648,8.680099,4.179323,11.462733,11.198957,6.377301,0.0,5.425285
4.816789,94.153776,30.850531,40.438003,14.167771,41.985088,7.955208,50.376952,123.081624,1.036424,22.734981,0.0
