2279.160489
0.238229,1,2
0.095093,1,3
0.053333,1,4
0.901349,1,5
0.026667,1,6
0.06444,1,7
0.223093,1,8
0.08,1,11
0.283371,1,12
0.126621,2,1
9.554984,2,3
5.496989,2,4
37.781971,2,5
24.008987,2,6
2.095117,2,7
18.694149,2,8
3.864261,2,9
0.604195,2,10
7.816229,2,11
35.913557,2,12
0.026667,3,1
11.663688,3,2
12.241059,3,4
12.649091,3,5
25.707584,3,6
13.015979,3,7
30.845464,3,8
11.25492,3,9
2.532997,3,10
8.434736,3,11
21.079547,3,12
0.080587,4,1
8.190896,4,2
57.536576,4,3
22.559555,4,5
28.334813,4,6
29.528541,4,7
22.610123,4,8
18.828731,4,9
16.054515,4,10
35.921707,4,11
35.300109,4,12
0.306112,5,1
3.135744,5,2
7.74252,5,3
0.927131,5,4
2.059821,5,6
1.097901,5,7
18.892696,5,8
2.469037,5,9
0.299349,5,10
9.181629,5,11
1.159173,5,12
0.026667,6,1
4.3428,6,2
47.441576,6,3
6.912112,6,4
1.425147,6,5
5.418845,6,7
23.084499,6,8
19.51684,6,9
1.210493,6,10
7.836104,6,11
9.362032,6,12
0.61152,7,1
2.935219,7,2
20.406115,7,3
16.073973,7,4
4.92556,7,5
13.058419,7,6
7.869813,7,8
3.864896,7,9
5.15388,7,10
4.654373,7,11
5.966733,7,12
1.668171,8,1
21.952059,8,2
65.927837,8,3
23.537176,8,4
4.234872,8,5
24.863419,8,6
4.43928,8,7
32.030645,8,9
20.729613,8,10
23.204675,8,11
97.599637,8,12
0.854333,9,1
20.409109,9,2
23.431043,9,3
31.261805,9,4
6.003477,9,5
21.134056,9,6
18.680963,9,7
66.615955,9,8
6.625757,9,10
24.475984,9,11
39.624117,9,12
0.08,10,3
8.411029,10,4
0.184931,10,5
0.225683,10,6
0.026667,10,7
35.485899,10,8
0.224067,10,9
41.864293,10,11
0.124885,10,12
0.707843,11,1
11.251,11,2
24.991933,11,3
10.57832,11,4
5.144715,11,5
5.63208,11,6
2.960829,11,7
17.975195,11,8
9.59112,11,9
4.666781,11,10
11.100715,11,12
12.886592,12,1
82.633909,12,2
98.412651,12,3
64.725083,12,4
19.160101,12,5
70.082525,12,6
14.906576,12,7
129.795181,12,8
142.978435,12,9
5.499067,12,10
35.859152,12,11
succeed
0.0,0.238229,0.095093,0.053333,0.901349,0.026667,0.06444,0.223093,0.0,0.0,0.08,0.283371
0.126621,0.0,9.554984,5.496989,37.781971,24.008987,2.095117,18.694149,3.864261,0.604195,7.816229,35.913557
0.026667,11.663688,0.0,12.241059,12.649091,25.707584,13.015979,30.845464,11.25492,2.532997,8.434736,21.079547
0.080587,8.190896,57.536576,0.0,22.559555,28.334813,29.528541,22.610123,18.828731,16.054515,35.921707,35.300109
0.306112,3.135744,7.74252,0.927131,0.0,2.059821,1.097901,18.892696,2.469037,0.299349,9.181629,1.159173
0.026667,4.3428,47.441576,6.912112,1.425147,0.0,5.418845,23.084499,19.51684,1.210493,7.836104,9.362032
0.61152,2.935219,20.406115,16.073973,4.92556,13.058419,0.0,7.869813,3.864896,5.15388,4.654373,5.966733
1.668171,21.952059,65.927837,23.537176,4.234872,24.863419,4.43928,0.0,32.030645,20.729613,23.204675,97.599637
0.854333,20.409109,23.431043,31.261805,6.003477,21.134056,18.680963,66.615955,0.0,6.625757,24.475984,39.624117
0.0,0.0,0.08,8.411029,0.184931,0.225683,0.026667,35.485899,0.224067,0.0,41.864293,0.124885
0.707843,11.251,24.991933,10.57832,5.144715,5.63208,2.960829,17.975195,9.59112,4.666781,0.0,11.100715
12.886592,82.633909,98.412651,64.725083,19.160101,70.082525,14.906576,129.795181,142.978435,5.499067,35.859152,0.0
