4077.2472070000003
0.106667,1,2
0.920816,1,3
0.735453,1,5
0.151333,1,6
0.106667,1,7
0.412883,1,9
1.628011,1,12
19.668664,2,3
0.053333,2,4
588.94776,2,5
45.532888,2,6
5.923448,2,7
0.101941,2,8
27.692459,2,9
0.1788,2,11
76.236101,2,12
33.49488,3,2
22.367512,3,4
115.380037,3,5
65.306968,3,6
15.20888,3,7
0.444123,3,8
43.686043,3,9
0.026667,3,10
1.752963,3,11
37.471013,3,12
8.941819,4,2
75.062512,4,3
70.22876,4,5
28.384515,4,6
13.861701,4,7
0.038344,4,8
25.041315,4,9
12.138104,4,10
0.026667,4,11
31.616723,4,12
31.202944,5,2
3.465712,5,3
0.246123,5,6
0.032533,5,7
9.233752,5,9
0.026667,5,10
0.053333,5,11
102.116312,5,12
18.334507,6,2
153.473288,6,3
11.683048,6,4
128.228085,6,5
21.707939,6,7
0.725677,6,8
51.368525,6,9
0.102264,6,10
0.397579,6,11
30.874275,6,12
7.763661,7,2
42.343939,7,3
6.124384,7,4
19.583944,7,5
14.559384,7,6
13.351139,7,9
0.060944,7,11
13.941509,7,12
19.299152,8,2
9.407773,8,3
12.046851,8,4
166.977472,8,5
0.422104,8,6
0.120315,8,7
66.335176,8,9
11.207472,8,10
30.072413,8,11
90.456747,8,12
47.663291,9,2
81.185147,9,3
40.508416,9,4
133.505323,9,5
66.457456,9,6
22.88648,9,7
0.266555,9,8
0.026667,9,10
9.659923,9,11
146.898829,9,12
1.964432,10,2
0.484512,10,3
1.395325,10,4
4.974851,10,5
0.026667,10,6
0.671029,10,7
36.067472,10,8
5.572872,10,9
51.997723,10,11
0.749189,10,12
14.750611,11,2
23.264616,11,3
7.472192,11,4
50.116984,11,5
0.385395,11,6
2.811293,11,7
27.995568,11,8
21.639147,11,9
7.665936,11,10
29.073851,11,12
123.695309,12,2
90.730501,12,3
4.507989,12,4
315.204587,12,5
55.362709,12,6
16.63824,12,7
0.167685,12,8
172.255699,12,9
0.237019,12,10
4.086005,12,11
succeed
0.0,0.106667,0.920816,0.0,0.735453,0.151333,0.106667,0.0,0.412883,0.0,0.0,1.628011
0.0,0.0,19.668664,0.053333,588.94776,45.532888,5.923448,0.101941,27.692459,0.0,0.1788,76.236101
0.0,33.49488,0.0,22.367512,115.380037,65.306968,15.20888,0.444123,43.686043,0.026667,1.752963,37.471013
0.0,8.941819,75.062512,0.0,70.22876,28.384515,13.861701,0.038344,25.041315,12.138104,0.026667,31.616723
0.0,31.202944,3.465712,0.0,0.0,0.246123,0.032533,0.0,9.233752,0.026667,0.053333,102.116312
0.0,18.334507,153.473288,11.683048,128.228085,0.0,21.707939,0.725677,51.368525,0.102264,0.397579,30.874275
0.0,7.763661,42.343939,6.124384,19.583944,14.559384,0.0,0.0,13.351139,0.0,0.060944,13.941509
0.0,19.299152,9.407773,12.046851,166.977472,0.422104,0.120315,0.0,66.335176,11.207472,30.072413,90.456747
0.0,47.663291,81.185147,40.508416,133.505323,66.457456,22.88648,0.266555,0.0,0.026667,9.659923,146.898829
0.0,1.964432,0.484512,1.395325,4.974851,0.026667,0.671029,36.067472,5.572872,0.0,51.997723,0.749189
0.0,14.750611,23.264616,7.472192,50.116984,0.385395,2.811293,27.995568,21.639147,7.665936,0.0,29.073851
0.0,123.695309,90.730501,4.507989,315.204587,55.362709,16.63824,0.167685,172.255699,0.237019,4.086005,0.0
