3048.474664
0.223421,1,2
2.034227,1,3
0.251429,1,5
0.312885,1,6
2.313944,1,9
1.257704,1,12
18.682144,2,3
2.877147,2,5
34.055072,2,6
0.026667,2,7
57.382043,2,9
0.08,2,10
39.992293,2,12
29.183443,3,2
14.654813,3,5
63.038787,3,6
0.352672,3,7
0.026667,3,8
196.398624,3,9
1.948,3,11
53.347165,3,12
5.616843,4,2
39.112771,4,3
39.022867,4,5
40.538251,4,6
22.275869,4,7
41.045067,4,9
14.801877,4,10
4.419283,4,11
44.842224,4,12
34.418859,5,2
0.8684,5,3
0.207808,5,6
0.204077,5,7
0.026667,5,8
6.949925,5,9
79.881805,5,12
33.008925,6,2
102.556613,6,3
10.079493,6,5
20.292771,6,7
0.136099,6,8
188.818056,6,9
0.08,6,11
43.310237,6,12
3.183027,7,2
27.756277,7,3
6.583635,7,4
16.935256,7,5
13.440987,7,6
0.321571,7,8
20.431472,7,9
0.053333,7,10
10.122451,7,12
27.789768,8,2
4.02508,8,3
25.672944,8,4
140.853416,8,5
0.336312,8,6
3.098301,8,7
98.891093,8,9
10.671104,8,10
13.914061,8,11
65.086715,8,12
34.532549,9,2
1.339371,9,3
21.258691,9,5
0.883413,9,6
1.318493,9,7
0.026667,9,8
0.026667,9,10
0.053333,9,11
231.339299,9,12
0.651885,10,2
0.053333,10,3
28.621109,10,4
3.276565,10,5
0.026667,10,6
0.666488,10,7
38.558973,10,8
6.679861,10,9
37.953987,10,11
1.60004,10,12
20.749013,11,2
1.195971,11,3
8.084443,11,4
25.388189,11,5
0.218816,11,6
3.874581,11,7
23.884749,11,8
47.684725,11,9
11.013435,11,10
30.040157,11,12
110.096408,12,2
1.374339,12,3
72.331339,12,5
0.20608,12,6
0.141867,12,7
0.053333,12,8
503.06048,12,9
0.061944,12,10
0.026667,12,11
succeed
0.0,0.223421,2.034227,0.0,0.251429,0.312885,0.0,0.0,2.313944,0.0,0.0,1.257704
0.0,0.0,18.682144,0.0,2.877147,34.055072,0.026667,0.0,57.382043,0.08,0.0,39.992293
0.0,29.183443,0.0,0.0,14.654813,63.038787,0.352672,0.026667,196.398624,0.0,1.948,53.347165
0.0,5.616843,39.112771,0.0,39.022867,40.538251,22.275869,0.0,41.045067,14.801877,4.419283,44.842224
0.0,34.418859,0.8684,0.0,0.0,0.207808,0.204077,0.026667,6.949925,0.0,0.0,79.881805
0.0,33.008925,102.556613,0.0,10.079493,0.0,20.292771,0.136099,188.818056,0.0,0.08,43.310237
0.0,3.183027,27.756277,6.583635,16.935256,13.440987,0.0,0.321571,20.431472,0.053333,0.0,10.122451
0.0,27.789768,4.02508,25.672944,140.853416,0.336312,3.098301,0.0,98.891093,10.671104,13.914061,65.086715
0.0,34.532549,1.339371,0.0,21.258691,0.883413,1.318493,0.026667,0.0,0.026667,0.053333,231.339299
0.0,0.651885,0.053333,28.621109,3.276565,0.026667,0.666488,38.558973,6.679861,0.0,37.953987,1.60004
0.0,20.749013,1.195971,8.084443,25.388189,0.218816,3.874581,23.884749,47.684725,11.013435,0.0,30.040157
0.0,110.096408,1.374339,0.0,72.331339,0.20608,0.141867,0.053333,503.06048,0.061944,0.026667,0.0
