2230.4312290000003
0.026667,1,2
0.055584,1,3
0.132736,1,5
0.08,1,6
0.169619,1,7
2.743757,1,8
0.064339,1,9
0.419661,1,11
0.488093,1,12
0.158344,2,1
12.420461,2,3
4.445643,2,4
0.521576,2,5
10.701328,2,6
2.680861,2,7
36.659531,2,8
14.288773,2,9
0.081497,2,10
4.381189,2,11
36.573605,2,12
0.094645,3,1
7.886488,3,2
11.744133,3,4
6.842827,3,5
32.765395,3,6
6.572048,3,7
38.106235,3,8
87.730491,3,9
0.380861,3,10
6.759688,3,11
46.985968,3,12
0.175019,4,1
2.801029,4,2
34.679677,4,3
20.542763,4,5
28.570771,4,6
10.519547,4,7
16.039296,4,8
31.485069,4,9
7.37012,4,10
7.407893,4,11
32.574643,4,12
3.713043,5,1
8.551477,5,2
5.756403,5,3
0.667859,5,4
2.663336,5,6
1.315309,5,7
15.430749,5,8
2.289712,5,9
0.128347,5,10
3.148643,5,11
12.695867,5,12
0.06864,6,1
18.123709,6,2
59.862565,6,3
5.338205,6,4
16.616952,6,5
9.399061,6,7
38.657291,6,8
50.405691,6,9
0.575939,6,10
10.040019,6,11
13.953936,6,12
0.180424,7,1
6.200683,7,2
14.275728,7,3
14.705888,7,4
3.432227,7,5
10.498325,7,6
6.750048,7,8
9.948608,7,9
1.262283,7,10
1.407995,7,11
11.244232,7,12
0.592456,8,1
11.534547,8,2
43.21468,8,3
8.795269,8,4
6.141968,8,5
39.349584,8,6
5.92024,8,7
127.898421,8,9
10.961944,8,10
29.967243,8,11
133.378395,8,12
0.303792,9,1
13.975568,9,2
32.185923,9,3
29.040451,9,4
7.871496,9,5
34.813896,9,6
12.737917,9,7
93.087557,9,8
6.010088,9,10
29.361304,9,11
40.731616,9,12
1.022488,10,2
0.151288,10,3
0.303493,10,4
0.029333,10,5
0.186757,10,6
0.026667,10,7
35.152973,10,8
0.335696,10,9
36.225013,10,11
0.026667,10,12
0.028016,11,1
8.281027,11,2
6.009984,11,3
1.745656,11,4
1.915603,11,5
5.409803,11,6
6.128405,11,7
29.493848,11,8
18.874573,11,9
5.228083,11,10
6.322933,11,12
0.450693,12,1
91.935933,12,2
36.369411,12,3
36.220373,12,4
10.67272,12,5
23.657643,12,6
11.104491,12,7
109.024045,12,8
76.146587,12,9
2.895597,12,10
26.744011,12,11
succeed
0.0,0.026667,0.055584,0.0,0.132736,0.08,0.169619,2.743757,0.064339,0.0,0.419661,0.488093
0.158344,0.0,12.420461,4.445643,0.521576,10.701328,2.680861,36.659531,14.288773,0.081497,4.381189,36.573605
0.094645,7.886488,0.0,11.744133,6.842827,32.765395,6.572048,38.106235,87.730491,0.380861,6.759688,46.985968
0.175019,2.801029,34.679677,0.0,20.542763,28.570771,10.519547,16.039296,31.485069,7.37012,7.407893,32.574643
3.713043,8.551477,5.756403,0.667859,0.0,2.663336,1.315309,15.430749,2.289712,0.128347,3.148643,12.695867
0.06864,18.123709,59.862565,5.338205,16.616952,0.0,9.399061,38.657291,50.405691,0.575939,10.040019,13.953936
0.180424,6.200683,14.275728,14.705888,3.432227,10.498325,0.0,6.750048,9.948608,1.262283,1.407995,11.244232
0.592456,11.534547,43.21468,8.795269,6.141968,39.349584,5.92024,0.0,127.898421,10.961944,29.967243,133.378395
0.303792,13.975568,32.185923,29.040451,7.871496,34.813896,12.737917,93.087557,0.0,6.010088,29.361304,40.731616
0.0,1.022488,0.151288,0.303493,0.029333,0.186757,0.026667,35.152973,0.335696,0.0,36.225013,0.026667
0.028016,8.281027,6.009984,1.745656,1.915603,5.409803,6.128405,29.493848,18.874573,5.228083,0.0,6.322933
0.450693,91.935933,36.369411,36.220373,10.67272,23.657643,11.104491,109.024045,76.146587,2.895597,26.744011,0.0
