3091.053849
0.136117,1,2
0.353632,1,3
0.028,1,4
0.130427,1,6
0.204696,1,7
0.589291,1,8
0.191771,1,9
0.039579,1,11
0.544203,1,12
3.503024,2,1
12.654741,2,3
4.039005,2,4
20.426739,2,5
13.141659,2,6
1.092531,2,7
18.483692,2,8
7.691709,2,9
0.199647,2,10
6.184283,2,11
28.849597,2,12
0.172027,3,1
11.158992,3,2
22.753053,3,4
12.188179,3,5
36.459315,3,6
12.207405,3,7
101.084384,3,8
30.416976,3,9
2.792237,3,10
11.468059,3,11
40.936909,3,12
0.026667,4,1
6.205523,4,2
68.957179,4,3
22.370269,4,5
31.848187,4,6
14.606979,4,7
42.520387,4,8
20.527653,4,9
11.510648,4,10
10.805536,4,11
53.216824,4,12
0.026667,5,1
14.247483,5,2
32.160365,5,3
3.820976,5,4
4.000232,5,6
2.101317,5,7
19.753152,5,8
9.162659,5,9
0.053333,5,10
2.290813,5,11
5.733648,5,12
0.153984,6,1
15.185965,6,2
61.842096,6,3
6.580997,6,4
7.214413,6,5
7.948493,6,7
32.189312,6,8
48.182805,6,9
2.982,6,10
12.337611,6,11
18.627128,6,12
0.028312,7,1
2.703635,7,2
21.966816,7,3
6.667363,7,4
4.528357,7,5
13.122661,7,6
9.157211,7,8
6.358824,7,9
0.354411,7,10
2.991136,7,11
15.418896,7,12
2.323208,8,1
26.887227,8,2
115.078784,8,3
38.027376,8,4
16.477056,8,5
59.919357,8,6
25.549325,8,7
130.146984,8,9
15.362979,8,10
30.693203,8,11
136.101701,8,12
0.526029,9,1
35.742952,9,2
73.849019,9,3
38.177552,9,4
19.306109,9,5
57.1516,9,6
13.594371,9,7
107.841963,9,8
6.396771,9,10
47.273544,9,11
93.544443,9,12
0.364331,10,2
1.339448,10,3
2.262331,10,4
0.586733,10,5
1.235309,10,6
0.053333,10,7
54.457709,10,8
0.78068,10,9
43.599888,10,11
0.124736,10,12
0.026667,11,1
6.690067,11,2
21.623717,11,3
5.364541,11,4
4.705629,11,5
10.563259,11,6
4.784677,11,7
39.427437,11,8
23.6748,11,9
4.021781,11,10
31.382061,11,12
0.113339,12,1
94.56636,12,2
77.680043,12,3
62.624605,12,4
19.297069,12,5
72.580664,12,6
18.063768,12,7
127.353096,12,8
152.509112,12,9
3.671768,12,10
42.942536,12,11
succeed
0.0,0.136117,0.353632,0.028,0.0,0.130427,0.204696,0.589291,0.191771,0.0,0.039579,0.544203
3.503024,0.0,12.654741,4.039005,20.426739,13.141659,1.092531,18.483692,7.691709,0.199647,6.184283,28.849597
0.172027,11.158992,0.0,22.753053,12.188179,36.459315,12.207405,101.084384,30.416976,2.792237,11.468059,40.936909
0.026667,6.205523,68.957179,0.0,22.370269,31.848187,14.606979,42.520387,20.527653,11.510648,10.805536,53.216824
0.026667,14.247483,32.160365,3.820976,0.0,4.000232,2.101317,19.753152,9.162659,0.053333,2.290813,5.733648
0.153984,15.185965,61.842096,6.580997,7.214413,0.0,7.948493,32.189312,48.182805,2.982,12.337611,18.627128
0.028312,2.703635,21.966816,6.667363,4.528357,13.122661,0.0,9.157211,6.358824,0.354411,2.991136,15.418896
2.323208,26.887227,115.078784,38.027376,16.477056,59.919357,25.549325,0.0,130.146984,15.362979,30.693203,136.101701
0.526029,35.742952,73.849019,38.177552,19.306109,57.1516,13.594371,107.841963,0.0,6.396771,47.273544,93.544443
0.0,0.364331,1.339448,2.262331,0.586733,1.235309,0.053333,54.457709,0.78068,0.0,43.599888,0.124736
0.026667,6.690067,21.623717,5.364541,4.705629,10.563259,4.784677,39.427437,23.6748,4.021781,0.0,31.382061
0.113339,94.56636,77.680043,62.624605,19.297069,72.580664,18.063768,127.353096,152.509112,3.671768,42.942536,0.0
