2899.842476
0.026667,1,2
0.43008,1,3
0.053333,1,4
0.184904,1,5
0.993853,1,6
0.08,1,7
0.315811,1,8
0.08,1,9
0.050429,1,10
0.053333,1,11
0.358256,1,12
0.148219,2,1
18.974557,2,3
6.029376,2,4
7.134341,2,5
31.902181,2,6
2.714392,2,7
28.475725,2,8
9.556651,2,9
0.831213,2,10
4.734307,2,11
33.882792,2,12
0.701949,3,1
33.956699,3,2
14.861608,3,4
53.163293,3,5
46.717947,3,6
14.088216,3,7
62.571349,3,8
19.606376,3,9
3.700685,3,10
12.453288,3,11
36.311389,3,12
0.199032,4,1
6.391877,4,2
72.716736,4,3
15.727229,4,5
34.212397,4,6
18.801341,4,7
10.018731,4,8
17.514397,4,9
9.156888,4,10
9.599891,4,11
46.250845,4,12
5.329728,5,1
2.260597,5,2
18.802384,5,3
3.315179,5,4
6.021672,5,6
2.951235,5,7
6.988445,5,8
3.716861,5,9
2.039328,5,10
2.487208,5,11
7.716213,5,12
0.357205,6,1
36.689709,6,2
93.035333,6,3
25.324064,6,4
9.235675,6,5
14.597288,6,7
42.686173,6,8
53.748416,6,9
1.151373,6,10
9.208957,6,11
41.692968,6,12
0.08,7,1
2.141539,7,2
26.765928,7,3
15.668227,7,4
3.876112,7,5
12.764648,7,6
6.056243,7,8
5.315117,7,9
1.265675,7,10
2.875955,7,11
17.1042,7,12
1.293155,8,1
19.463301,8,2
97.957147,8,3
23.852443,8,4
6.414448,8,5
44.831888,8,6
9.128979,8,7
64.902333,8,9
4.587677,8,10
28.928992,8,11
99.169349,8,12
0.629043,9,1
39.914949,9,2
52.86668,9,3
42.932675,9,4
13.293283,9,5
51.935139,9,6
17.672701,9,7
77.670784,9,8
5.875891,9,10
25.471155,9,11
154.066517,9,12
0.136277,10,2
3.450336,10,3
4.816541,10,4
0.490717,10,5
0.486485,10,6
0.532224,10,7
54.639619,10,8
0.393904,10,9
52.889277,10,11
0.767064,10,12
0.107229,11,1
9.531189,11,2
16.582939,11,3
1.434149,11,4
7.408581,11,5
12.260811,11,6
3.912813,11,7
18.052333,11,8
6.083829,11,9
4.441664,11,10
5.894712,11,12
1.044637,12,1
106.042099,12,2
79.744237,12,3
55.675749,12,4
36.622267,12,5
61.454123,12,6
23.654576,12,7
102.766299,12,8
139.736181,12,9
7.750107,12,10
29.178741,12,11
succeed
0.0,0.026667,0.43008,0.053333,0.184904,0.993853,0.08,0.315811,0.08,0.050429,0.053333,0.358256
0.148219,0.0,18.974557,6.029376,7.134341,31.902181,2.714392,28.475725,9.556651,0.831213,4.734307,33.882792
0.701949,33.956699,0.0,14.861608,53.163293,46.717947,14.088216,62.571349,19.606376,3.700685,12.453288,36.311389
0.199032,6.391877,72.716736,0.0,15.727229,34.212397,18.801341,10.018731,17.514397,9.156888,9.599891,46.250845
5.329728,2.260597,18.802384,3.315179,0.0,6.021672,2.951235,6.988445,3.716861,2.039328,2.487208,7.716213
0.357205,36.689709,93.035333,25.324064,9.235675,0.0,14.597288,42.686173,53.748416,1.151373,9.208957,41.692968
0.08,2.141539,26.765928,15.668227,3.876112,12.764648,0.0,6.056243,5.315117,1.265675,2.875955,17.1042
1.293155,19.463301,97.957147,23.852443,6.414448,44.831888,9.128979,0.0,64.902333,4.587677,28.928992,99.169349
0.629043,39.914949,52.86668,42.932675,13.293283,51.935139,17.672701,77.670784,0.0,5.875891,25.471155,154.066517
0.0,0.136277,3.450336,4.816541,0.490717,0.486485,0.532224,54.639619,0.393904,0.0,52.889277,0.767064
0.107229,9.531189,16.582939,1.434149,7.408581,12.260811,3.912813,18.052333,6.083829,4.441664,0.0,5.894712
1.044637,106.042099,79.744237,55.675749,36.622267,61.454123,23.654576,102.766299,139.736181,7.750107,29.178741,0.0
