1954.103733
0.106667,1,2
0.026667,1,3
0.026667,1,4
0.053333,1,5
0.026667,1,7
1.0334,1,8
2.493816,1,9
1.131853,1,12
0.403499,2,1
11.786488,2,3
4.423363,2,4
1.226011,2,5
12.169053,2,6
0.458915,2,7
16.587469,2,8
5.137667,2,9
0.955736,2,10
5.327592,2,11
25.558997,2,12
0.271037,3,1
16.304368,3,2
5.179739,3,4
18.987467,3,5
38.051944,3,6
20.841803,3,7
39.069832,3,8
12.199808,3,9
1.161552,3,10
10.572147,3,11
28.405197,3,12
0.08992,4,1
4.806456,4,2
48.983355,4,3
20.974835,4,5
23.067944,4,6
22.535861,4,7
12.509115,4,8
13.025272,4,9
10.734843,4,10
16.024549,4,11
57.232797,4,12
0.197195,5,1
0.853432,5,2
14.051419,5,3
1.260016,5,4
1.913917,5,6
0.983661,5,7
5.332427,5,8
1.583805,5,9
2.811621,5,10
0.543728,5,11
7.048,5,12
4.259528,6,2
49.800021,6,3
6.444949,6,4
1.892776,6,5
7.920843,6,7
47.258384,6,8
11.994117,6,9
0.053333,6,10
20.541757,6,11
17.133187,6,12
1.483939,7,2
12.581635,7,3
5.43612,7,4
3.622752,7,5
14.648277,7,6
5.812749,7,8
2.503272,7,9
1.930837,7,10
2.525891,7,11
8.114125,7,12
0.165219,8,1
6.446139,8,2
83.195856,8,3
10.656147,8,4
15.266115,8,5
11.220805,8,6
4.063757,8,7
29.499109,8,9
23.07896,8,10
32.937952,8,11
30.145827,8,12
2.285659,9,1
13.656171,9,2
28.434133,9,3
20.725045,9,4
11.297864,9,5
21.915229,9,6
12.572453,9,7
72.730197,9,8
1.020117,9,10
29.890091,9,11
30.78952,9,12
0.026667,10,3
3.207464,10,4
0.120725,10,6
30.715917,10,8
0.566923,10,9
35.93224,10,11
0.093163,10,12
6.587584,11,2
16.043461,11,3
3.859037,11,4
1.309533,11,5
6.103128,11,6
4.815872,11,7
20.698173,11,8
5.862133,11,9
9.804947,11,10
3.277515,11,12
0.564651,12,1
59.96476,12,2
78.687195,12,3
50.692581,12,4
14.214888,12,5
25.084291,12,6
31.516272,12,7
88.453011,12,8
132.504565,12,9
3.135949,12,10
55.767309,12,11
succeed
0.0,0.106667,0.026667,0.026667,0.053333,0.0,0.026667,1.0334,2.493816,0.0,0.0,1.131853
0.403499,0.0,11.786488,4.423363,1.226011,12.169053,0.458915,16.587469,5.137667,0.955736,5.327592,25.558997
0.271037,16.304368,0.0,5.179739,18.987467,38.051944,20.841803,39.069832,12.199808,1.161552,10.572147,28.405197
0.08992,4.806456,48.983355,0.0,20.974835,23.067944,22.535861,12.509115,13.025272,10.734843,16.024549,57.232797
0.197195,0.853432,14.051419,1.260016,0.0,1.913917,0.983661,5.332427,1.583805,2.811621,0.543728,7.048
0.0,4.259528,49.800021,6.444949,1.892776,0.0,7.920843,47.258384,11.994117,0.053333,20.541757,17.133187
0.0,1.483939,12.581635,5.43612,3.622752,14.648277,0.0,5.812749,2.503272,1.930837,2.525891,8.114125
0.165219,6.446139,83.195856,10.656147,15.266115,11.220805,4.063757,0.0,29.499109,23.07896,32.937952,30.145827
2.285659,13.656171,28.434133,20.725045,11.297864,21.915229,12.572453,72.730197,0.0,1.020117,29.890091,30.78952
0.0,0.0,0.026667,3.207464,0.0,0.120725,0.0,30.715917,0.566923,0.0,35.93224,0.093163
0.0,6.587584,16.043461,3.859037,1.309533,6.103128,4.815872,20.698173,5.862133,9.804947,0.0,3.277515
0.564651,59.96476,78.687195,50.692581,14.214888,25.084291,31.516272,88.453011,132.504565,3.135949,55.767309,0.0
