2357.080605
0.026667,1,2
0.274803,1,3
0.145195,1,5
0.026667,1,6
0.070661,1,7
0.026667,1,8
0.026667,1,9
0.053333,1,12
0.026667,2,1
15.485512,2,3
4.419256,2,4
4.087477,2,5
13.080608,2,6
0.480787,2,7
9.224921,2,8
11.169824,2,9
0.213183,2,10
4.083592,2,11
74.037763,2,12
0.188733,3,1
15.679299,3,2
13.738467,3,4
7.696589,3,5
50.590773,3,6
6.747765,3,7
59.848445,3,8
132.4174,3,9
1.000496,3,10
4.787843,3,11
27.760448,3,12
0.044,4,1
2.239597,4,2
33.894736,4,3
36.693389,4,5
15.979512,4,6
11.319144,4,7
6.815323,4,8
31.050888,4,9
9.491419,4,10
11.900504,4,11
43.879885,4,12
3.813232,5,1
1.104419,5,2
10.352595,5,3
1.33944,5,4
1.596811,5,6
4.911629,5,7
3.896904,5,8
4.766552,5,9
4.172539,5,11
13.283059,5,12
0.026667,6,1
18.367456,6,2
30.945968,6,3
3.805115,6,4
2.584963,6,5
6.012909,6,7
18.515968,6,8
72.367152,6,9
0.542504,6,10
6.968891,6,11
31.336301,6,12
0.026667,7,1
1.102731,7,2
11.420557,7,3
3.935739,7,4
3.875963,7,5
11.212099,7,6
3.652856,7,8
16.283309,7,9
2.449707,7,11
8.680037,7,12
0.827987,8,1
9.753768,8,2
39.079787,8,3
26.282291,8,4
13.605491,8,5
20.433821,8,6
6.485643,8,7
121.720701,8,9
9.114485,8,10
31.881261,8,11
90.939939,8,12
0.295496,9,1
25.824016,9,2
53.070187,9,3
29.993072,9,4
5.720123,9,5
37.6914,9,6
9.077187,9,7
64.492299,9,8
1.684605,9,10
23.460749,9,11
75.833344,9,12
8.365853,10,2
0.106667,10,3
1.044021,10,4
0.097773,10,5
0.1372,10,6
30.102035,10,8
0.901624,10,9
29.261464,10,11
0.182528,10,12
0.112109,11,1
8.854997,11,2
7.260749,11,3
2.522248,11,4
2.853541,11,5
5.182427,11,6
3.487229,11,7
15.322224,11,8
23.582,11,9
2.999173,11,10
3.922797,11,12
0.262877,12,1
55.721264,12,2
90.689264,12,3
47.213797,12,4
17.301685,12,5
52.147963,12,6
7.452003,12,7
97.810173,12,8
155.154555,12,9
0.770389,12,10
24.91468,12,11
succeed
0.0,0.026667,0.274803,0.0,0.145195,0.026667,0.070661,0.026667,0.026667,0.0,0.0,0.053333
0.026667,0.0,15.485512,4.419256,4.087477,13.080608,0.480787,9.224921,11.169824,0.213183,4.083592,74.037763
0.188733,15.679299,0.0,13.738467,7.696589,50.590773,6.747765,59.848445,132.4174,1.000496,4.787843,27.760448
0.044,2.239597,33.894736,0.0,36.693389,15.979512,11.319144,6.815323,31.050888,9.491419,11.900504,43.879885
3.813232,1.104419,10.352595,1.33944,0.0,1.596811,4.911629,3.896904,4.766552,0.0,4.172539,13.283059
0.026667,18.367456,30.945968,3.805115,2.584963,0.0,6.012909,18.515968,72.367152,0.542504,6.968891,31.336301
0.026667,1.102731,11.420557,3.935739,3.875963,11.212099,0.0,3.652856,16.283309,0.0,2.449707,8.680037
0.827987,9.753768,39.079787,26.282291,13.605491,20.433821,6.485643,0.0,121.720701,9.114485,31.881261,90.939939
0.295496,25.824016,53.070187,29.993072,5.720123,37.6914,9.077187,64.492299,0.0,1.684605,23.460749,75.833344
0.0,8.365853,0.106667,1.044021,0.097773,0.1372,0.0,30.102035,0.901624,0.0,29.261464,0.182528
0.112109,8.854997,7.260749,2.522248,2.853541,5.182427,3.487229,15.322224,23.582,2.999173,0.0,3.922797
0.262877,55.721264,90.689264,47.213797,17.301685,52.147963,7.452003,97.810173,155.154555,0.770389,24.91468,0.0
