1860.304694
0.026667,1,2
0.134416,1,3
0.129963,1,5
0.752096,1,6
0.038656,1,7
0.842525,1,8
0.108264,1,9
0.495896,1,12
0.104803,2,1
7.082053,2,3
7.66992,2,4
1.102168,2,5
12.116379,2,6
1.107104,2,7
11.829809,2,8
1.95556,2,9
0.06018,2,10
4.545373,2,11
29.170976,2,12
0.578069,3,1
6.713213,3,2
24.8258,3,4
4.580069,3,5
20.867163,3,6
6.223384,3,7
50.871912,3,8
3.503659,3,9
0.497472,3,10
13.725107,3,11
21.164403,3,12
0.09376,4,1
2.755675,4,2
43.7902,4,3
7.501381,4,5
31.573091,4,6
8.798179,4,7
4.498403,4,8
13.545341,4,9
5.740469,4,10
9.886179,4,11
31.796592,4,12
1.671923,5,1
3.298307,5,2
8.816555,5,3
2.109901,5,4
3.1448,5,6
1.572944,5,7
12.449749,5,8
3.825696,5,9
0.098123,5,10
1.217131,5,11
3.602613,5,12
0.384605,6,1
17.250211,6,2
59.817397,6,3
11.907648,6,4
4.100112,6,5
3.603253,6,7
16.172533,6,8
23.851296,6,9
2.583424,6,10
6.834949,6,11
25.518301,6,12
1.399168,7,2
25.098485,7,3
9.835549,7,4
4.558856,7,5
11.698901,7,6
5.729067,7,8
3.329056,7,9
1.713835,7,10
3.907109,7,11
8.949229,7,12
0.336357,8,1
120.281416,8,2
81.780851,8,3
8.550984,8,4
29.870517,8,5
19.121883,8,6
6.348699,8,7
19.213677,8,9
10.961208,8,10
17.45448,8,11
52.734696,8,12
0.919792,9,1
9.856699,9,2
12.447584,9,3
27.362053,9,4
11.146659,9,5
17.671755,9,6
11.965845,9,7
42.775813,9,8
3.660773,9,10
12.186104,9,11
63.499005,9,12
0.053333,10,2
5.529013,10,3
5.284109,10,4
0.054635,10,5
0.29508,10,6
1.907285,10,7
32.138051,10,8
0.160043,10,9
28.971195,10,11
0.026667,10,12
0.862069,11,1
8.449085,11,2
15.968187,11,3
3.603371,11,4
4.86272,11,5
10.301739,11,6
8.044624,11,7
16.380501,11,8
5.956408,11,9
1.946189,11,10
5.885288,11,12
0.606888,12,1
144.815021,12,2
35.25884,12,3
42.591491,12,4
15.122371,12,5
52.396693,12,6
7.818205,12,7
38.044304,12,8
78.900091,12,9
2.882845,12,10
22.188448,12,11
succeed
0.0,0.026667,0.134416,0.0,0.129963,0.752096,0.038656,0.842525,0.108264,0.0,0.0,0.495896
0.104803,0.0,7.082053,7.66992,1.102168,12.116379,1.107104,11.829809,1.95556,0.06018,4.545373,29.170976
0.578069,6.713213,0.0,24.8258,4.580069,20.867163,6.223384,50.871912,3.503659,0.497472,13.725107,21.164403
0.09376,2.755675,43.7902,0.0,7.501381,31.573091,8.798179,4.498403,13.545341,5.740469,9.886179,31.796592
1.671923,3.298307,8.816555,2.109901,0.0,3.1448,1.572944,12.449749,3.825696,0.098123,1.217131,3.602613
0.384605,17.250211,59.817397,11.907648,4.100112,0.0,3.603253,16.172533,23.851296,2.583424,6.834949,25.518301
0.0,1.399168,25.098485,9.835549,4.558856,11.698901,0.0,5.729067,3.329056,1.713835,3.907109,8.949229
0.336357,120.281416,81.780851,8.550984,29.870517,19.121883,6.348699,0.0,19.213677,10.961208,17.45448,52.734696
0.919792,9.856699,12.447584,27.362053,11.146659,17.671755,11.965845,42.775813,0.0,3.660773,12.186104,63.499005
0.0,0.053333,5.529013,5.284109,0.054635,0.29508,1.907285,32.138051,0.160043,0.0,28.971195,0.026667
0.862069,8.449085,15.968187,3.603371,4.86272,10.301739,8.044624,16.380501,5.956408,1.946189,0.0,5.885288
0.606888,144.815021,35.25884,42.591491,15.122371,52.396693,7.818205,38.044304,78.900091,2.882845,22.188448,0.0
