2529.327613
0.053333,1,2
0.841133,1,3
0.070888,1,4
0.028448,1,5
0.185811,1,8
1.687264,1,9
0.053333,1,11
6.023608,1,12
0.066701,2,1
22.167637,2,3
12.224901,2,4
41.707901,2,5
50.444085,2,6
4.496816,2,7
21.060192,2,8
4.647683,2,9
3.036152,2,10
12.981059,2,11
24.149565,2,12
2.485701,3,1
23.925157,3,2
15.497853,3,4
13.923891,3,5
78.547835,3,6
7.052021,3,7
43.471667,3,8
13.809872,3,9
2.579611,3,10
15.437323,3,11
15.416557,3,12
0.244341,4,1
7.677811,4,2
37.276787,4,3
21.420792,4,5
26.333501,4,6
18.440691,4,7
17.517861,4,8
9.972272,4,9
20.17116,4,10
26.077509,4,11
37.59156,4,12
1.435648,5,1
23.311445,5,2
10.710781,5,3
2.954947,5,4
1.715355,5,6
3.503525,5,7
28.943211,5,8
2.426053,5,9
0.138539,5,10
1.749704,5,11
4.124229,5,12
0.026667,6,1
13.609005,6,2
64.902677,6,3
15.400968,6,4
21.189581,6,5
9.560141,6,7
20.388269,6,8
18.884421,6,9
1.903091,6,10
14.050456,6,11
25.314109,6,12
2.026984,7,2
16.900995,7,3
17.051107,7,4
4.476931,7,5
12.4046,7,6
5.193864,7,8
3.417152,7,9
4.595248,7,10
6.394259,7,11
11.702141,7,12
0.380875,8,1
18.723037,8,2
72.983715,8,3
13.517493,8,4
18.770557,8,5
19.497376,8,6
2.93284,8,7
32.624357,8,9
19.107757,8,10
22.883155,8,11
86.322035,8,12
0.290517,9,1
20.668648,9,2
21.15884,9,3
29.8774,9,4
11.741739,9,5
28.610272,9,6
9.299256,9,7
74.983824,9,8
11.43404,9,10
39.509389,9,11
53.276029,9,12
1.319819,10,2
8.488909,10,4
0.053333,10,5
0.239451,10,6
0.520949,10,7
37.486157,10,8
0.026667,10,9
37.089709,10,11
1.072893,11,1
13.181773,11,2
18.143627,11,3
4.657808,11,4
8.403525,11,5
10.878541,11,6
2.510973,11,7
16.836504,11,8
15.830909,11,9
8.096117,11,10
7.268477,11,12
1.073605,12,1
130.793773,12,2
62.969299,12,3
85.06332,12,4
13.139067,12,5
42.91732,12,6
13.729032,12,7
130.802925,12,8
174.388501,12,9
3.565016,12,10
38.982077,12,11
succeed
0.0,0.053333,0.841133,0.070888,0.028448,0.0,0.0,0.185811,1.687264,0.0,0.053333,6.023608
0.066701,0.0,22.167637,12.224901,41.707901,50.444085,4.496816,21.060192,4.647683,3.036152,12.981059,24.149565
2.485701,23.925157,0.0,15.497853,13.923891,78.547835,7.052021,43.471667,13.809872,2.579611,15.437323,15.416557
0.244341,7.677811,37.276787,0.0,21.420792,26.333501,18.440691,17.517861,9.972272,20.17116,26.077509,37.59156
1.435648,23.311445,10.710781,2.954947,0.0,1.715355,3.503525,28.943211,2.426053,0.138539,1.749704,4.124229
0.026667,13.609005,64.902677,15.400968,21.189581,0.0,9.560141,20.388269,18.884421,1.903091,14.050456,25.314109
0.0,2.026984,16.900995,17.051107,4.476931,12.4046,0.0,5.193864,3.417152,4.595248,6.394259,11.702141
0.380875,18.723037,72.983715,13.517493,18.770557,19.497376,2.93284,0.0,32.624357,19.107757,22.883155,86.322035
0.290517,20.668648,21.15884,29.8774,11.741739,28.610272,9.299256,74.983824,0.0,11.43404,39.509389,53.276029
0.0,1.319819,0.0,8.488909,0.053333,0.239451,0.520949,37.486157,0.026667,0.0,37.089709,0.0
1.072893,13.181773,18.143627,4.657808,8.403525,10.878541,2.510973,16.836504,15.830909,8.096117,0.0,7.268477
1.073605,130.793773,62.969299,85.06332,13.139067,42.91732,13.729032,130.802925,174.388501,3.565016,38.982077,0.0
