3316.500061
0.604984,1,2
2.718869,1,3
0.708989,1,4
0.257968,1,5
1.401723,1,6
1.200536,1,7
1.018836,1,8
0.490853,1,9
0.113249,1,10
0.648515,1,11
1.344195,1,12
1.846893,2,1
25.775093,2,3
4.327157,2,4
7.552357,2,5
32.817536,2,6
3.81152,2,7
18.451631,2,8
21.997357,2,9
1.301812,2,10
13.849963,2,11
52.063843,2,12
3.38764,3,1
63.496461,3,2
12.32956,3,4
30.956891,3,5
61.326891,3,6
27.024093,3,7
165.610707,3,8
44.05444,3,9
9.228557,3,10
24.765616,3,11
42.689341,3,12
0.352205,4,1
6.969267,4,2
35.109787,4,3
16.128899,4,5
15.175251,4,6
17.761861,4,7
6.721333,4,8
14.437589,4,9
13.370859,4,10
16.280427,4,11
25.028128,4,12
2.290789,5,1
35.619699,5,2
22.78564,5,3
2.025867,5,4
8.936424,5,6
11.19848,5,7
8.553419,5,8
7.616448,5,9
0.161088,5,10
7.685723,5,11
21.562885,5,12
0.874019,6,1
18.252349,6,2
79.724909,6,3
18.469173,6,4
5.100357,6,5
11.4568,6,7
34.083448,6,8
25.387453,6,9
2.724795,6,10
39.967981,6,11
27.087245,6,12
0.605253,7,1
5.412429,7,2
33.600789,7,3
9.765704,7,4
6.153859,7,5
23.255549,7,6
7.142363,7,8
7.876752,7,9
2.88736,7,10
13.160696,7,11
12.285696,7,12
0.202795,8,1
20.623125,8,2
86.663707,8,3
15.889323,8,4
8.196752,8,5
27.853413,8,6
5.200357,8,7
49.536763,8,9
19.414803,8,10
65.666552,8,11
60.756573,8,12
2.941235,9,1
39.471027,9,2
45.582981,9,3
24.471405,9,4
21.994595,9,5
51.675379,9,6
30.178789,9,7
79.690467,9,8
10.694813,9,10
34.685165,9,11
162.338216,9,12
0.661269,10,2
0.16,10,3
4.287515,10,4
0.053333,10,5
0.546475,10,6
0.034144,10,7
32.482552,10,8
0.303368,10,9
21.298109,10,11
0.106667,10,12
0.802235,11,1
30.124848,11,2
45.607896,11,3
22.296611,11,4
23.798712,11,5
50.098528,11,6
30.35684,11,7
63.186816,11,8
22.630413,11,9
9.224893,11,10
45.587824,11,12
1.859221,12,1
78.094605,12,2
76.404629,12,3
56.351957,12,4
33.085712,12,5
54.103595,12,6
22.675565,12,7
103.77244,12,8
211.855411,12,9
3.162912,12,10
47.535608,12,11
succeed
0.0,0.604984,2.718869,0.708989,0.257968,1.401723,1.200536,1.018836,0.490853,0.113249,0.648515,1.344195
1.846893,0.0,25.775093,4.327157,7.552357,32.817536,3.81152,18.451631,21.997357,1.301812,13.849963,52.063843
3.38764,63.496461,0.0,12.32956,30.956891,61.326891,27.024093,165.610707,44.05444,9.228557,24.765616,42.689341
0.352205,6.969267,35.109787,0.0,16.128899,15.175251,17.761861,6.721333,14.437589,13.370859,16.280427,25.028128
2.290789,35.619699,22.78564,2.025867,0.0,8.936424,11.19848,8.553419,7.616448,0.161088,7.685723,21.562885
0.874019,18.252349,79.724909,18.469173,5.100357,0.0,11.4568,34.083448,25.387453,2.724795,39.967981,27.087245
0.605253,5.412429,33.600789,9.765704,6.153859,23.255549,0.0,7.142363,7.876752,2.88736,13.160696,12.285696
0.202795,20.623125,86.663707,15.889323,8.196752,27.853413,5.200357,0.0,49.536763,19.414803,65.666552,60.756573
2.941235,39.471027,45.582981,24.471405,21.994595,51.675379,30.178789,79.690467,0.0,10.694813,34.685165,162.338216
0.0,0.661269,0.16,4.287515,0.053333,0.546475,0.034144,32.482552,0.303368,0.0,21.298109,0.106667
0.802235,30.124848,45.607896,22.296611,23.798712,50.098528,30.35684,63.186816,22.630413,9.224893,0.0,45.587824
1.859221,78.094605,76.404629,56.351957,33.085712,54.103595,22.675565,103.77244,211.855411,3.162912,47.535608,0.0
