1661.60497
0.026667,1,2
0.088576,1,3
0.108195,1,5
0.038488,1,7
0.213993,1,8
0.1549,1,10
0.026667,1,11
0.245232,1,12
0.026667,2,1
2.908421,2,3
3.775331,2,4
0.414957,2,5
11.88224,2,6
3.843611,2,7
9.372515,2,8
4.250437,2,9
0.01776,2,10
5.939789,2,11
96.390579,2,12
0.04896,3,1
7.305661,3,2
3.953221,3,4
25.471325,3,5
17.800749,3,6
8.247459,3,7
22.518723,3,8
7.648379,3,9
0.257091,3,10
4.348195,3,11
16.354523,3,12
0.150496,4,1
7.10072,4,2
31.63472,4,3
21.807088,4,5
22.017621,4,6
21.658523,4,7
7.028901,4,8
9.816936,4,9
7.791931,4,10
14.841128,4,11
66.496408,4,12
2.752829,5,1
2.267933,5,2
9.637824,5,3
1.229533,5,4
1.041883,5,6
0.864232,5,7
2.024445,5,8
1.846699,5,9
0.712715,5,11
2.261504,5,12
0.026667,6,1
3.747208,6,2
32.56144,6,3
4.773832,6,4
0.213483,6,5
1.654419,6,7
11.292709,6,8
11.970469,6,9
0.116443,6,10
4.161024,6,11
27.288912,6,12
0.097432,7,1
2.230101,7,2
7.214792,7,3
6.890739,7,4
2.012403,7,5
14.739272,7,6
3.266781,7,8
2.812296,7,9
1.6678,7,10
2.533509,7,11
6.688072,7,12
0.097891,8,1
4.614288,8,2
68.850392,8,3
8.197963,8,4
4.504688,8,5
8.795325,8,6
4.065264,8,7
17.690464,8,9
20.100784,8,10
16.761987,8,11
50.988355,8,12
0.125195,9,1
35.825432,9,2
16.449429,9,3
22.568152,9,4
5.295664,9,5
7.074869,9,6
8.212867,9,7
56.218635,9,8
0.672795,9,10
9.189909,9,11
38.153635,9,12
0.08,10,2
5.696347,10,4
0.136216,10,6
29.844659,10,8
0.026667,10,9
39.666997,10,11
0.053333,10,12
0.026667,11,1
5.586643,11,2
15.921544,11,3
2.448264,11,4
1.266,11,5
1.924269,11,6
4.79392,11,7
7.802195,11,8
5.217525,11,9
3.958048,11,10
4.295485,11,12
0.026667,12,1
76.809765,12,2
55.192677,12,3
48.292309,12,4
18.134803,12,5
41.026523,12,6
16.361725,12,7
96.971027,12,8
111.273691,12,9
0.673867,12,10
27.019971,12,11
succeed
0.0,0.026667,0.088576,0.0,0.108195,0.0,0.038488,0.213993,0.0,0.1549,0.026667,0.245232
0.026667,0.0,2.908421,3.775331,0.414957,11.88224,3.843611,9.372515,4.250437,0.01776,5.939789,96.390579
0.04896,7.305661,0.0,3.953221,25.471325,17.800749,8.247459,22.518723,7.648379,0.257091,4.348195,16.354523
0.150496,7.10072,31.63472,0.0,21.807088,22.017621,21.658523,7.028901,9.816936,7.791931,14.841128,66.496408
2.752829,2.267933,9.637824,1.229533,0.0,1.041883,0.864232,2.024445,1.846699,0.0,0.712715,2.261504
0.026667,3.747208,32.56144,4.773832,0.213483,0.0,1.654419,11.292709,11.970469,0.116443,4.161024,27.288912
0.097432,2.230101,7.214792,6.890739,2.012403,14.739272,0.0,3.266781,2.812296,1.6678,2.533509,6.688072
0.097891,4.614288,68.850392,8.197963,4.504688,8.795325,4.065264,0.0,17.690464,20.100784,16.761987,50.988355
0.125195,35.825432,16.449429,22.568152,5.295664,7.074869,8.212867,56.218635,0.0,0.672795,9.189909,38.153635
0.0,0.08,0.0,5.696347,0.0,0.136216,0.0,29.844659,0.026667,0.0,39.666997,0.053333
0.026667,5.586643,15.921544,2.448264,1.266,1.924269,4.79392,7.802195,5.217525,3.958048,0.0,4.295485
0.026667,76.809765,55.192677,48.292309,18.134803,41.026523,16.361725,96.971027,111.273691,0.673867,27.019971,0.0
