1732.133051
0.053333,1,2
1.197187,1,3
0.704043,1,7
0.08,1,8
0.053333,1,9
0.069373,1,11
0.851323,1,12
0.378144,2,1
4.139147,2,3
4.239621,2,4
1.709011,2,5
10.585907,2,6
0.306952,2,7
14.501355,2,8
3.198827,2,9
0.206912,2,10
3.913349,2,11
16.992261,2,12
0.060099,3,1
5.376277,3,2
2.325957,3,4
2.665608,3,5
10.401669,3,6
1.929413,3,7
49.934712,3,8
10.193277,3,9
0.155467,3,10
5.218008,3,11
13.257336,3,12
0.170699,4,1
1.411264,4,2
45.224531,4,3
14.343808,4,5
26.20732,4,6
25.924843,4,7
18.114325,4,8
17.517581,4,9
1.836819,4,10
9.894248,4,11
33.000099,4,12
1.043091,5,1
17.675549,5,2
5.444197,5,3
1.909344,5,4
0.371152,5,6
0.709109,5,7
3.998816,5,8
4.08988,5,9
0.026667,5,10
4.402939,5,11
5.467576,5,12
9.874717,6,2
39.430525,6,3
8.633891,6,4
0.171323,6,5
1.065149,6,7
26.174867,6,8
21.021285,6,9
3.149605,6,10
9.764928,6,11
6.434392,6,12
2.455472,7,2
15.605499,7,3
10.445117,7,4
2.914659,7,5
9.084043,7,6
8.367771,7,8
1.831301,7,9
0.246173,7,10
5.671893,7,11
10.680008,7,12
0.168736,8,1
23.965744,8,2
89.088675,8,3
6.412949,8,4
4.694392,8,5
12.775085,8,6
6.613229,8,7
38.444744,8,9
10.812405,8,10
27.213293,8,11
13.940216,8,12
0.770643,9,1
16.539957,9,2
12.488752,9,3
23.461307,9,4
12.355907,9,5
16.363928,9,6
6.655136,9,7
67.30944,9,8
0.568653,9,10
15.967872,9,11
43.582355,9,12
0.026667,10,2
7.14108,10,4
0.026667,10,5
0.290304,10,6
25.934672,10,8
0.305888,10,9
19.670728,10,11
0.08,10,12
0.215683,11,1
5.933707,11,2
13.339995,11,3
5.154744,11,4
3.898339,11,5
4.882397,11,6
3.525584,11,7
14.922003,11,8
10.548645,11,9
1.183485,11,10
6.136496,11,12
0.171085,12,1
96.342619,12,2
74.475307,12,3
74.575392,12,4
31.12896,12,5
61.123728,12,6
29.060387,12,7
53.120237,12,8
100.380648,12,9
0.634789,12,10
41.205021,12,11
succeed
0.0,0.053333,1.197187,0.0,0.0,0.0,0.704043,0.08,0.053333,0.0,0.069373,0.851323
0.378144,0.0,4.139147,4.239621,1.709011,10.585907,0.306952,14.501355,3.198827,0.206912,3.913349,16.992261
0.060099,5.376277,0.0,2.325957,2.665608,10.401669,1.929413,49.934712,10.193277,0.155467,5.218008,13.257336
0.170699,1.411264,45.224531,0.0,14.343808,26.20732,25.924843,18.114325,17.517581,1.836819,9.894248,33.000099
1.043091,17.675549,5.444197,1.909344,0.0,0.371152,0.709109,3.998816,4.08988,0.026667,4.402939,5.467576
0.0,9.874717,39.430525,8.633891,0.171323,0.0,1.065149,26.174867,21.021285,3.149605,9.764928,6.434392
0.0,2.455472,15.605499,10.445117,2.914659,9.084043,0.0,8.367771,1.831301,0.246173,5.671893,10.680008
0.168736,23.965744,89.088675,6.412949,4.694392,12.775085,6.613229,0.0,38.444744,10.812405,27.213293,13.940216
0.770643,16.539957,12.488752,23.461307,12.355907,16.363928,6.655136,67.30944,0.0,0.568653,15.967872,43.582355
0.0,0.026667,0.0,7.14108,0.026667,0.290304,0.0,25.934672,0.305888,0.0,19.670728,0.08
0.215683,5.933707,13.339995,5.154744,3.898339,4.882397,3.525584,14.922003,10.548645,1.183485,0.0,6.136496
0.171085,96.342619,74.475307,74.575392,31.12896,61.123728,29.060387,53.120237,100.380648,0.634789,41.205021,0.0
