2367.772437
0.662315,1,2
0.026667,1,3
0.108792,1,5
0.106667,1,6
0.313435,1,8
0.08,1,9
10.847925,1,12
0.137613,2,1
7.100216,2,3
15.415677,2,4
14.739347,2,5
19.828216,2,6
2.713029,2,7
14.805921,2,8
5.262643,2,9
0.164628,2,10
4.784787,2,11
20.119395,2,12
0.371035,3,1
30.841456,3,2
12.427595,3,4
8.112621,3,5
57.088856,3,6
11.666512,3,7
56.961352,3,8
13.335211,3,9
2.995501,3,10
9.299677,3,11
17.738251,3,12
0.07888,4,1
5.872312,4,2
43.062533,4,3
26.898099,4,5
31.010627,4,6
24.862107,4,7
36.100619,4,8
11.902693,4,9
11.048669,4,10
23.825875,4,11
50.037475,4,12
0.361333,5,1
2.715648,5,2
9.731379,5,3
9.250925,5,4
4.116256,5,6
2.293485,5,7
13.816128,5,8
3.684221,5,9
0.026667,5,10
1.84196,5,11
3.836699,5,12
1.220251,6,1
7.388197,6,2
46.754845,6,3
11.076917,6,4
2.620992,6,5
3.569907,6,7
25.515269,6,8
13.967117,6,9
2.321216,6,10
11.997451,6,11
27.820371,6,12
0.041155,7,1
3.087336,7,2
12.833299,7,3
4.890165,7,4
5.121851,7,5
20.85864,7,6
5.902533,7,8
1.947051,7,9
2.987101,7,10
7.03584,7,11
9.826045,7,12
0.051797,8,1
18.8572,8,2
68.536779,8,3
9.162379,8,4
24.204333,8,5
29.233384,8,6
6.533101,8,7
31.055533,8,9
29.658443,8,10
32.284507,8,11
96.309363,8,12
0.411525,9,1
18.758501,9,2
24.471648,9,3
20.069613,9,4
7.945184,9,5
21.231675,9,6
4.595621,9,7
74.855419,9,8
4.208011,9,10
35.215197,9,11
68.750765,9,12
0.521184,10,2
0.055432,10,3
9.21076,10,4
0.053333,10,5
0.266059,10,6
30.897885,10,8
1.786315,10,9
38.825043,10,11
6.376475,11,2
14.07924,11,3
5.612427,11,4
1.994475,11,5
6.518064,11,6
2.055208,11,7
20.175952,11,8
8.227579,11,9
6.385253,11,10
8.804389,11,12
0.514275,12,1
81.085899,12,2
51.529421,12,3
67.804437,12,4
25.861976,12,5
47.909893,12,6
58.072283,12,7
119.868275,12,8
210.598576,12,9
4.551747,12,10
28.517125,12,11
succeed
0.0,0.662315,0.026667,0.0,0.108792,0.106667,0.0,0.313435,0.08,0.0,0.0,10.847925
0.137613,0.0,7.100216,15.415677,14.739347,19.828216,2.713029,14.805921,5.262643,0.164628,4.784787,20.119395
0.371035,30.841456,0.0,12.427595,8.112621,57.088856,11.666512,56.961352,13.335211,2.995501,9.299677,17.738251
0.07888,5.872312,43.062533,0.0,26.898099,31.010627,24.862107,36.100619,11.902693,11.048669,23.825875,50.037475
0.361333,2.715648,9.731379,9.250925,0.0,4.116256,2.293485,13.816128,3.684221,0.026667,1.84196,3.836699
1.220251,7.388197,46.754845,11.076917,2.620992,0.0,3.569907,25.515269,13.967117,2.321216,11.997451,27.820371
0.041155,3.087336,12.833299,4.890165,5.121851,20.85864,0.0,5.902533,1.947051,2.987101,7.03584,9.826045
0.051797,18.8572,68.536779,9.162379,24.204333,29.233384,6.533101,0.0,31.055533,29.658443,32.284507,96.309363
0.411525,18.758501,24.471648,20.069613,7.945184,21.231675,4.595621,74.855419,0.0,4.208011,35.215197,68.750765
0.0,0.521184,0.055432,9.21076,0.053333,0.266059,0.0,30.897885,1.786315,0.0,38.825043,0.0
0.0,6.376475,14.07924,5.612427,1.994475,6.518064,2.055208,20.175952,8.227579,6.385253,0.0,8.804389
0.514275,81.085899,51.529421,67.804437,25.861976,47.909893,58.072283,119.868275,210.598576,4.551747,28.517125,0.0
