2302.291894
0.026667,1,2
2.151139,1,3
0.206944,1,4
0.118989,1,5
0.08,1,6
0.12016,1,7
0.426984,1,8
0.292485,1,9
0.114112,1,10
0.026667,1,11
3.211552,1,12
0.504123,2,1
10.081469,2,3
4.267704,2,4
3.6282,2,5
16.642003,2,6
4.523819,2,7
10.958432,2,8
14.988288,2,9
0.4666,2,10
5.091557,2,11
25.599867,2,12
0.208589,3,1
9.676683,3,2
9.585197,3,4
8.347211,3,5
22.694747,3,6
4.292581,3,7
22.333771,3,8
5.618533,3,9
1.45036,3,10
3.648488,3,11
12.353045,3,12
7.967931,4,2
50.470411,4,3
19.703077,4,5
30.471123,4,6
23.421691,4,7
4.663723,4,8
24.865728,4,9
9.056736,4,10
14.854619,4,11
53.886371,4,12
2.708693,5,1
2.988037,5,2
28.535693,5,3
4.116944,5,4
6.67876,5,6
3.699181,5,7
95.783547,5,8
11.092168,5,9
1.733528,5,10
2.827907,5,11
4.489709,5,12
0.080557,6,1
9.596333,6,2
69.199427,6,3
12.824941,6,4
11.02448,6,5
8.061677,6,7
83.671968,6,8
24.822877,6,9
1.97036,6,10
11.018224,6,11
18.033325,6,12
0.157512,7,1
2.888579,7,2
23.510589,7,3
7.641469,7,4
5.311589,7,5
9.058635,7,6
7.336555,7,8
5.561237,7,9
1.178192,7,10
4.903723,7,11
9.457101,7,12
0.180472,8,1
26.309843,8,2
59.574805,8,3
13.240437,8,4
7.276331,8,5
17.301267,8,6
9.621152,8,7
41.496237,8,9
9.789968,8,10
18.690331,8,11
38.752883,8,12
0.894971,9,1
25.252483,9,2
47.947323,9,3
25.671515,9,4
14.315563,9,5
41.818691,9,6
33.597141,9,7
53.614432,9,8
3.993131,9,10
20.493211,9,11
67.356427,9,12
0.158733,10,2
2.154949,10,3
13.79336,10,4
0.457549,10,5
0.567424,10,6
0.293584,10,7
38.478587,10,8
2.196835,10,9
73.769101,10,11
0.482397,10,12
0.477597,11,1
6.347045,11,2
59.441704,11,3
4.11552,11,4
3.381819,11,5
15.974259,11,6
3.882693,11,7
26.985131,11,8
21.375181,11,9
7.307389,11,10
8.848653,11,12
1.772835,12,1
120.250712,12,2
81.883043,12,3
41.770776,12,4
6.211912,12,5
38.544608,12,6
19.122992,12,7
69.346992,12,8
99.954125,12,9
2.101229,12,10
18.592653,12,11
succeed
0.0,0.026667,2.151139,0.206944,0.118989,0.08,0.12016,0.426984,0.292485,0.114112,0.026667,3.211552
0.504123,0.0,10.081469,4.267704,3.6282,16.642003,4.523819,10.958432,14.988288,0.4666,5.091557,25.599867
0.208589,9.676683,0.0,9.585197,8.347211,22.694747,4.292581,22.333771,5.618533,1.45036,3.648488,12.353045
0.0,7.967931,50.470411,0.0,19.703077,30.471123,23.421691,4.663723,24.865728,9.056736,14.854619,53.886371
2.708693,2.988037,28.535693,4.116944,0.0,6.67876,3.699181,95.783547,11.092168,1.733528,2.827907,4.489709
0.080557,9.596333,69.199427,12.824941,11.02448,0.0,8.061677,83.671968,24.822877,1.97036,11.018224,18.033325
0.157512,2.888579,23.510589,7.641469,5.311589,9.058635,0.0,7.336555,5.561237,1.178192,4.903723,9.457101
0.180472,26.309843,59.574805,13.240437,7.276331,17.301267,9.621152,0.0,41.496237,9.789968,18.690331,38.752883
0.894971,25.252483,47.947323,25.671515,14.315563,41.818691,33.597141,53.614432,0.0,3.993131,20.493211,67.356427
0.0,0.158733,2.154949,13.79336,0.457549,0.567424,0.293584,38.478587,2.196835,0.0,73.769101,0.482397
0.477597,6.347045,59.441704,4.11552,3.381819,15.974259,3.882693,26.985131,21.375181,7.307389,0.0,8.848653
1.772835,120.250712,81.883043,41.770776,6.211912,38.544608,19.122992,69.346992,99.954125,2.101229,18.592653,0.0
