3455.28834
0.702701,1,2
0.920688,1,3
3.772512,1,5
0.133333,1,6
0.234213,1,7
2.196515,1,9
1.548533,1,12
31.133824,2,3
0.525227,2,4
46.471237,2,5
25.12088,2,6
8.153664,2,7
0.026667,2,8
25.341469,2,9
0.026667,2,10
0.892267,2,11
44.605024,2,12
39.011253,3,2
109.146003,3,4
41.063304,3,5
58.479933,3,6
29.043323,3,7
0.270165,3,8
72.213296,3,9
0.026667,3,10
5.284632,3,11
64.982947,3,12
9.868509,4,2
4.010837,4,3
31.809787,4,5
30.191464,4,6
22.913949,4,7
0.818744,4,9
105.544341,4,10
0.08,4,11
26.075755,4,12
44.068216,5,2
0.130301,5,3
0.755992,5,4
11.499024,5,9
0.026667,5,11
129.593635,5,12
12.975704,6,2
84.90884,6,3
58.22136,6,4
16.576616,6,5
17.129685,6,7
70.689789,6,9
0.445941,6,11
26.52292,6,12
5.357643,7,2
29.645744,7,3
21.958944,7,4
10.168813,7,5
16.478493,7,6
11.165256,7,9
0.08,7,11
16.711981,7,12
26.701003,8,2
4.971011,8,3
0.026667,8,4
15.870355,8,5
2.976323,8,9
285.372027,8,10
28.390976,8,11
113.147299,8,12
67.764256,9,2
106.042755,9,3
140.210165,9,4
74.288048,9,5
49.103141,9,6
33.704419,9,7
0.026667,9,8
4.937272,9,11
129.551163,9,12
0.466112,10,2
0.026667,10,3
1.986411,10,5
0.026667,10,7
3.190581,10,8
0.213675,10,9
48.924747,10,11
7.510552,10,12
13.240445,11,2
5.725667,11,3
0.136757,11,4
6.64168,11,5
1.266184,11,7
13.86644,11,8
1.309325,11,9
99.536021,11,10
10.709485,11,12
89.834443,12,2
166.305123,12,3
8.305224,12,4
254.369915,12,5
43.75412,12,6
23.057368,12,7
0.05948,12,8
138.576085,12,9
0.027336,12,10
5.386389,12,11
succeed
0.0,0.702701,0.920688,0.0,3.772512,0.133333,0.234213,0.0,2.196515,0.0,0.0,1.548533
0.0,0.0,31.133824,0.525227,46.471237,25.12088,8.153664,0.026667,25.341469,0.026667,0.892267,44.605024
0.0,39.011253,0.0,109.146003,41.063304,58.479933,29.043323,0.270165,72.213296,0.026667,5.284632,64.982947
0.0,9.868509,4.010837,0.0,31.809787,30.191464,22.913949,0.0,0.818744,105.544341,0.08,26.075755
0.0,44.068216,0.130301,0.755992,0.0,0.0,0.0,0.0,11.499024,0.0,0.026667,129.593635
0.0,12.975704,84.90884,58.22136,16.576616,0.0,17.129685,0.0,70.689789,0.0,0.445941,26.52292
0.0,5.357643,29.645744,21.958944,10.168813,16.478493,0.0,0.0,11.165256,0.0,0.08,16.711981
0.0,26.701003,4.971011,0.026667,15.870355,0.0,0.0,0.0,2.976323,285.372027,28.390976,113.147299
0.0,67.764256,106.042755,140.210165,74.288048,49.103141,33.704419,0.026667,0.0,0.0,4.937272,129.551163
0.0,0.466112,0.026667,0.0,1.986411,0.0,0.026667,3.190581,0.213675,0.0,48.924747,7.510552
0.0,13.240445,5.725667,0.136757,6.64168,0.0,1.266184,13.86644,1.309325,99.536021,0.0,10.709485
0.0,89.834443,166.305123,8.305224,254.369915,43.75412,23.057368,0.05948,138.576085,0.027336,5.386389,0.0
