2241.017751
0.156869,1,3
0.041152,1,5
0.060197,1,7
0.165829,1,8
0.156488,1,9
0.133867,1,11
0.200152,1,12
0.03608,2,1
6.800496,2,3
4.454024,2,4
0.791797,2,5
13.968224,2,6
3.594912,2,7
21.209845,2,8
3.16608,2,9
0.105221,2,10
3.632315,2,11
45.230512,2,12
0.390173,3,1
10.857693,3,2
11.996787,3,4
21.916976,3,5
27.023523,3,6
8.90644,3,7
50.333765,3,8
104.448093,3,9
4.037827,3,10
5.019333,3,11
42.408243,3,12
0.131949,4,1
2.52172,4,2
31.783824,4,3
25.903272,4,5
29.781219,4,6
13.630355,4,7
15.290789,4,8
44.957819,4,9
10.41756,4,10
16.381181,4,11
44.124699,4,12
0.096037,5,1
1.838808,5,2
5.941352,5,3
1.208941,5,4
1.232843,5,6
0.884053,5,7
9.861477,5,8
7.412552,5,9
3.250325,5,11
8.902403,5,12
0.026667,6,1
23.227013,6,2
33.728917,6,3
4.111445,6,4
1.237653,6,5
1.790301,6,7
27.173291,6,8
49.022973,6,9
1.16376,6,10
5.930579,6,11
16.047797,6,12
0.458048,7,1
4.544728,7,2
4.717755,7,3
4.461603,7,4
3.362299,7,5
11.697211,7,6
4.651061,7,8
7.080467,7,9
0.053333,7,10
0.89552,7,11
8.575429,7,12
1.192859,8,1
15.766168,8,2
82.445773,8,3
13.047163,8,4
10.879621,8,5
23.016227,8,6
4.372184,8,7
108.675957,8,9
12.68672,8,10
26.083048,8,11
90.385821,8,12
1.423661,9,1
20.989856,9,2
39.785685,9,3
19.334376,9,4
12.882685,9,5
38.578064,9,6
7.754491,9,7
72.792328,9,8
1.055112,9,10
19.028848,9,11
58.192445,9,12
11.03172,10,2
0.053333,10,3
7.106093,10,4
0.07952,10,5
0.25112,10,6
0.026667,10,7
30.189939,10,8
1.218381,10,9
34.06652,10,11
0.026667,10,12
0.327077,11,1
9.240421,11,2
5.414472,11,3
2.988616,11,4
3.358899,11,5
5.983869,11,6
2.138776,11,7
19.358843,11,8
16.169912,11,9
5.352981,11,10
8.414064,11,12
0.118555,12,1
65.198293,12,2
72.1414,12,3
54.599747,12,4
26.422709,12,5
39.598421,12,6
15.948293,12,7
106.919632,12,8
104.775352,12,9
5.804469,12,10
25.569957,12,11
succeed
0.0,0.0,0.156869,0.0,0.041152,0.0,0.060197,0.165829,0.156488,0.0,0.133867,0.200152
0.03608,0.0,6.800496,4.454024,0.791797,13.968224,3.594912,21.209845,3.16608,0.105221,3.632315,45.230512
0.390173,10.857693,0.0,11.996787,21.916976,27.023523,8.90644,50.333765,104.448093,4.037827,5.019333,42.408243
0.131949,2.52172,31.783824,0.0,25.903272,29.781219,13.630355,15.290789,44.957819,10.41756,16.381181,44.124699
0.096037,1.838808,5.941352,1.208941,0.0,1.232843,0.884053,9.861477,7.412552,0.0,3.250325,8.902403
0.026667,23.227013,33.728917,4.111445,1.237653,0.0,1.790301,27.173291,49.022973,1.16376,5.930579,16.047797
0.458048,4.544728,4.717755,4.461603,3.362299,11.697211,0.0,4.651061,7.080467,0.053333,0.89552,8.575429
1.192859,15.766168,82.445773,13.047163,10.879621,23.016227,4.372184,0.0,108.675957,12.68672,26.083048,90.385821
1.423661,20.989856,39.785685,19.334376,12.882685,38.578064,7.754491,72.792328,0.0,1.055112,19.028848,58.192445
0.0,11.03172,0.053333,7.106093,0.07952,0.25112,0.026667,30.189939,1.218381,0.0,34.06652,0.026667
0.327077,9.240421,5.414472,2.988616,3.358899,5.983869,2.138776,19.358843,16.169912,5.352981,0.0,8.414064
0.118555,65.198293,72.1414,54.599747,26.422709,39.598421,15.948293,106.919632,104.775352,5.804469,25.569957,0.0
