2060.9691430000003
0.472453,1,3
0.098845,1,5
0.216051,1,8
0.026667,1,9
0.087195,1,11
0.522336,1,12
0.037195,2,1
5.947309,2,3
18.7324,2,4
0.378651,2,5
13.978555,2,6
0.186981,2,7
11.484176,2,8
16.600784,2,9
0.03984,2,10
4.591885,2,11
45.710947,2,12
0.530059,3,1
9.819352,3,2
10.304901,3,4
8.148461,3,5
26.438685,3,6
5.991504,3,7
48.683493,3,8
7.325541,3,9
0.211171,3,10
10.271256,3,11
17.405859,3,12
0.06768,4,1
1.415168,4,2
77.761669,4,3
16.205939,4,5
20.57968,4,6
8.538765,4,7
5.076003,4,8
39.550437,4,9
6.167877,4,10
7.195248,4,11
32.326373,4,12
3.562464,5,1
18.058456,5,2
23.998941,5,3
1.113528,5,4
1.083867,5,6
2.064637,5,7
9.732603,5,8
3.861485,5,9
0.109653,5,10
1.731589,5,11
8.047661,5,12
7.364472,6,2
77.494149,6,3
3.639872,6,4
0.945984,6,5
2.045885,6,7
34.483499,6,8
16.151323,6,9
0.366613,6,10
6.788053,6,11
12.898787,6,12
1.5938,7,2
22.386995,7,3
8.665749,7,4
13.361648,7,5
5.866707,7,6
6.016264,7,8
3.962533,7,9
1.986952,7,10
2.547768,7,11
7.022504,7,12
0.408315,8,1
8.035627,8,2
102.430803,8,3
4.385608,8,4
7.376413,8,5
18.463216,8,6
5.348832,8,7
68.473656,8,9
6.726955,8,10
33.633709,8,11
78.509115,8,12
1.1474,9,1
7.806187,9,2
39.126445,9,3
36.005509,9,4
13.693008,9,5
29.908765,9,6
9.728424,9,7
87.688011,9,8
1.759307,9,10
25.764232,9,11
45.394848,9,12
0.026667,10,2
0.800491,10,3
0.256995,10,4
0.048267,10,5
0.131339,10,6
0.028891,10,7
32.26624,10,8
0.149461,10,9
30.104925,10,11
0.026667,10,12
0.026667,11,1
7.351725,11,2
25.647104,11,3
3.119523,11,4
1.48708,11,5
3.313944,11,6
2.007064,11,7
29.478296,11,8
11.034584,11,9
3.059741,11,10
4.055427,11,12
74.782864,12,2
82.18796,12,3
47.709216,12,4
23.509579,12,5
30.757771,12,6
7.470709,12,7
93.269259,12,8
97.675379,12,9
0.5028,12,10
28.786291,12,11
succeed
0.0,0.0,0.472453,0.0,0.098845,0.0,0.0,0.216051,0.026667,0.0,0.087195,0.522336
0.037195,0.0,5.947309,18.7324,0.378651,13.978555,0.186981,11.484176,16.600784,0.03984,4.591885,45.710947
0.530059,9.819352,0.0,10.304901,8.148461,26.438685,5.991504,48.683493,7.325541,0.211171,10.271256,17.405859
0.06768,1.415168,77.761669,0.0,16.205939,20.57968,8.538765,5.076003,39.550437,6.167877,7.195248,32.326373
3.562464,18.058456,23.998941,1.113528,0.0,1.083867,2.064637,9.732603,3.861485,0.109653,1.731589,8.047661
0.0,7.364472,77.494149,3.639872,0.945984,0.0,2.045885,34.483499,16.151323,0.366613,6.788053,12.898787
0.0,1.5938,22.386995,8.665749,13.361648,5.866707,0.0,6.016264,3.962533,1.986952,2.547768,7.022504
0.408315,8.035627,102.430803,4.385608,7.376413,18.463216,5.348832,0.0,68.473656,6.726955,33.633709,78.509115
1.1474,7.806187,39.126445,36.005509,13.693008,29.908765,9.728424,87.688011,0.0,1.759307,25.764232,45.394848
0.0,0.026667,0.800491,0.256995,0.048267,0.131339,0.028891,32.26624,0.149461,0.0,30.104925,0.026667
0.026667,7.351725,25.647104,3.119523,1.48708,3.313944,2.007064,29.478296,11.034584,3.059741,0.0,4.055427
0.0,74.782864,82.18796,47.709216,23.509579,30.757771,7.470709,93.269259,97.675379,0.5028,28.786291,0.0
