2112.726743
0.542688,1,2
0.525901,1,3
0.053333,1,4
0.060837,1,5
0.026667,1,7
0.126421,1,8
0.085867,1,9
0.077597,1,11
0.207307,1,12
0.026667,2,1
6.025213,2,3
2.664976,2,4
15.946613,2,5
13.165272,2,6
2.310291,2,7
17.931185,2,8
9.601704,2,9
0.019855,2,10
4.742683,2,11
26.582459,2,12
0.104992,3,1
4.398347,3,2
27.030272,3,4
5.411283,3,5
32.801453,3,6
4.698536,3,7
63.378744,3,8
7.847192,3,9
0.174568,3,10
11.409189,3,11
21.133915,3,12
0.09088,4,1
4.604157,4,2
35.307277,4,3
13.856459,4,5
37.405464,4,6
14.175523,4,7
17.825211,4,8
30.571832,4,9
6.503872,4,10
20.534413,4,11
29.588197,4,12
3.863464,5,1
5.458917,5,2
8.121885,5,3
2.073224,5,4
0.769189,5,6
0.964443,5,7
4.324304,5,8
1.572307,5,9
1.751464,5,11
4.469773,5,12
0.142205,6,1
13.027557,6,2
50.018888,6,3
9.375832,6,4
1.930165,6,5
2.341051,6,7
35.622288,6,8
18.069624,6,9
0.976461,6,10
13.307461,6,11
15.087763,6,12
0.981381,7,1
1.908077,7,2
18.694061,7,3
5.046709,7,4
5.36284,7,5
10.496488,7,6
9.601931,7,8
2.790333,7,9
2.316384,7,10
5.950243,7,11
11.311053,7,12
0.059157,8,1
7.942779,8,2
89.986312,8,3
38.987797,8,4
14.680197,8,5
19.332635,8,6
2.258491,8,7
41.713611,8,9
22.457443,8,10
52.120427,8,11
22.465501,8,12
1.084917,9,1
22.751581,9,2
62.594272,9,3
31.360144,9,4
9.654829,9,5
6.935941,9,6
14.705101,9,7
63.584728,9,8
1.353267,9,10
27.780637,9,11
41.943141,9,12
0.026667,10,2
0.224539,10,3
12.689829,10,4
0.288152,10,5
0.298472,10,6
48.159984,10,8
0.248277,10,9
21.809827,10,11
0.214165,10,12
0.110947,11,1
6.965403,11,2
20.168259,11,3
7.130835,11,4
6.323491,11,5
5.428211,11,6
2.918197,11,7
25.861387,11,8
11.840704,11,9
2.309229,11,10
10.158872,11,12
0.274219,12,1
124.883581,12,2
83.142797,12,3
70.220976,12,4
20.837216,12,5
18.945227,12,6
11.697179,12,7
68.856269,12,8
135.271133,12,9
0.755325,12,10
41.611389,12,11
succeed
0.0,0.542688,0.525901,0.053333,0.060837,0.0,0.026667,0.126421,0.085867,0.0,0.077597,0.207307
0.026667,0.0,6.025213,2.664976,15.946613,13.165272,2.310291,17.931185,9.601704,0.019855,4.742683,26.582459
0.104992,4.398347,0.0,27.030272,5.411283,32.801453,4.698536,63.378744,7.847192,0.174568,11.409189,21.133915
0.09088,4.604157,35.307277,0.0,13.856459,37.405464,14.175523,17.825211,30.571832,6.503872,20.534413,29.588197
3.863464,5.458917,8.121885,2.073224,0.0,0.769189,0.964443,4.324304,1.572307,0.0,1.751464,4.469773
0.142205,13.027557,50.018888,9.375832,1.930165,0.0,2.341051,35.622288,18.069624,0.976461,13.307461,15.087763
0.981381,1.908077,18.694061,5.046709,5.36284,10.496488,0.0,9.601931,2.790333,2.316384,5.950243,11.311053
0.059157,7.942779,89.986312,38.987797,14.680197,19.332635,2.258491,0.0,41.713611,22.457443,52.120427,22.465501
1.084917,22.751581,62.594272,31.360144,9.654829,6.935941,14.705101,63.584728,0.0,1.353267,27.780637,41.943141
0.0,0.026667,0.224539,12.689829,0.288152,0.298472,0.0,48.159984,0.248277,0.0,21.809827,0.214165
0.110947,6.965403,20.168259,7.130835,6.323491,5.428211,2.918197,25.861387,11.840704,2.309229,0.0,10.158872
0.274219,124.883581,83.142797,70.220976,20.837216,18.945227,11.697179,68.856269,135.271133,0.755325,41.611389,0.0
