3101.3663930000002
0.104344,1,2
1.930419,1,3
0.026667,1,4
1.405936,1,5
1.316691,1,6
0.203008,1,7
0.511077,1,9
0.254765,1,12
18.719091,2,3
0.080997,2,4
41.241293,2,5
16.221192,2,6
2.704152,2,7
0.026667,2,8
10.44044,2,9
0.026667,2,10
0.659011,2,11
49.65424,2,12
17.80904,3,2
21.339005,3,4
114.430736,3,5
67.294845,3,6
16.468307,3,7
0.08,3,8
53.016997,3,9
0.243608,3,10
2.727549,3,11
31.40856,3,12
6.285035,4,2
45.128389,4,3
39.233669,4,5
61.010181,4,6
20.295915,4,7
0.026667,4,8
15.03344,4,9
6.822411,4,10
0.276784,4,11
40.67616,4,12
36.122456,5,2
0.186667,5,3
0.053333,5,6
0.10496,5,7
0.08,5,8
10.699901,5,9
0.053333,5,10
0.125408,5,11
111.089611,5,12
12.702099,6,2
116.476152,6,3
9.692237,6,4
81.252837,6,5
19.391261,6,7
0.114019,6,8
75.554269,6,9
0.077699,6,10
1.958552,6,11
31.698605,6,12
2.598917,7,2
22.877235,7,3
6.532568,7,4
12.251021,7,5
9.16136,7,6
0.026667,7,8
7.590253,7,9
0.357437,7,11
26.417731,7,12
43.294317,8,2
8.719445,8,3
23.189624,8,4
129.598744,8,5
1.012645,8,6
0.3856,8,7
74.629923,8,9
11.801749,8,10
26.348813,8,11
97.549533,8,12
29.510192,9,2
64.284461,9,3
35.186035,9,4
127.370352,9,5
73.444805,9,6
26.800475,9,7
0.782925,9,8
7.077459,9,11
96.536565,9,12
1.056928,10,2
0.18224,10,3
4.619771,10,4
10.207264,10,5
0.260283,10,7
42.148408,10,8
6.269016,10,9
49.614453,10,11
0.546101,10,12
9.886805,11,2
3.568725,11,3
3.266221,11,4
35.041003,11,5
0.671269,11,6
5.319107,11,7
24.054552,11,8
17.215728,11,9
2.447368,11,10
11.251896,11,12
152.786544,12,2
63.062952,12,3
8.614704,12,4
214.999053,12,5
41.372549,12,6
25.620957,12,7
0.229299,12,8
178.170392,12,9
0.152968,12,10
10.825632,12,11
succeed
0.0,0.104344,1.930419,0.026667,1.405936,1.316691,0.203008,0.0,0.511077,0.0,0.0,0.254765
0.0,0.0,18.719091,0.080997,41.241293,16.221192,2.704152,0.026667,10.44044,0.026667,0.659011,49.65424
0.0,17.80904,0.0,21.339005,114.430736,67.294845,16.468307,0.08,53.016997,0.243608,2.727549,31.40856
0.0,6.285035,45.128389,0.0,39.233669,61.010181,20.295915,0.026667,15.03344,6.822411,0.276784,40.67616
0.0,36.122456,0.186667,0.0,0.0,0.053333,0.10496,0.08,10.699901,0.053333,0.125408,111.089611
0.0,12.702099,116.476152,9.692237,81.252837,0.0,19.391261,0.114019,75.554269,0.077699,1.958552,31.698605
0.0,2.598917,22.877235,6.532568,12.251021,9.16136,0.0,0.026667,7.590253,0.0,0.357437,26.417731
0.0,43.294317,8.719445,23.189624,129.598744,1.012645,0.3856,0.0,74.629923,11.801749,26.348813,97.549533
0.0,29.510192,64.284461,35.186035,127.370352,73.444805,26.800475,0.782925,0.0,0.0,7.077459,96.536565
0.0,1.056928,0.18224,4.619771,10.207264,0.0,0.260283,42.148408,6.269016,0.0,49.614453,0.546101
0.0,9.886805,3.568725,3.266221,35.041003,0.671269,5.319107,24.054552,17.215728,2.447368,0.0,11.251896
0.0,152.786544,63.062952,8.614704,214.999053,41.372549,25.620957,0.229299,178.170392,0.152968,10.825632,0.0
