2395.797242
0.145365,1,2
1.365651,1,3
0.21432,1,5
0.080432,1,6
0.077213,1,7
0.169304,1,8
0.16,1,9
0.026667,1,11
0.181696,1,12
0.362245,2,1
6.305304,2,3
4.389765,2,4
17.185824,2,5
19.310048,2,6
5.951533,2,7
16.549448,2,8
5.688,2,9
0.370915,2,10
6.03224,2,11
31.241579,2,12
1.167064,3,1
9.070757,3,2
24.362072,3,4
10.615432,3,5
25.602981,3,6
6.869112,3,7
65.914179,3,8
12.650315,3,9
2.452248,3,10
9.477536,3,11
45.300195,3,12
0.086091,4,1
9.663389,4,2
45.498651,4,3
20.258277,4,5
34.501784,4,6
21.169997,4,7
21.51192,4,8
23.309232,4,9
16.027984,4,10
20.5294,4,11
41.995557,4,12
0.267515,5,1
17.306971,5,2
9.144344,5,3
1.394595,5,4
1.15964,5,6
2.271309,5,7
13.924939,5,8
6.565797,5,9
2.469803,5,11
5.051125,5,12
1.304768,6,1
14.472312,6,2
58.499331,6,3
12.701475,6,4
3.955075,6,5
11.542653,6,7
37.412165,6,8
19.950363,6,9
0.416389,6,10
10.61888,6,11
18.262237,6,12
0.085333,7,1
1.745448,7,2
18.606677,7,3
10.988088,7,4
12.390677,7,5
15.572333,7,6
18.903763,7,8
7.104861,7,9
2.639784,7,10
3.351691,7,11
11.229072,7,12
0.175611,8,1
128.545483,8,2
68.052576,8,3
18.86192,8,4
54.861696,8,5
25.350461,8,6
7.57992,8,7
33.275755,8,9
13.95132,8,10
33.705059,8,11
57.2112,8,12
0.79292,9,1
22.968384,9,2
62.879453,9,3
21.292144,9,4
9.938349,9,5
20.374107,9,6
14.761224,9,7
74.958715,9,8
5.303411,9,10
25.334541,9,11
72.647035,9,12
0.496037,10,2
0.179795,10,3
5.437648,10,4
0.054315,10,5
0.278715,10,6
0.053333,10,7
43.456112,10,8
2.237992,10,9
28.451024,10,11
0.132472,10,12
0.117677,11,1
7.530771,11,2
10.136629,11,3
3.114427,11,4
2.443885,11,5
10.820091,11,6
3.293752,11,7
28.171165,11,8
5.971821,11,9
5.39452,11,10
6.777843,11,12
2.291987,12,1
93.769501,12,2
72.282987,12,3
45.621005,12,4
15.731691,12,5
39.419627,12,6
16.890645,12,7
62.645613,12,8
126.953693,12,9
4.772701,12,10
42.895349,12,11
succeed
0.0,0.145365,1.365651,0.0,0.21432,0.080432,0.077213,0.169304,0.16,0.0,0.026667,0.181696
0.362245,0.0,6.305304,4.389765,17.185824,19.310048,5.951533,16.549448,5.688,0.370915,6.03224,31.241579
1.167064,9.070757,0.0,24.362072,10.615432,25.602981,6.869112,65.914179,12.650315,2.452248,9.477536,45.300195
0.086091,9.663389,45.498651,0.0,20.258277,34.501784,21.169997,21.51192,23.309232,16.027984,20.5294,41.995557
0.267515,17.306971,9.144344,1.394595,0.0,1.15964,2.271309,13.924939,6.565797,0.0,2.469803,5.051125
1.304768,14.472312,58.499331,12.701475,3.955075,0.0,11.542653,37.412165,19.950363,0.416389,10.61888,18.262237
0.085333,1.745448,18.606677,10.988088,12.390677,15.572333,0.0,18.903763,7.104861,2.639784,3.351691,11.229072
0.175611,128.545483,68.052576,18.86192,54.861696,25.350461,7.57992,0.0,33.275755,13.95132,33.705059,57.2112
0.79292,22.968384,62.879453,21.292144,9.938349,20.374107,14.761224,74.958715,0.0,5.303411,25.334541,72.647035
0.0,0.496037,0.179795,5.437648,0.054315,0.278715,0.053333,43.456112,2.237992,0.0,28.451024,0.132472
0.117677,7.530771,10.136629,3.114427,2.443885,10.820091,3.293752,28.171165,5.971821,5.39452,0.0,6.777843
2.291987,93.769501,72.282987,45.621005,15.731691,39.419627,16.890645,62.645613,126.953693,4.772701,42.895349,0.0
