8156.933185
0.142336,1,2
0.969763,1,3
1.624779,1,5
0.452613,1,6
0.206672,1,7
1.223405,1,9
0.033792,1,11
1.347728,1,12
26.875672,2,3
0.027573,2,4
44.850845,2,5
20.528771,2,6
4.445429,2,7
0.053333,2,8
19.13668,2,9
0.026667,2,10
0.325893,2,11
61.650803,2,12
31.362869,3,2
27.088149,3,4
5047.169867,3,5
49.843787,3,6
16.617872,3,7
0.136656,3,8
30.139576,3,9
0.6694,3,11
32.318125,3,12
6.845437,4,2
65.641307,4,3
51.328749,4,5
44.535053,4,6
19.529672,4,7
0.029664,4,8
14.362208,4,9
10.893989,4,10
0.390379,4,11
39.554869,4,12
22.398605,5,2
2.56528,5,3
0.026667,5,6
5.023939,5,9
0.026667,5,10
0.053333,5,11
95.112621,5,12
14.142781,6,2
123.269072,6,3
11.450824,6,4
91.415213,6,5
16.379429,6,7
0.028123,6,8
45.482171,6,9
0.512531,6,11
36.422627,6,12
4.656496,7,2
29.951899,7,3
11.888392,7,4
14.993891,7,5
12.425088,7,6
0.079512,7,8
7.61792,7,9
0.026667,7,10
0.173683,7,11
12.878459,7,12
14.669992,8,2
18.003728,8,3
12.753339,8,4
192.499771,8,5
0.80288,8,6
0.053333,8,7
75.165528,8,9
11.332592,8,10
22.691075,8,11
84.356688,8,12
35.992845,9,2
111.193747,9,3
42.403261,9,4
138.663344,9,5
50.334875,9,6
21.986112,9,7
0.2138,9,8
0.207093,9,10
3.429264,9,11
75.232696,9,12
0.689939,10,2
0.13744,10,3
0.863875,10,4
5.134603,10,5
0.082021,10,6
0.340827,10,7
40.689659,10,8
13.081245,10,9
57.675541,10,11
0.261621,10,12
9.065693,11,2
5.461517,11,3
10.719515,11,4
50.21452,11,5
0.026667,11,6
4.161395,11,7
26.621915,11,8
19.775853,11,9
6.929072,11,10
13.291784,11,12
122.319909,12,2
134.099731,12,3
6.456016,12,4
247.051811,12,5
39.535211,12,6
32.365672,12,7
0.156387,12,8
159.587349,12,9
0.164845,12,10
6.603317,12,11
succeed
0.0,0.142336,0.969763,0.0,1.624779,0.452613,0.206672,0.0,1.223405,0.0,0.033792,1.347728
0.0,0.0,26.875672,0.027573,44.850845,20.528771,4.445429,0.053333,19.13668,0.026667,0.325893,61.650803
0.0,31.362869,0.0,27.088149,5047.169867,49.843787,16.617872,0.136656,30.139576,0.0,0.6694,32.318125
0.0,6.845437,65.641307,0.0,51.328749,44.535053,19.529672,0.029664,14.362208,10.893989,0.390379,39.554869
0.0,22.398605,2.56528,0.0,0.0,0.026667,0.0,0.0,5.023939,0.026667,0.053333,95.112621
0.0,14.142781,123.269072,11.450824,91.415213,0.0,16.379429,0.028123,45.482171,0.0,0.512531,36.422627
0.0,4.656496,29.951899,11.888392,14.993891,12.425088,0.0,0.079512,7.61792,0.026667,0.173683,12.878459
0.0,14.669992,18.003728,12.753339,192.499771,0.80288,0.053333,0.0,75.165528,11.332592,22.691075,84.356688
0.0,35.992845,111.193747,42.403261,138.663344,50.334875,21.986112,0.2138,0.0,0.207093,3.429264,75.232696
0.0,0.689939,0.13744,0.863875,5.134603,0.082021,0.340827,40.689659,13.081245,0.0,57.675541,0.261621
0.0,9.065693,5.461517,10.719515,50.21452,0.026667,4.161395,26.621915,19.775853,6.929072,0.0,13.291784
0.0,122.319909,134.099731,6.456016,247.051811,39.535211,32.365672,0.156387,159.587349,0.164845,6.603317,0.0
