1941.6042459999999
0.053333,1,2
0.08,1,3
0.057875,1,5
0.137781,1,7
0.122072,1,8
0.026667,1,9
0.704112,1,12
0.114757,2,1
2.829152,2,3
12.932352,2,4
1.163515,2,5
8.590155,2,6
0.693091,2,7
11.733769,2,8
8.339301,2,9
0.031428,2,10
3.687784,2,11
62.819469,2,12
1.000115,3,1
3.230997,3,2
4.315349,3,4
5.404835,3,5
22.891995,3,6
6.725856,3,7
34.099152,3,8
30.886243,3,9
0.465277,3,10
3.565056,3,11
12.042973,3,12
0.051733,4,1
0.632037,4,2
58.868523,4,3
12.808941,4,5
24.196659,4,6
16.862517,4,7
10.075443,4,8
17.693051,4,9
10.831811,4,10
4.136552,4,11
35.752024,4,12
2.59692,5,1
23.217611,5,2
13.284245,5,3
0.532189,5,4
0.699192,5,6
1.025965,5,7
36.900259,5,8
6.752539,5,9
0.038731,5,10
1.118317,5,11
13.610229,5,12
1.258317,6,2
44.407541,6,3
6.248685,6,4
22.239461,6,5
1.32524,6,7
8.135061,6,8
22.057912,6,9
0.727979,6,10
24.160101,6,11
14.914965,6,12
0.974067,7,2
13.776123,7,3
11.413267,7,4
0.340139,7,5
11.441848,7,6
3.463923,7,8
1.985397,7,9
2.574755,7,10
1.871384,7,11
5.534304,7,12
0.082048,8,1
19.428979,8,2
94.972427,8,3
18.329029,8,4
2.126312,8,5
12.871045,8,6
8.867667,8,7
29.921048,8,9
21.473048,8,10
19.563133,8,11
16.351507,8,12
0.546093,9,1
9.964808,9,2
37.882827,9,3
29.5558,9,4
6.072669,9,5
18.705984,9,6
2.840117,9,7
57.718397,9,8
2.10256,9,10
24.884227,9,11
54.724533,9,12
0.106667,10,2
0.026667,10,3
4.162331,10,4
0.030699,10,5
1.513968,10,6
0.026667,10,7
34.726699,10,8
0.287595,10,9
37.081379,10,11
0.026667,10,12
0.256995,11,1
6.759616,11,2
60.746749,11,3
2.860779,11,4
0.379125,11,5
4.338976,11,6
2.362405,11,7
12.044501,11,8
9.639691,11,9
3.215397,11,10
7.769024,11,12
0.218792,12,1
81.872749,12,2
68.123267,12,3
55.135413,12,4
30.325179,12,5
56.979808,12,6
21.080701,12,7
35.695917,12,8
129.302013,12,9
6.665883,12,10
49.577251,12,11
succeed
0.0,0.053333,0.08,0.0,0.057875,0.0,0.137781,0.122072,0.026667,0.0,0.0,0.704112
0.114757,0.0,2.829152,12.932352,1.163515,8.590155,0.693091,11.733769,8.339301,0.031428,3.687784,62.819469
1.000115,3.230997,0.0,4.315349,5.404835,22.891995,6.725856,34.099152,30.886243,0.465277,3.565056,12.042973
0.051733,0.632037,58.868523,0.0,12.808941,24.196659,16.862517,10.075443,17.693051,10.831811,4.136552,35.752024
2.59692,23.217611,13.284245,0.532189,0.0,0.699192,1.025965,36.900259,6.752539,0.038731,1.118317,13.610229
0.0,1.258317,44.407541,6.248685,22.239461,0.0,1.32524,8.135061,22.057912,0.727979,24.160101,14.914965
0.0,0.974067,13.776123,11.413267,0.340139,11.441848,0.0,3.463923,1.985397,2.574755,1.871384,5.534304
0.082048,19.428979,94.972427,18.329029,2.126312,12.871045,8.867667,0.0,29.921048,21.473048,19.563133,16.351507
0.546093,9.964808,37.882827,29.5558,6.072669,18.705984,2.840117,57.718397,0.0,2.10256,24.884227,54.724533
0.0,0.106667,0.026667,4.162331,0.030699,1.513968,0.026667,34.726699,0.287595,0.0,37.081379,0.026667
0.256995,6.759616,60.746749,2.860779,0.379125,4.338976,2.362405,12.044501,9.639691,3.215397,0.0,7.769024
0.218792,81.872749,68.123267,55.135413,30.325179,56.979808,21.080701,35.695917,129.302013,6.665883,49.577251,0.0
