3617.5947850000002
0.102635,1,2
0.268421,1,3
0.255424,1,4
0.135688,1,5
0.033528,1,6
0.182651,1,7
1.249936,1,8
0.258549,1,9
0.148904,1,11
2.2184,1,12
1.565691,2,1
24.807133,2,3
12.012483,2,4
9.707904,2,5
32.1948,2,6
13.613205,2,7
22.769133,2,8
18.907133,2,9
1.695941,2,10
5.602725,2,11
78.392339,2,12
0.892531,3,1
47.492139,3,2
34.500531,3,4
9.082368,3,5
53.091464,3,6
15.539219,3,7
68.780816,3,8
10.118917,3,9
7.972075,3,10
8.592541,3,11
54.419565,3,12
0.118685,4,1
18.204717,4,2
59.612877,4,3
12.859197,4,5
28.83212,4,6
20.853483,4,7
31.165128,4,8
35.787592,4,9
14.445152,4,10
9.948971,4,11
59.538408,4,12
0.08,5,1
12.776616,5,2
13.09912,5,3
1.34692,5,4
4.387872,5,6
8.876813,5,7
8.689333,5,8
5.279016,5,9
0.889664,5,10
3.406987,5,11
4.335997,5,12
0.091573,6,1
27.055587,6,2
92.012637,6,3
17.79024,6,4
12.334363,6,5
8.494309,6,7
34.268336,6,8
47.842019,6,9
3.3624,6,10
8.968565,6,11
59.934352,6,12
0.474595,7,1
5.207099,7,2
41.97612,7,3
12.566933,7,4
7.323784,7,5
14.20388,7,6
11.324581,7,8
9.949419,7,9
1.682992,7,10
5.740189,7,11
19.277904,7,12
4.703717,8,1
37.927523,8,2
164.575909,8,3
23.799013,8,4
27.731811,8,5
49.643136,8,6
20.78284,8,7
113.92668,8,9
23.190667,8,10
45.093061,8,11
135.400077,8,12
0.609677,9,1
47.986405,9,2
65.881792,9,3
48.062405,9,4
18.491565,9,5
88.483371,9,6
17.973733,9,7
81.288752,9,8
5.966883,9,10
34.538144,9,11
139.631181,9,12
0.578133,10,2
1.356331,10,3
31.805043,10,4
2.271328,10,5
11.9316,10,6
0.324192,10,7
48.132795,10,8
2.698389,10,9
33.891384,10,11
0.512149,10,12
0.414336,11,1
14.646875,11,2
35.837557,11,3
6.413659,11,4
10.156803,11,5
14.448013,11,6
5.155763,11,7
27.938179,11,8
27.211843,11,9
10.908152,11,10
25.112781,11,12
3.971659,12,1
109.218973,12,2
79.582624,12,3
66.701768,12,4
18.56384,12,5
93.793909,12,6
28.554469,12,7
175.421067,12,8
157.219661,12,9
7.474445,12,10
36.637389,12,11
succeed
0.0,0.102635,0.268421,0.255424,0.135688,0.033528,0.182651,1.249936,0.258549,0.0,0.148904,2.2184
1.565691,0.0,24.807133,12.012483,9.707904,32.1948,13.613205,22.769133,18.907133,1.695941,5.602725,78.392339
0.892531,47.492139,0.0,34.500531,9.082368,53.091464,15.539219,68.780816,10.118917,7.972075,8.592541,54.419565
0.118685,18.204717,59.612877,0.0,12.859197,28.83212,20.853483,31.165128,35.787592,14.445152,9.948971,59.538408
0.08,12.776616,13.09912,1.34692,0.0,4.387872,8.876813,8.689333,5.279016,0.889664,3.406987,4.335997
0.091573,27.055587,92.012637,17.79024,12.334363,0.0,8.494309,34.268336,47.842019,3.3624,8.968565,59.934352
0.474595,5.207099,41.97612,12.566933,7.323784,14.20388,0.0,11.324581,9.949419,1.682992,5.740189,19.277904
4.703717,37.927523,164.575909,23.799013,27.731811,49.643136,20.78284,0.0,113.92668,23.190667,45.093061,135.400077
0.609677,47.986405,65.881792,48.062405,18.491565,88.483371,17.973733,81.288752,0.0,5.966883,34.538144,139.631181
0.0,0.578133,1.356331,31.805043,2.271328,11.9316,0.324192,48.132795,2.698389,0.0,33.891384,0.512149
0.414336,14.646875,35.837557,6.413659,10.156803,14.448013,5.155763,27.938179,27.211843,10.908152,0.0,25.112781
3.971659,109.218973,79.582624,66.701768,18.56384,93.793909,28.554469,175.421067,157.219661,7.474445,36.637389,0.0
