2585.004655
0.176,1,2
0.245587,1,3
0.026667,1,4
0.107709,1,5
0.030776,1,7
0.133333,1,8
0.098171,1,9
0.026667,1,10
0.21584,1,11
0.622376,1,12
0.099459,2,1
10.602987,2,3
4.026968,2,4
34.955357,2,5
16.766344,2,6
1.387931,2,7
25.085781,2,8
3.406195,2,9
0.064965,2,10
5.014936,2,11
17.866336,2,12
0.281563,3,1
16.470821,3,2
16.450837,3,4
9.881083,3,5
41.130445,3,6
11.456888,3,7
86.343397,3,8
62.522192,3,9
3.442387,3,10
9.945,3,11
19.018419,3,12
0.06688,4,1
2.046304,4,2
54.591171,4,3
26.870419,4,5
28.642285,4,6
20.295368,4,7
18.301197,4,8
13.495643,4,9
13.009523,4,10
18.8652,4,11
46.334197,4,12
2.791293,5,1
4.576203,5,2
15.181568,5,3
1.507944,5,4
3.280309,5,6
1.481267,5,7
49.859957,5,8
10.025317,5,9
3.913347,5,11
6.254747,5,12
26.591184,6,2
62.878443,6,3
5.013659,6,4
1.594485,6,5
3.436693,6,7
34.599861,6,8
41.681877,6,9
1.858768,6,10
9.999973,6,11
15.920539,6,12
0.026667,7,1
1.48528,7,2
17.424704,7,3
5.827699,7,4
3.388539,7,5
12.142485,7,6
8.937083,7,8
4.838544,7,9
0.540136,7,10
3.209608,7,11
29.105736,7,12
0.686045,8,1
17.445621,8,2
106.145912,8,3
12.232645,8,4
12.854565,8,5
35.443115,8,6
7.134213,8,7
91.708803,8,9
9.921965,8,10
47.955072,8,11
82.878877,8,12
0.231088,9,1
33.271075,9,2
61.278867,9,3
25.004195,9,4
10.189917,9,5
48.541205,9,6
9.652936,9,7
99.205109,9,8
3.931267,9,10
40.145464,9,11
74.465109,9,12
9.793589,10,2
0.464803,10,3
14.580808,10,4
0.060203,10,5
0.204597,10,6
0.08,10,7
33.622141,10,8
1.129517,10,9
35.880451,10,11
0.206475,10,12
0.076339,11,1
6.635565,11,2
10.784008,11,3
2.660851,11,4
3.258416,11,5
6.380515,11,6
4.960616,11,7
30.496819,11,8
10.145341,11,9
5.818299,11,10
7.439411,11,12
0.848888,12,1
69.858715,12,2
72.895936,12,3
50.900069,12,4
26.664981,12,5
31.11832,12,6
17.370323,12,7
118.098707,12,8
108.027187,12,9
0.9052,12,10
43.518981,12,11
succeed
0.0,0.176,0.245587,0.026667,0.107709,0.0,0.030776,0.133333,0.098171,0.026667,0.21584,0.622376
0.099459,0.0,10.602987,4.026968,34.955357,16.766344,1.387931,25.085781,3.406195,0.064965,5.014936,17.866336
0.281563,16.470821,0.0,16.450837,9.881083,41.130445,11.456888,86.343397,62.522192,3.442387,9.945,19.018419
0.06688,2.046304,54.591171,0.0,26.870419,28.642285,20.295368,18.301197,13.495643,13.009523,18.8652,46.334197
2.791293,4.576203,15.181568,1.507944,0.0,3.280309,1.481267,49.859957,10.025317,0.0,3.913347,6.254747
0.0,26.591184,62.878443,5.013659,1.594485,0.0,3.436693,34.599861,41.681877,1.858768,9.999973,15.920539
0.026667,1.48528,17.424704,5.827699,3.388539,12.142485,0.0,8.937083,4.838544,0.540136,3.209608,29.105736
0.686045,17.445621,106.145912,12.232645,12.854565,35.443115,7.134213,0.0,91.708803,9.921965,47.955072,82.878877
0.231088,33.271075,61.278867,25.004195,10.189917,48.541205,9.652936,99.205109,0.0,3.931267,40.145464,74.465109
0.0,9.793589,0.464803,14.580808,0.060203,0.204597,0.08,33.622141,1.129517,0.0,35.880451,0.206475
0.076339,6.635565,10.784008,2.660851,3.258416,6.380515,4.960616,30.496819,10.145341,5.818299,0.0,7.439411
0.848888,69.858715,72.895936,50.900069,26.664981,31.11832,17.370323,118.098707,108.027187,0.9052,43.518981,0.0
