1508.905111
0.026667,1,2
0.054411,1,3
0.077299,1,4
0.068165,1,5
0.026667,1,7
0.422632,1,8
0.053333,1,9
0.073931,1,11
0.512587,1,12
0.093117,2,1
1.718675,2,3
4.052216,2,4
0.269099,2,5
12.860379,2,6
0.299309,2,7
11.3386,2,8
2.656488,2,9
0.026667,2,10
2.780149,2,11
32.22164,2,12
7.452053,3,2
4.072379,3,4
16.11596,3,5
11.257251,3,6
3.269123,3,7
22.869981,3,8
9.140664,3,9
0.32544,3,10
4.248499,3,11
17.086949,3,12
0.381923,4,1
2.962157,4,2
58.149405,4,3
19.702741,4,5
21.89908,4,6
19.25364,4,7
19.099141,4,8
12.322333,4,9
4.975699,4,10
7.574645,4,11
37.988717,4,12
3.388,5,1
6.028464,5,2
15.259296,5,3
8.325208,5,4
2.229941,5,6
0.707939,5,7
4.42668,5,8
2.216136,5,9
1.840461,5,11
5.357824,5,12
0.043936,6,1
8.598563,6,2
19.57508,6,3
5.946048,6,4
22.640437,6,5
3.368899,6,7
19.553779,6,8
5.508541,6,9
0.106667,6,10
16.335445,6,11
11.243555,6,12
0.503501,7,1
1.088368,7,2
6.888771,7,3
8.191411,7,4
2.140717,7,5
8.64564,7,6
2.000725,7,8
18.689739,7,9
1.671851,7,10
2.416627,7,11
9.091821,7,12
0.41532,8,1
19.865389,8,2
47.844728,8,3
6.530421,8,4
2.714864,8,5
3.354549,8,6
3.631512,8,7
29.851128,8,9
10.051563,8,10
20.838312,8,11
15.320483,8,12
0.588077,9,1
8.738243,9,2
12.326835,9,3
30.973187,9,4
4.303115,9,5
16.460181,9,6
2.340475,9,7
60.733851,9,8
0.850709,9,10
11.518115,9,11
45.687203,9,12
0.030699,10,2
0.026667,10,3
4.949027,10,4
0.026667,10,5
0.322029,10,6
26.667608,10,8
0.257323,10,9
29.715232,10,11
0.026667,10,12
0.424944,11,1
6.015443,11,2
34.744824,11,3
1.351251,11,4
0.747267,11,5
15.716725,11,6
0.909416,11,7
11.606525,11,8
11.214096,11,9
1.454373,11,10
3.136611,11,12
3.095573,12,1
78.080533,12,2
25.537309,12,3
44.651763,12,4
8.252928,12,5
50.502107,12,6
9.921232,12,7
47.948592,12,8
114.910147,12,9
5.863579,12,10
22.049813,12,11
succeed
0.0,0.026667,0.054411,0.077299,0.068165,0.0,0.026667,0.422632,0.053333,0.0,0.073931,0.512587
0.093117,0.0,1.718675,4.052216,0.269099,12.860379,0.299309,11.3386,2.656488,0.026667,2.780149,32.22164
0.0,7.452053,0.0,4.072379,16.11596,11.257251,3.269123,22.869981,9.140664,0.32544,4.248499,17.086949
0.381923,2.962157,58.149405,0.0,19.702741,21.89908,19.25364,19.099141,12.322333,4.975699,7.574645,37.988717
3.388,6.028464,15.259296,8.325208,0.0,2.229941,0.707939,4.42668,2.216136,0.0,1.840461,5.357824
0.043936,8.598563,19.57508,5.946048,22.640437,0.0,3.368899,19.553779,5.508541,0.106667,16.335445,11.243555
0.503501,1.088368,6.888771,8.191411,2.140717,8.64564,0.0,2.000725,18.689739,1.671851,2.416627,9.091821
0.41532,19.865389,47.844728,6.530421,2.714864,3.354549,3.631512,0.0,29.851128,10.051563,20.838312,15.320483
0.588077,8.738243,12.326835,30.973187,4.303115,16.460181,2.340475,60.733851,0.0,0.850709,11.518115,45.687203
0.0,0.030699,0.026667,4.949027,0.026667,0.322029,0.0,26.667608,0.257323,0.0,29.715232,0.026667
0.424944,6.015443,34.744824,1.351251,0.747267,15.716725,0.909416,11.606525,11.214096,1.454373,0.0,3.136611
3.095573,78.080533,25.537309,44.651763,8.252928,50.502107,9.921232,47.948592,114.910147,5.863579,22.049813,0.0
