2809.931793
0.293744,1,2
1.489323,1,3
0.078795,1,4
0.150611,1,5
0.026667,1,6
0.16,1,7
1.141128,1,8
0.647011,1,9
0.053333,1,11
1.636816,1,12
0.327853,2,1
13.972683,2,3
4.538813,2,4
2.850899,2,5
26.920424,2,6
4.375728,2,7
11.448435,2,8
15.99792,2,9
1.009275,2,10
5.947205,2,11
106.818227,2,12
0.359581,3,1
16.564685,3,2
10.76368,3,4
20.756096,3,5
64.01204,3,6
15.358208,3,7
24.029291,3,8
23.170947,3,9
2.57408,3,10
22.694264,3,11
22.508509,3,12
0.334864,4,1
6.201555,4,2
77.914877,4,3
16.482165,4,5
26.139381,4,6
12.681907,4,7
12.619133,4,8
19.094731,4,9
14.766373,4,10
7.865781,4,11
53.399005,4,12
1.726869,5,1
7.278691,5,2
34.465907,5,3
3.061955,5,4
5.144253,5,6
2.228304,5,7
4.518923,5,8
5.258088,5,9
0.644355,5,10
1.555517,5,11
8.082331,5,12
0.122112,6,1
11.290219,6,2
112.434955,6,3
10.337832,6,4
6.461837,6,5
9.156333,6,7
17.559912,6,8
25.988203,6,9
1.795635,6,10
12.974291,6,11
51.098475,6,12
0.532029,7,1
3.919829,7,2
43.664061,7,3
9.351285,7,4
3.019664,7,5
18.418195,7,6
2.908763,7,8
9.611171,7,9
0.457864,7,10
1.677392,7,11
8.909419,7,12
0.377355,8,1
14.813661,8,2
155.591981,8,3
16.559632,8,4
9.820955,8,5
33.935568,8,6
17.139499,8,7
49.776448,8,9
13.402432,8,10
17.388731,8,11
53.652472,8,12
1.152763,9,1
59.062056,9,2
56.759325,9,3
26.006939,9,4
14.5458,9,5
50.290573,9,6
21.550131,9,7
47.04344,9,8
3.061773,9,10
32.989464,9,11
91.210957,9,12
0.632424,10,2
3.738165,10,3
3.106469,10,4
0.323112,10,5
5.518627,10,6
0.556104,10,7
30.279925,10,8
2.102789,10,9
44.805371,10,11
0.378499,10,12
14.359851,11,2
73.897291,11,3
4.016085,11,4
3.7914,11,5
12.954488,11,6
3.756245,11,7
18.474011,11,8
19.63696,11,9
6.002875,11,10
9.297539,11,12
5.546472,12,1
115.298507,12,2
80.702749,12,3
60.89152,12,4
16.115237,12,5
66.150416,12,6
24.305979,12,7
64.029008,12,8
192.369101,12,9
4.388899,12,10
30.543008,12,11
succeed
0.0,0.293744,1.489323,0.078795,0.150611,0.026667,0.16,1.141128,0.647011,0.0,0.053333,1.636816
0.327853,0.0,13.972683,4.538813,2.850899,26.920424,4.375728,11.448435,15.99792,1.009275,5.947205,106.818227
0.359581,16.564685,0.0,10.76368,20.756096,64.01204,15.358208,24.029291,23.170947,2.57408,22.694264,22.508509
0.334864,6.201555,77.914877,0.0,16.482165,26.139381,12.681907,12.619133,19.094731,14.766373,7.865781,53.399005
1.726869,7.278691,34.465907,3.061955,0.0,5.144253,2.228304,4.518923,5.258088,0.644355,1.555517,8.082331
0.122112,11.290219,112.434955,10.337832,6.461837,0.0,9.156333,17.559912,25.988203,1.795635,12.974291,51.098475
0.532029,3.919829,43.664061,9.351285,3.019664,18.418195,0.0,2.908763,9.611171,0.457864,1.677392,8.909419
0.377355,14.813661,155.591981,16.559632,9.820955,33.935568,17.139499,0.0,49.776448,13.402432,17.388731,53.652472
1.152763,59.062056,56.759325,26.006939,14.5458,50.290573,21.550131,47.04344,0.0,3.061773,32.989464,91.210957
0.0,0.632424,3.738165,3.106469,0.323112,5.518627,0.556104,30.279925,2.102789,0.0,44.805371,0.378499
0.0,14.359851,73.897291,4.016085,3.7914,12.954488,3.756245,18.474011,19.63696,6.002875,0.0,9.297539
5.546472,115.298507,80.702749,60.89152,16.115237,66.150416,24.305979,64.029008,192.369101,4.388899,30.543008,0.0
