3206.018939
0.541171,1,2
0.776099,1,3
0.836557,1,4
0.178429,1,5
0.572445,1,6
0.289947,1,7
0.804603,1,8
0.747053,1,9
0.179011,1,10
0.477936,1,11
2.892776,1,12
1.240088,2,1
30.765216,2,3
9.959355,2,4
3.720005,2,5
23.669979,2,6
6.426768,2,7
17.703087,2,8
17.142648,2,9
1.783436,2,10
5.817349,2,11
87.163253,2,12
1.020573,3,1
9.099339,3,2
14.564088,3,4
17.768069,3,5
33.696376,3,6
12.255979,3,7
28.625933,3,8
14.445048,3,9
1.984107,3,10
6.275192,3,11
19.451187,3,12
0.117411,4,1
6.238168,4,2
61.438712,4,3
13.592776,4,5
30.735669,4,6
21.710173,4,7
9.498381,4,8
29.061275,4,9
11.500995,4,10
13.249099,4,11
60.724395,4,12
4.137819,5,1
4.038643,5,2
49.977616,5,3
3.982808,5,4
7.1896,5,6
3.197576,5,7
97.647971,5,8
16.977256,5,9
4.038293,5,10
1.624797,5,11
12.658264,5,12
0.727107,6,1
23.824736,6,2
111.912965,6,3
29.598325,6,4
6.887659,6,5
36.552981,6,7
108.840579,6,8
36.692021,6,9
4.552813,6,10
11.46168,6,11
35.231371,6,12
0.282405,7,1
7.966712,7,2
39.707341,7,3
8.872661,7,4
4.912544,7,5
31.196965,7,6
6.818464,7,8
6.337133,7,9
1.384723,7,10
3.398427,7,11
14.566003,7,12
1.225672,8,1
16.533179,8,2
155.404528,8,3
19.905192,8,4
10.325325,8,5
42.375781,8,6
11.5436,8,7
55.685139,8,9
10.665109,8,10
24.360379,8,11
66.748432,8,12
4.061925,9,1
35.783621,9,2
73.80504,9,3
36.49152,9,4
36.576944,9,5
56.942997,9,6
23.559125,9,7
88.852992,9,8
9.650472,9,10
28.121416,9,11
94.164781,9,12
0.241696,10,1
1.042,10,2
5.443733,10,3
8.297152,10,4
0.376227,10,5
1.430064,10,6
0.737,10,7
35.313347,10,8
1.729104,10,9
61.7744,10,11
2.028144,10,12
0.114219,11,1
10.175952,11,2
53.689765,11,3
6.903275,11,4
3.174112,11,5
9.179384,11,6
9.991717,11,7
30.805971,11,8
18.893432,11,9
5.841541,11,10
12.417776,11,12
0.214203,12,1
119.340189,12,2
89.627712,12,3
48.306384,12,4
21.457659,12,5
62.571371,12,6
17.844317,12,7
67.721648,12,8
169.637379,12,9
18.074872,12,10
40.903611,12,11
succeed
0.0,0.541171,0.776099,0.836557,0.178429,0.572445,0.289947,0.804603,0.747053,0.179011,0.477936,2.892776
1.240088,0.0,30.765216,9.959355,3.720005,23.669979,6.426768,17.703087,17.142648,1.783436,5.817349,87.163253
1.020573,9.099339,0.0,14.564088,17.768069,33.696376,12.255979,28.625933,14.445048,1.984107,6.275192,19.451187
0.117411,6.238168,61.438712,0.0,13.592776,30.735669,21.710173,9.498381,29.061275,11.500995,13.249099,60.724395
4.137819,4.038643,49.977616,3.982808,0.0,7.1896,3.197576,97.647971,16.977256,4.038293,1.624797,12.658264
0.727107,23.824736,111.912965,29.598325,6.887659,0.0,36.552981,108.840579,36.692021,4.552813,11.46168,35.231371
0.282405,7.966712,39.707341,8.872661,4.912544,31.196965,0.0,6.818464,6.337133,1.384723,3.398427,14.566003
1.225672,16.533179,155.404528,19.905192,10.325325,42.375781,11.5436,0.0,55.685139,10.665109,24.360379,66.748432
4.061925,35.783621,73.80504,36.49152,36.576944,56.942997,23.559125,88.852992,0.0,9.650472,28.121416,94.164781
0.241696,1.042,5.443733,8.297152,0.376227,1.430064,0.737,35.313347,1.729104,0.0,61.7744,2.028144
0.114219,10.175952,53.689765,6.903275,3.174112,9.179384,9.991717,30.805971,18.893432,5.841541,0.0,12.417776
0.214203,119.340189,89.627712,48.306384,21.457659,62.571371,17.844317,67.721648,169.637379,18.074872,40.903611,0.0
