2241.102769
0.473725,1,2
0.026667,1,3
0.100181,1,5
0.053333,1,6
0.484512,1,8
0.290667,1,9
1.18232,1,12
0.510904,2,1
27.329979,2,3
2.706117,2,4
0.432979,2,5
11.260787,2,6
1.391811,2,7
10.023268,2,8
7.626445,2,9
0.730687,2,10
3.86004,2,11
38.048149,2,12
0.108635,3,1
12.511912,3,2
17.130579,3,4
6.569123,3,5
29.343099,3,6
10.63888,3,7
25.501445,3,8
10.160221,3,9
0.587589,3,10
9.501107,3,11
24.255403,3,12
0.17488,4,1
6.177781,4,2
57.304787,4,3
11.461928,4,5
24.288384,4,6
5.384243,4,7
5.703885,4,8
14.894779,4,9
6.259077,4,10
19.9246,4,11
41.430688,4,12
3.449736,5,1
2.824245,5,2
13.886,5,3
0.562384,5,4
1.586539,5,6
0.746816,5,7
2.322291,5,8
2.471067,5,9
0.120525,5,10
1.258411,5,11
2.973301,5,12
0.099093,6,1
11.342365,6,2
52.616848,6,3
14.386427,6,4
1.458728,6,5
2.810251,6,7
5.115195,6,8
4.567195,6,9
0.260133,6,10
14.594845,6,11
13.981547,6,12
0.172,7,1
3.439248,7,2
17.719157,7,3
3.626237,7,4
2.895621,7,5
7.626,7,6
6.605643,7,8
2.92044,7,9
1.944432,7,10
2.888427,7,11
9.783429,7,12
0.047907,8,1
11.448381,8,2
90.417587,8,3
7.434133,8,4
13.820328,8,5
5.585861,8,6
4.108208,8,7
40.316475,8,9
25.473227,8,10
32.309589,8,11
48.920819,8,12
1.111488,9,1
26.234592,9,2
19.432557,9,3
22.880805,9,4
2.802525,9,5
8.456256,9,6
9.466331,9,7
56.038109,9,8
0.681629,9,10
19.390616,9,11
50.43436,9,12
2.518107,10,4
0.026667,10,5
0.193712,10,6
31.427904,10,8
0.353136,10,9
39.736021,10,11
0.379192,10,12
6.586104,11,2
57.216915,11,3
1.802667,11,4
1.316376,11,5
2.898864,11,6
1.777141,11,7
406.0336,11,8
9.377579,11,9
8.705576,11,10
12.515107,11,12
0.5676,12,1
101.905229,12,2
62.478856,12,3
43.514477,12,4
16.535168,12,5
32.655837,12,6
7.305808,12,7
60.846803,12,8
138.331835,12,9
7.084381,12,10
31.300152,12,11
succeed
0.0,0.473725,0.026667,0.0,0.100181,0.053333,0.0,0.484512,0.290667,0.0,0.0,1.18232
0.510904,0.0,27.329979,2.706117,0.432979,11.260787,1.391811,10.023268,7.626445,0.730687,3.86004,38.048149
0.108635,12.511912,0.0,17.130579,6.569123,29.343099,10.63888,25.501445,10.160221,0.587589,9.501107,24.255403
0.17488,6.177781,57.304787,0.0,11.461928,24.288384,5.384243,5.703885,14.894779,6.259077,19.9246,41.430688
3.449736,2.824245,13.886,0.562384,0.0,1.586539,0.746816,2.322291,2.471067,0.120525,1.258411,2.973301
0.099093,11.342365,52.616848,14.386427,1.458728,0.0,2.810251,5.115195,4.567195,0.260133,14.594845,13.981547
0.172,3.439248,17.719157,3.626237,2.895621,7.626,0.0,6.605643,2.92044,1.944432,2.888427,9.783429
0.047907,11.448381,90.417587,7.434133,13.820328,5.585861,4.108208,0.0,40.316475,25.473227,32.309589,48.920819
1.111488,26.234592,19.432557,22.880805,2.802525,8.456256,9.466331,56.038109,0.0,0.681629,19.390616,50.43436
0.0,0.0,0.0,2.518107,0.026667,0.193712,0.0,31.427904,0.353136,0.0,39.736021,0.379192
0.0,6.586104,57.216915,1.802667,1.316376,2.898864,1.777141,406.0336,9.377579,8.705576,0.0,12.515107
0.5676,101.905229,62.478856,43.514477,16.535168,32.655837,7.305808,60.846803,138.331835,7.084381,31.300152,0.0
