1862.4396370000002
0.232397,1,3
0.026667,1,4
0.075208,1,5
0.402547,1,7
0.0714,1,8
0.080907,1,9
1.488648,1,12
0.026667,2,1
3.06004,2,3
4.358451,2,4
0.978405,2,5
22.262851,2,6
0.583475,2,7
13.268736,2,8
4.793621,2,9
0.082344,2,10
8.128029,2,11
41.284339,2,12
0.562411,3,1
4.167475,3,2
10.730787,3,4
4.529445,3,5
16.462061,3,6
7.326032,3,7
50.919189,3,8
9.877203,3,9
0.102315,3,10
9.313275,3,11
18.731685,3,12
0.633813,4,1
19.006965,4,2
88.419504,4,3
20.308584,4,5
34.438595,4,6
33.379685,4,7
15.2912,4,8
15.324259,4,9
19.876051,4,10
11.251573,4,11
34.235083,4,12
3.567587,5,1
8.471477,5,2
14.563389,5,3
0.916995,5,4
13.204224,5,6
2.539896,5,7
4.826683,5,8
2.652552,5,9
0.026667,5,10
0.272605,5,11
0.960069,5,12
9.017192,6,2
54.250976,6,3
7.85236,6,4
0.690099,6,5
1.893637,6,7
17.847552,6,8
25.309301,6,9
0.498525,6,10
11.657109,6,11
5.297952,6,12
1.392067,7,1
4.565824,7,2
16.761032,7,3
7.413963,7,4
3.791608,7,5
10.407877,7,6
6.688973,7,8
2.786629,7,9
1.726389,7,10
2.302645,7,11
5.913429,7,12
0.026667,8,1
5.820216,8,2
140.311115,8,3
19.058768,8,4
3.993368,8,5
14.256125,8,6
3.76152,8,7
29.642093,8,9
20.994509,8,10
27.020141,8,11
16.454579,8,12
0.697147,9,1
21.352507,9,2
8.404547,9,3
24.523443,9,4
8.446432,9,5
6.779259,9,6
4.21692,9,7
63.639928,9,8
0.780923,9,10
25.405803,9,11
38.989539,9,12
0.026667,10,2
0.026667,10,3
7.570045,10,4
0.031648,10,5
0.174019,10,6
0.053333,10,7
32.075453,10,8
0.497408,10,9
22.025363,10,11
5.577576,11,2
26.495363,11,3
2.515907,11,4
0.419437,11,5
1.067083,11,6
1.071768,11,7
10.213203,11,8
15.052917,11,9
2.967355,11,10
9.926648,11,12
0.679,12,1
60.603661,12,2
44.908448,12,3
51.726205,12,4
15.657899,12,5
49.27176,12,6
11.408264,12,7
71.616952,12,8
134.143957,12,9
3.987456,12,10
19.913421,12,11
succeed
0.0,0.0,0.232397,0.026667,0.075208,0.0,0.402547,0.0714,0.080907,0.0,0.0,1.488648
0.026667,0.0,3.06004,4.358451,0.978405,22.262851,0.583475,13.268736,4.793621,0.082344,8.128029,41.284339
0.562411,4.167475,0.0,10.730787,4.529445,16.462061,7.326032,50.919189,9.877203,0.102315,9.313275,18.731685
0.633813,19.006965,88.419504,0.0,20.308584,34.438595,33.379685,15.2912,15.324259,19.876051,11.251573,34.235083
3.567587,8.471477,14.563389,0.916995,0.0,13.204224,2.539896,4.826683,2.652552,0.026667,0.272605,0.960069
0.0,9.017192,54.250976,7.85236,0.690099,0.0,1.893637,17.847552,25.309301,0.498525,11.657109,5.297952
1.392067,4.565824,16.761032,7.413963,3.791608,10.407877,0.0,6.688973,2.786629,1.726389,2.302645,5.913429
0.026667,5.820216,140.311115,19.058768,3.993368,14.256125,3.76152,0.0,29.642093,20.994509,27.020141,16.454579
0.697147,21.352507,8.404547,24.523443,8.446432,6.779259,4.21692,63.639928,0.0,0.780923,25.405803,38.989539
0.0,0.026667,0.026667,7.570045,0.031648,0.174019,0.053333,32.075453,0.497408,0.0,22.025363,0.0
0.0,5.577576,26.495363,2.515907,0.419437,1.067083,1.071768,10.213203,15.052917,2.967355,0.0,9.926648
0.679,60.603661,44.908448,51.726205,15.657899,49.27176,11.408264,71.616952,134.143957,3.987456,19.913421,0.0
