2759.8892929999997
0.134795,1,2
0.152461,1,3
1.154915,1,4
0.175531,1,5
0.249861,1,6
0.096533,1,7
1.177547,1,8
0.320435,1,9
1.241912,1,11
0.373472,1,12
1.703813,2,1
11.566677,2,3
4.911643,2,4
68.092427,2,5
13.763779,2,6
6.617757,2,7
15.088849,2,8
7.266555,2,9
1.136433,2,10
24.847957,2,11
35.501445,2,12
0.721536,3,1
30.436339,3,2
5.052907,3,4
10.733827,3,5
45.408309,3,6
16.170917,3,7
37.006467,3,8
15.367451,3,9
8.647995,3,10
39.457728,3,11
28.525549,3,12
0.42136,4,1
14.222757,4,2
32.056592,4,3
22.070275,4,5
12.784248,4,6
25.438843,4,7
24.588443,4,8
11.194501,4,9
14.78844,4,10
28.701584,4,11
23.483739,4,12
0.204429,5,1
4.908293,5,2
10.564701,5,3
2.846635,5,4
10.726547,5,6
3.478595,5,7
47.475277,5,8
2.634995,5,9
0.062136,5,10
10.849725,5,11
4.355704,5,12
0.318056,6,1
12.781133,6,2
71.232173,6,3
9.894504,6,4
18.749779,6,5
5.552168,6,7
25.807427,6,8
5.62692,6,9
5.246181,6,10
46.481883,6,11
12.906792,6,12
0.448917,7,1
11.145613,7,2
16.578488,7,3
12.354741,7,4
6.220069,7,5
16.672576,7,6
13.844293,7,8
4.269781,7,9
2.270477,7,10
12.652544,7,11
15.159669,7,12
0.910869,8,1
18.549411,8,2
69.552797,8,3
19.167616,8,4
15.972579,8,5
22.443283,8,6
9.625931,8,7
39.440923,8,9
17.210461,8,10
79.030056,8,11
76.227379,8,12
1.351619,9,1
36.095331,9,2
24.166155,9,3
12.478704,9,4
7.981899,9,5
19.870893,9,6
11.339043,9,7
69.731915,9,8
4.566523,9,10
28.772427,9,11
57.549453,9,12
0.026667,10,2
0.053333,10,3
9.686859,10,4
0.08,10,5
0.585648,10,6
16.786672,10,8
0.157387,10,9
29.050597,10,11
0.930504,10,12
1.429597,11,1
35.080163,11,2
55.131019,11,3
30.122227,11,4
11.525739,11,5
51.459069,11,6
29.045363,11,7
47.750621,11,8
16.83956,11,9
8.425339,11,10
50.834995,11,12
2.88464,12,1
70.189437,12,2
76.617696,12,3
77.5028,12,4
35.779723,12,5
34.894469,12,6
14.44264,12,7
79.580589,12,8
180.914787,12,9
7.483952,12,10
75.386109,12,11
succeed
0.0,0.134795,0.152461,1.154915,0.175531,0.249861,0.096533,1.177547,0.320435,0.0,1.241912,0.373472
1.703813,0.0,11.566677,4.911643,68.092427,13.763779,6.617757,15.088849,7.266555,1.136433,24.847957,35.501445
0.721536,30.436339,0.0,5.052907,10.733827,45.408309,16.170917,37.006467,15.367451,8.647995,39.457728,28.525549
0.42136,14.222757,32.056592,0.0,22.070275,12.784248,25.438843,24.588443,11.194501,14.78844,28.701584,23.483739
0.204429,4.908293,10.564701,2.846635,0.0,10.726547,3.478595,47.475277,2.634995,0.062136,10.849725,4.355704
0.318056,12.781133,71.232173,9.894504,18.749779,0.0,5.552168,25.807427,5.62692,5.246181,46.481883,12.906792
0.448917,11.145613,16.578488,12.354741,6.220069,16.672576,0.0,13.844293,4.269781,2.270477,12.652544,15.159669
0.910869,18.549411,69.552797,19.167616,15.972579,22.443283,9.625931,0.0,39.440923,17.210461,79.030056,76.227379
1.351619,36.095331,24.166155,12.478704,7.981899,19.870893,11.339043,69.731915,0.0,4.566523,28.772427,57.549453
0.0,0.026667,0.053333,9.686859,0.08,0.585648,0.0,16.786672,0.157387,0.0,29.050597,0.930504
1.429597,35.080163,55.131019,30.122227,11.525739,51.459069,29.045363,47.750621,16.83956,8.425339,0.0,50.834995
2.88464,70.189437,76.617696,77.5028,35.779723,34.894469,14.44264,79.580589,180.914787,7.483952,75.386109,0.0
