3568.15468
0.381493,1,2
0.453341,1,3
2.500219,1,5
2.884101,1,6
0.717056,1,7
0.394483,1,9
0.987373,1,12
23.945763,2,3
0.026667,2,4
46.703664,2,5
29.810272,2,6
5.503451,2,7
0.026667,2,8
27.870461,2,9
0.401667,2,11
39.350771,2,12
37.176301,3,2
33.943848,3,4
121.220024,3,5
75.146136,3,6
18.792325,3,7
0.359389,3,8
46.75116,3,9
0.026667,3,10
1.542773,3,11
36.737069,3,12
10.795235,4,2
54.999792,4,3
34.524163,4,5
31.619736,4,6
5.788368,4,7
0.053333,4,8
16.198587,4,9
4.685403,4,10
0.46804,4,11
33.570963,4,12
40.796067,5,2
0.867819,5,3
0.026667,5,6
0.089387,5,8
10.276475,5,9
0.238283,5,11
116.686925,5,12
33.463347,6,2
153.719744,6,3
20.250195,6,4
89.7822,6,5
11.598248,6,7
0.149349,6,8
73.327653,6,9
0.106667,6,10
0.830363,6,11
62.932712,6,12
16.319325,7,2
33.51404,7,3
7.395155,7,4
24.084896,7,5
19.293464,7,6
9.825088,7,9
0.434984,7,11
26.220619,7,12
31.166363,8,2
8.03612,8,3
17.368581,8,4
216.108859,8,5
0.129624,8,6
0.092232,8,7
89.282955,8,9
15.718683,8,10
32.541467,8,11
107.16356,8,12
37.760549,9,2
104.714509,9,3
49.503669,9,4
174.924373,9,5
65.417131,9,6
23.734253,9,7
0.083467,9,8
0.026667,9,10
5.300096,9,11
135.434579,9,12
0.932224,10,2
0.083264,10,3
2.904973,10,4
9.840256,10,5
0.964515,10,7
49.629051,10,8
2.491643,10,9
54.548432,10,11
1.621091,10,12
10.058035,11,2
1.197467,11,3
5.784459,11,4
33.099352,11,5
0.08,11,6
5.077851,11,7
29.449123,11,8
13.520403,11,9
17.713877,11,10
7.655995,11,12
85.626259,12,2
149.491573,12,3
2.473547,12,4
225.445888,12,5
46.850981,12,6
25.619243,12,7
0.072608,12,8
166.872872,12,9
0.112853,12,10
5.842675,12,11
succeed
0.0,0.381493,0.453341,0.0,2.500219,2.884101,0.717056,0.0,0.394483,0.0,0.0,0.987373
0.0,0.0,23.945763,0.026667,46.703664,29.810272,5.503451,0.026667,27.870461,0.0,0.401667,39.350771
0.0,37.176301,0.0,33.943848,121.220024,75.146136,18.792325,0.359389,46.75116,0.026667,1.542773,36.737069
0.0,10.795235,54.999792,0.0,34.524163,31.619736,5.788368,0.053333,16.198587,4.685403,0.46804,33.570963
0.0,40.796067,0.867819,0.0,0.0,0.026667,0.0,0.089387,10.276475,0.0,0.238283,116.686925
0.0,33.463347,153.719744,20.250195,89.7822,0.0,11.598248,0.149349,73.327653,0.106667,0.830363,62.932712
0.0,16.319325,33.51404,7.395155,24.084896,19.293464,0.0,0.0,9.825088,0.0,0.434984,26.220619
0.0,31.166363,8.03612,17.368581,216.108859,0.129624,0.092232,0.0,89.282955,15.718683,32.541467,107.16356
0.0,37.760549,104.714509,49.503669,174.924373,65.417131,23.734253,0.083467,0.0,0.026667,5.300096,135.434579
0.0,0.932224,0.083264,2.904973,9.840256,0.0,0.964515,49.629051,2.491643,0.0,54.548432,1.621091
0.0,10.058035,1.197467,5.784459,33.099352,0.08,5.077851,29.449123,13.520403,17.713877,0.0,7.655995
0.0,85.626259,149.491573,2.473547,225.445888,46.850981,25.619243,0.072608,166.872872,0.112853,5.842675,0.0
