2072.110364
0.058056,1,2
0.114739,1,3
0.049789,1,4
0.026667,1,5
0.026667,1,6
0.136949,1,7
0.500939,1,8
0.083973,1,9
1.095181,1,12
0.060739,2,1
10.626341,2,3
2.801192,2,4
0.980867,2,5
16.055453,2,6
3.568995,2,7
11.379192,2,8
2.531616,2,9
0.667555,2,10
10.980181,2,11
48.869515,2,12
0.053333,3,1
10.540203,3,2
22.65628,3,4
7.014587,3,5
34.415043,3,6
7.067045,3,7
34.890232,3,8
16.012981,3,9
0.516739,3,10
6.187755,3,11
21.413373,3,12
3.11664,4,1
3.911592,4,2
81.438683,4,3
16.322608,4,5
30.2806,4,6
21.383571,4,7
8.715757,4,8
12.439365,4,9
9.967693,4,10
11.440421,4,11
44.117472,4,12
0.137547,5,1
18.311128,5,2
19.196829,5,3
0.753088,5,4
2.438779,5,6
2.201139,5,7
8.396021,5,8
2.662477,5,9
0.118053,5,10
0.346651,5,11
7.992752,5,12
0.084256,6,1
20.083981,6,2
100.458669,6,3
6.438637,6,4
5.882224,6,5
6.381709,6,7
20.347371,6,8
18.322752,6,9
2.024115,6,10
12.058069,6,11
25.202067,6,12
0.676989,7,1
3.484611,7,2
28.062768,7,3
9.664405,7,4
2.867125,7,5
11.222179,7,6
4.807803,7,8
0.752779,7,9
1.644272,7,10
5.305331,7,11
9.591085,7,12
0.145272,8,1
14.273829,8,2
161.1696,8,3
11.385973,8,4
22.716685,8,5
13.676403,8,6
5.714192,8,7
24.404869,8,9
7.816304,8,10
20.402643,8,11
31.539875,8,12
0.218472,9,1
27.564992,9,2
13.697619,9,3
21.595885,9,4
21.953971,9,5
34.721731,9,6
10.631403,9,7
50.767581,9,8
0.919968,9,10
15.260381,9,11
55.256136,9,12
0.147035,10,2
0.181621,10,3
1.065619,10,4
2.516267,10,5
0.289205,10,6
0.053333,10,7
35.067675,10,8
0.12896,10,9
31.749829,10,11
0.106667,10,12
0.307541,11,1
8.315149,11,2
20.986696,11,3
9.16108,11,4
0.921624,11,5
7.111971,11,6
1.516277,11,7
21.817432,11,8
7.258344,11,9
6.931013,11,10
16.75956,11,12
0.600872,12,1
68.594976,12,2
66.422408,12,3
56.194005,12,4
24.777371,12,5
59.250099,12,6
10.291077,12,7
45.956792,12,8
96.535477,12,9
1.173088,12,10
31.653277,12,11
succeed
0.0,0.058056,0.114739,0.049789,0.026667,0.026667,0.136949,0.500939,0.083973,0.0,0.0,1.095181
0.060739,0.0,10.626341,2.801192,0.980867,16.055453,3.568995,11.379192,2.531616,0.667555,10.980181,48.869515
0.053333,10.540203,0.0,22.65628,7.014587,34.415043,7.067045,34.890232,16.012981,0.516739,6.187755,21.413373
3.11664,3.911592,81.438683,0.0,16.322608,30.2806,21.383571,8.715757,12.439365,9.967693,11.440421,44.117472
0.137547,18.311128,19.196829,0.753088,0.0,2.438779,2.201139,8.396021,2.662477,0.118053,0.346651,7.992752
0.084256,20.083981,100.458669,6.438637,5.882224,0.0,6.381709,20.347371,18.322752,2.024115,12.058069,25.202067
0.676989,3.484611,28.062768,9.664405,2.867125,11.222179,0.0,4.807803,0.752779,1.644272,5.305331,9.591085
0.145272,14.273829,161.1696,11.385973,22.716685,13.676403,5.714192,0.0,24.404869,7.816304,20.402643,31.539875
0.218472,27.564992,13.697619,21.595885,21.953971,34.721731,10.631403,50.767581,0.0,0.919968,15.260381,55.256136
0.0,0.147035,0.181621,1.065619,2.516267,0.289205,0.053333,35.067675,0.12896,0.0,31.749829,0.106667
0.307541,8.315149,20.986696,9.16108,0.921624,7.111971,1.516277,21.817432,7.258344,6.931013,0.0,16.75956
0.600872,68.594976,66.422408,56.194005,24.777371,59.250099,10.291077,45.956792,96.535477,1.173088,31.653277,0.0
