3573.03331
0.237285,1,2
1.281448,1,3
0.026667,1,4
0.08,1,5
0.249768,1,6
0.447013,1,7
0.837779,1,8
0.318699,1,9
0.285803,1,11
1.390627,1,12
0.481461,2,1
21.114208,2,3
6.035781,2,4
2.361464,2,5
18.757888,2,6
2.745813,2,7
13.579211,2,8
10.436928,2,9
0.699224,2,10
6.577835,2,11
35.558005,2,12
1.280608,3,1
19.623464,3,2
28.637221,3,4
23.744717,3,5
60.997229,3,6
14.153765,3,7
76.999184,3,8
23.8684,3,9
1.836323,3,10
15.535371,3,11
24.114597,3,12
0.634883,4,1
11.224269,4,2
55.119525,4,3
22.034104,4,5
30.012517,4,6
21.10344,4,7
25.003357,4,8
18.516549,4,9
10.70792,4,10
20.126789,4,11
40.831112,4,12
0.561968,5,1
3.676248,5,2
32.573587,5,3
3.736765,5,4
5.733917,5,6
3.487507,5,7
9.992397,5,8
9.576979,5,9
1.351715,5,10
3.363717,5,11
6.523611,5,12
0.91576,6,1
25.074216,6,2
103.255893,6,3
10.711971,6,4
12.342056,6,5
11.755731,6,7
57.186875,6,8
63.307552,6,9
2.664181,6,10
10.043168,6,11
53.118749,6,12
0.344224,7,1
7.930019,7,2
32.79984,7,3
13.047536,7,4
3.216344,7,5
16.369512,7,6
13.884485,7,8
14.566843,7,9
4.200608,7,10
2.723584,7,11
16.623288,7,12
2.245504,8,1
25.716909,8,2
133.191579,8,3
20.467232,8,4
52.616323,8,5
63.481952,8,6
21.16136,8,7
109.538171,8,9
17.919651,8,10
44.956955,8,11
109.240141,8,12
2.832568,9,1
35.759235,9,2
68.012141,9,3
33.922987,9,4
26.509336,9,5
74.737773,9,6
31.692869,9,7
132.632533,9,8
5.88864,9,10
29.538256,9,11
268.051093,9,12
0.04508,10,1
0.719728,10,2
1.066029,10,3
1.596035,10,4
0.368261,10,5
3.017853,10,6
0.273467,10,7
50.506352,10,8
1.326733,10,9
60.450045,10,11
0.500051,10,12
0.804467,11,1
8.647043,11,2
22.751016,11,3
5.529405,11,4
10.882627,11,5
9.819861,11,6
4.480763,11,7
30.794179,11,8
16.103856,11,9
6.235533,11,10
9.239296,11,12
1.344107,12,1
86.398125,12,2
85.613704,12,3
64.072571,12,4
58.043211,12,5
70.674091,12,6
25.458427,12,7
140.463072,12,8
217.409083,12,9
3.250195,12,10
38.766739,12,11
succeed
0.0,0.237285,1.281448,0.026667,0.08,0.249768,0.447013,0.837779,0.318699,0.0,0.285803,1.390627
0.481461,0.0,21.114208,6.035781,2.361464,18.757888,2.745813,13.579211,10.436928,0.699224,6.577835,35.558005
1.280608,19.623464,0.0,28.637221,23.744717,60.997229,14.153765,76.999184,23.8684,1.836323,15.535371,24.114597
0.634883,11.224269,55.119525,0.0,22.034104,30.012517,21.10344,25.003357,18.516549,10.70792,20.126789,40.831112
0.561968,3.676248,32.573587,3.736765,0.0,5.733917,3.487507,9.992397,9.576979,1.351715,3.363717,6.523611
0.91576,25.074216,103.255893,10.711971,12.342056,0.0,11.755731,57.186875,63.307552,2.664181,10.043168,53.118749
0.344224,7.930019,32.79984,13.047536,3.216344,16.369512,0.0,13.884485,14.566843,4.200608,2.723584,16.623288
2.245504,25.716909,133.191579,20.467232,52.616323,63.481952,21.16136,0.0,109.538171,17.919651,44.956955,109.240141
2.832568,35.759235,68.012141,33.922987,26.509336,74.737773,31.692869,132.632533,0.0,5.88864,29.538256,268.051093
0.04508,0.719728,1.066029,1.596035,0.368261,3.017853,0.273467,50.506352,1.326733,0.0,60.450045,0.500051
0.804467,8.647043,22.751016,5.529405,10.882627,9.819861,4.480763,30.794179,16.103856,6.235533,0.0,9.239296
1.344107,86.398125,85.613704,64.072571,58.043211,70.674091,25.458427,140.463072,217.409083,3.250195,38.766739,0.0
