2074.637552
0.588712,1,2
0.203899,1,3
0.185104,1,4
0.026667,1,5
0.260725,1,6
0.072523,1,7
0.538664,1,8
0.100584,1,9
0.013333,1,10
0.026667,1,11
0.725992,1,12
0.040067,2,1
15.805947,2,3
2.507245,2,4
2.531536,2,5
16.112568,2,6
2.722083,2,7
11.098083,2,8
7.895285,2,9
0.04,2,10
3.378832,2,11
25.282936,2,12
1.275315,3,1
8.794784,3,2
10.781112,3,4
7.813069,3,5
43.403453,3,6
9.736992,3,7
41.857973,3,8
3.912605,3,9
5.140395,3,10
2.675845,3,11
20.568579,3,12
0.105248,4,1
4.205061,4,2
58.299947,4,3
16.743472,4,5
31.597995,4,6
19.7176,4,7
31.112709,4,8
15.015525,4,9
6.688357,4,10
14.411221,4,11
43.61444,4,12
0.347208,5,1
6.050872,5,2
8.944149,5,3
3.97172,5,4
2.472157,5,6
2.466317,5,7
7.87428,5,8
2.617301,5,9
2.423715,5,11
8.827827,5,12
0.193333,6,1
19.156304,6,2
50.963493,6,3
9.707027,6,4
4.056416,6,5
6.465416,6,7
14.859323,6,8
24.699621,6,9
0.685032,6,10
6.378592,6,11
28.413456,6,12
0.301008,7,1
5.086245,7,2
16.699789,7,3
12.776384,7,4
4.711237,7,5
12.930901,7,6
5.039253,7,8
3.337088,7,9
2.241808,7,10
4.884333,7,11
12.460635,7,12
0.18172,8,1
10.019541,8,2
60.148981,8,3
20.770176,8,4
14.653816,8,5
26.493688,8,6
5.534219,8,7
29.262117,8,9
11.824307,8,10
29.84244,8,11
82.276104,8,12
1.673624,9,1
14.315077,9,2
120.46844,9,3
32.222853,9,4
8.370963,9,5
26.858733,9,6
10.08636,9,7
46.088267,9,8
1.1966,9,10
13.813885,9,11
64.391312,9,12
0.029227,10,2
1.764461,10,4
0.036267,10,5
0.28524,10,6
40.535005,10,8
0.129173,10,9
31.491245,10,11
0.026667,10,12
6.850003,11,2
13.233624,11,3
9.830085,11,4
1.441333,11,5
8.423768,11,6
4.539056,11,7
27.626813,11,8
11.085608,11,9
2.90388,11,10
11.588149,11,12
0.30776,12,1
68.092021,12,2
44.683397,12,3
60.135957,12,4
21.786304,12,5
47.311347,12,6
14.779904,12,7
117.030875,12,8
101.434475,12,9
1.324411,12,10
15.766885,12,11
succeed
0.0,0.588712,0.203899,0.185104,0.026667,0.260725,0.072523,0.538664,0.100584,0.013333,0.026667,0.725992
0.040067,0.0,15.805947,2.507245,2.531536,16.112568,2.722083,11.098083,7.895285,0.04,3.378832,25.282936
1.275315,8.794784,0.0,10.781112,7.813069,43.403453,9.736992,41.857973,3.912605,5.140395,2.675845,20.568579
0.105248,4.205061,58.299947,0.0,16.743472,31.597995,19.7176,31.112709,15.015525,6.688357,14.411221,43.61444
0.347208,6.050872,8.944149,3.97172,0.0,2.472157,2.466317,7.87428,2.617301,0.0,2.423715,8.827827
0.193333,19.156304,50.963493,9.707027,4.056416,0.0,6.465416,14.859323,24.699621,0.685032,6.378592,28.413456
0.301008,5.086245,16.699789,12.776384,4.711237,12.930901,0.0,5.039253,3.337088,2.241808,4.884333,12.460635
0.18172,10.019541,60.148981,20.770176,14.653816,26.493688,5.534219,0.0,29.262117,11.824307,29.84244,82.276104
1.673624,14.315077,120.46844,32.222853,8.370963,26.858733,10.08636,46.088267,0.0,1.1966,13.813885,64.391312
0.0,0.029227,0.0,1.764461,0.036267,0.28524,0.0,40.535005,0.129173,0.0,31.491245,0.026667
0.0,6.850003,13.233624,9.830085,1.441333,8.423768,4.539056,27.626813,11.085608,2.90388,0.0,11.588149
0.30776,68.092021,44.683397,60.135957,21.786304,47.311347,14.779904,117.030875,101.434475,1.324411,15.766885,0.0
