3707.1521350000003
0.329952,1,2
0.861971,1,3
0.026667,1,4
1.430123,1,5
1.064989,1,6
2.716789,1,7
0.920229,1,8
0.093013,1,9
0.341653,1,11
0.557051,1,12
0.268061,2,1
16.788288,2,3
4.349003,2,4
7.298661,2,5
24.744077,2,6
3.339789,2,7
18.582328,2,8
15.515539,2,9
0.485677,2,10
4.499264,2,11
42.366803,2,12
0.665069,3,1
32.298909,3,2
35.227845,3,4
21.968469,3,5
65.033531,3,6
17.244931,3,7
73.528195,3,8
18.962595,3,9
3.439696,3,10
13.236291,3,11
47.285189,3,12
0.027333,4,1
8.191248,4,2
62.209237,4,3
22.288205,4,5
36.843941,4,6
8.825869,4,7
42.55924,4,8
20.582533,4,9
16.632477,4,10
24.490336,4,11
37.586149,4,12
0.101056,5,1
5.905453,5,2
51.518851,5,3
3.631349,5,4
4.605131,5,6
4.331173,5,7
14.742928,5,8
11.272648,5,9
0.361637,5,10
2.344872,5,11
5.108453,5,12
2.259232,6,1
29.390864,6,2
106.359344,6,3
17.177544,6,4
6.501648,6,5
15.383451,6,7
33.904808,6,8
36.009075,6,9
5.248971,6,10
12.882685,6,11
21.150608,6,12
0.250315,7,1
2.794656,7,2
34.814283,7,3
9.438816,7,4
8.142432,7,5
8.764411,7,6
9.961069,7,8
7.248627,7,9
0.636685,7,10
3.545453,7,11
21.057768,7,12
4.830669,8,1
23.248496,8,2
145.485173,8,3
31.404984,8,4
26.314736,8,5
54.664909,8,6
19.595619,8,7
77.406256,8,9
17.092997,8,10
46.538619,8,11
174.451611,8,12
0.839637,9,1
55.479253,9,2
162.433557,9,3
48.928912,9,4
22.579251,9,5
62.308293,9,6
18.075877,9,7
123.204645,9,8
9.336435,9,10
26.485165,9,11
148.093504,9,12
0.026667,10,1
0.28672,10,2
2.310712,10,3
2.651568,10,4
3.172067,10,5
2.69172,10,6
0.294333,10,7
30.189755,10,8
25.501168,10,9
44.660659,10,11
2.234763,10,12
0.831219,11,1
21.168688,11,2
29.098088,11,3
14.412144,11,4
4.559736,11,5
14.616371,11,6
4.393619,11,7
61.437325,11,8
35.24236,11,9
4.909765,11,10
31.544757,11,12
2.83112,12,1
116.224635,12,2
89.333613,12,3
60.5508,12,4
37.030021,12,5
96.507787,12,6
43.552795,12,7
133.095851,12,8
192.782464,12,9
5.787915,12,10
41.868821,12,11
succeed
0.0,0.329952,0.861971,0.026667,1.430123,1.064989,2.716789,0.920229,0.093013,0.0,0.341653,0.557051
0.268061,0.0,16.788288,4.349003,7.298661,24.744077,3.339789,18.582328,15.515539,0.485677,4.499264,42.366803
0.665069,32.298909,0.0,35.227845,21.968469,65.033531,17.244931,73.528195,18.962595,3.439696,13.236291,47.285189
0.027333,8.191248,62.209237,0.0,22.288205,36.843941,8.825869,42.55924,20.582533,16.632477,24.490336,37.586149
0.101056,5.905453,51.518851,3.631349,0.0,4.605131,4.331173,14.742928,11.272648,0.361637,2.344872,5.108453
2.259232,29.390864,106.359344,17.177544,6.501648,0.0,15.383451,33.904808,36.009075,5.248971,12.882685,21.150608
0.250315,2.794656,34.814283,9.438816,8.142432,8.764411,0.0,9.961069,7.248627,0.636685,3.545453,21.057768
4.830669,23.248496,145.485173,31.404984,26.314736,54.664909,19.595619,0.0,77.406256,17.092997,46.538619,174.451611
0.839637,55.479253,162.433557,48.928912,22.579251,62.308293,18.075877,123.204645,0.0,9.336435,26.485165,148.093504
0.026667,0.28672,2.310712,2.651568,3.172067,2.69172,0.294333,30.189755,25.501168,0.0,44.660659,2.234763
0.831219,21.168688,29.098088,14.412144,4.559736,14.616371,4.393619,61.437325,35.24236,4.909765,0.0,31.544757
2.83112,116.224635,89.333613,60.5508,37.030021,96.507787,43.552795,133.095851,192.782464,5.787915,41.868821,0.0
