2170.23909
0.36596,1,2
0.307248,1,3
0.048747,1,4
0.094029,1,5
0.026667,1,6
0.236152,1,7
0.380149,1,8
0.333781,1,11
4.838771,1,12
5.873141,2,1
7.117195,2,3
3.916947,2,4
1.437741,2,5
18.271387,2,6
0.812435,2,7
18.364044,2,8
3.774051,2,9
0.977441,2,10
14.678019,2,11
64.174733,2,12
0.284845,3,1
20.035637,3,2
4.77716,3,4
20.585957,3,5
33.760384,3,6
20.731349,3,7
27.6916,3,8
9.485208,3,9
2.294931,3,10
28.725237,3,11
34.596408,3,12
0.098045,4,1
3.756864,4,2
77.634504,4,3
14.969589,4,5
14.332877,4,6
12.505888,4,7
6.016464,4,8
15.142184,4,9
6.155909,4,10
15.462939,4,11
19.239499,4,12
4.883955,5,1
1.026875,5,2
19.373581,5,3
1.075811,5,4
1.828707,5,6
4.981024,5,7
4.249131,5,8
1.862579,5,9
5.666843,5,11
3.272875,5,12
0.212989,6,1
4.805888,6,2
133.269235,6,3
3.107501,6,4
0.676061,6,5
1.901027,6,7
11.757237,6,8
7.127816,6,9
0.34568,6,10
28.273917,6,11
9.818667,6,12
0.644843,7,1
2.245232,7,2
113.709336,7,3
4.510024,7,4
2.678283,7,5
7.937019,7,6
2.991779,7,8
5.901304,7,9
2.572643,7,10
6.992312,7,11
6.990277,7,12
0.272267,8,1
8.69036,8,2
94.055459,8,3
13.981941,8,4
3.5402,8,5
8.818197,8,6
1.844984,8,7
34.019243,8,9
19.599677,8,10
48.01268,8,11
49.208851,8,12
0.308995,9,1
15.23288,9,2
31.487957,9,3
13.055387,9,4
3.266003,9,5
22.971357,9,6
3.708229,9,7
55.839403,9,8
3.713389,9,10
23.974845,9,11
52.602821,9,12
0.026667,10,2
0.026667,10,3
0.338304,10,4
0.274699,10,6
0.026667,10,7
12.545845,10,8
0.045787,10,9
22.122445,10,11
0.106667,10,12
0.946227,11,1
23.307173,11,2
45.10452,11,3
2.430381,11,4
3.670368,11,5
11.438331,11,6
3.702757,11,7
25.665376,11,8
11.606104,11,9
4.554445,11,10
33.209195,11,12
1.843429,12,1
77.546517,12,2
77.110109,12,3
56.952395,12,4
25.619115,12,5
30.617723,12,6
11.191875,12,7
70.372885,12,8
120.610285,12,9
1.780261,12,10
46.238179,12,11
succeed
0.0,0.36596,0.307248,0.048747,0.094029,0.026667,0.236152,0.380149,0.0,0.0,0.333781,4.838771
5.873141,0.0,7.117195,3.916947,1.437741,18.271387,0.812435,18.364044,3.774051,0.977441,14.678019,64.174733
0.284845,20.035637,0.0,4.77716,20.585957,33.760384,20.731349,27.6916,9.485208,2.294931,28.725237,34.596408
0.098045,3.756864,77.634504,0.0,14.969589,14.332877,12.505888,6.016464,15.142184,6.155909,15.462939,19.239499
4.883955,1.026875,19.373581,1.075811,0.0,1.828707,4.981024,4.249131,1.862579,0.0,5.666843,3.272875
0.212989,4.805888,133.269235,3.107501,0.676061,0.0,1.901027,11.757237,7.127816,0.34568,28.273917,9.818667
0.644843,2.245232,113.709336,4.510024,2.678283,7.937019,0.0,2.991779,5.901304,2.572643,6.992312,6.990277
0.272267,8.69036,94.055459,13.981941,3.5402,8.818197,1.844984,0.0,34.019243,19.599677,48.01268,49.208851
0.308995,15.23288,31.487957,13.055387,3.266003,22.971357,3.708229,55.839403,0.0,3.713389,23.974845,52.602821
0.0,0.026667,0.026667,0.338304,0.0,0.274699,0.026667,12.545845,0.045787,0.0,22.122445,0.106667
0.946227,23.307173,45.10452,2.430381,3.670368,11.438331,3.702757,25.665376,11.606104,4.554445,0.0,33.209195
1.843429,77.546517,77.110109,56.952395,25.619115,30.617723,11.191875,70.372885,120.610285,1.780261,46.238179,0.0
