1928.5298109999999
0.026667,1,2
0.18312,1,3
0.026667,1,4
0.026667,1,5
0.191125,1,8
0.053333,1,9
0.013333,1,10
0.08,1,11
0.385173,1,12
6.797336,2,3
7.953677,2,4
6.275984,2,5
15.346197,2,6
1.83688,2,7
19.097483,2,8
3.666405,2,9
0.099701,2,10
6.877203,2,11
47.191389,2,12
1.068755,3,1
5.446213,3,2
5.012901,3,4
4.4148,3,5
18.246669,3,6
3.302925,3,7
42.200669,3,8
6.147896,3,9
0.340067,3,10
4.422237,3,11
24.743008,3,12
0.238403,4,1
5.770776,4,2
63.031035,4,3
14.735133,4,5
27.313965,4,6
23.189459,4,7
17.164613,4,8
36.147688,4,9
20.306504,4,10
8.263675,4,11
30.713739,4,12
1.257168,5,1
11.036387,5,2
10.080125,5,3
1.108773,5,4
0.636507,5,6
0.547139,5,7
7.812571,5,8
1.513608,5,9
2.285437,5,11
1.476608,5,12
0.208213,6,1
16.400675,6,2
55.351387,6,3
4.07116,6,4
22.153832,6,5
3.117291,6,7
24.654613,6,8
13.518237,6,9
0.417872,6,10
14.197517,6,11
11.085576,6,12
1.333371,7,2
20.171605,7,3
8.935923,7,4
3.018349,7,5
9.371021,7,6
3.33332,7,8
1.892536,7,9
1.880416,7,10
4.898229,7,11
8.635771,7,12
0.080573,8,1
9.562888,8,2
113.459389,8,3
8.071224,8,4
7.158453,8,5
15.0376,8,6
1.809448,8,7
55.804109,8,9
10.703291,8,10
31.980688,8,11
25.910125,8,12
0.251347,9,1
11.929699,9,2
7.580397,9,3
29.799096,9,4
5.292957,9,5
17.330477,9,6
5.115107,9,7
70.837696,9,8
1.055213,9,10
17.135477,9,11
72.847253,9,12
0.170405,10,2
0.053333,10,3
0.536699,10,4
0.077547,10,5
4.836651,10,6
29.998221,10,8
0.249771,10,9
21.281088,10,11
0.066616,10,12
0.026667,11,1
7.796192,11,2
33.544187,11,3
2.632672,11,4
2.253344,11,5
7.604587,11,6
2.137909,11,7
16.885344,11,8
15.497811,11,9
2.361101,11,10
20.044853,11,12
0.140632,12,1
63.741792,12,2
62.304157,12,3
44.094653,12,4
35.086757,12,5
64.525739,12,6
16.083005,12,7
68.958619,12,8
112.525229,12,9
0.60752,12,10
28.903496,12,11
succeed
0.0,0.026667,0.18312,0.026667,0.026667,0.0,0.0,0.191125,0.053333,0.013333,0.08,0.385173
0.0,0.0,6.797336,7.953677,6.275984,15.346197,1.83688,19.097483,3.666405,0.099701,6.877203,47.191389
1.068755,5.446213,0.0,5.012901,4.4148,18.246669,3.302925,42.200669,6.147896,0.340067,4.422237,24.743008
0.238403,5.770776,63.031035,0.0,14.735133,27.313965,23.189459,17.164613,36.147688,20.306504,8.263675,30.713739
1.257168,11.036387,10.080125,1.108773,0.0,0.636507,0.547139,7.812571,1.513608,0.0,2.285437,1.476608
0.208213,16.400675,55.351387,4.07116,22.153832,0.0,3.117291,24.654613,13.518237,0.417872,14.197517,11.085576
0.0,1.333371,20.171605,8.935923,3.018349,9.371021,0.0,3.33332,1.892536,1.880416,4.898229,8.635771
0.080573,9.562888,113.459389,8.071224,7.158453,15.0376,1.809448,0.0,55.804109,10.703291,31.980688,25.910125
0.251347,11.929699,7.580397,29.799096,5.292957,17.330477,5.115107,70.837696,0.0,1.055213,17.135477,72.847253
0.0,0.170405,0.053333,0.536699,0.077547,4.836651,0.0,29.998221,0.249771,0.0,21.281088,0.066616
0.026667,7.796192,33.544187,2.632672,2.253344,7.604587,2.137909,16.885344,15.497811,2.361101,0.0,20.044853
0.140632,63.741792,62.304157,44.094653,35.086757,64.525739,16.083005,68.958619,112.525229,0.60752,28.903496,0.0
