2317.256341
0.223515,1,2
1.163795,1,3
0.196155,1,4
0.192645,1,5
1.779307,1,6
0.144245,1,7
0.864936,1,8
0.382667,1,9
0.053333,1,11
2.863301,1,12
1.737024,2,1
14.738029,2,3
5.33892,2,4
48.547195,2,5
18.505968,2,6
3.668579,2,7
21.856965,2,8
6.568392,2,9
0.284509,2,10
10.714235,2,11
41.128128,2,12
1.114067,3,1
28.463787,3,2
19.62028,3,4
14.306029,3,5
81.493075,3,6
10.48636,3,7
59.994933,3,8
15.173389,3,9
2.169381,3,10
5.127496,3,11
34.92328,3,12
0.181771,4,1
11.840315,4,2
31.609624,4,3
20.151963,4,5
11.226979,4,6
5.810355,4,7
8.068013,4,8
10.483472,4,9
18.233171,4,10
10.788187,4,11
20.38124,4,12
3.031227,5,1
8.153376,5,2
16.160821,5,3
1.784973,5,4
3.323528,5,6
6.794763,5,7
4.166947,5,8
2.511139,5,9
0.026667,5,10
3.188235,5,11
3.469893,5,12
0.792293,6,1
10.112723,6,2
40.698661,6,3
15.185515,6,4
8.549531,6,5
13.484893,6,7
32.993072,6,8
8.659099,6,9
1.323213,6,10
11.730672,6,11
24.865499,6,12
0.353085,7,1
3.981456,7,2
16.483861,7,3
5.716984,7,4
3.857832,7,5
8.482061,7,6
5.040765,7,8
3.601125,7,9
2.403467,7,10
3.470005,7,11
16.157947,7,12
1.029632,8,1
17.133328,8,2
70.843664,8,3
20.624424,8,4
4.616299,8,5
19.379261,8,6
6.488075,8,7
42.135456,8,9
22.442928,8,10
39.096637,8,11
120.810499,8,12
3.748272,9,1
42.085221,9,2
30.952136,9,3
16.404835,9,4
11.166856,9,5
28.863336,9,6
10.557163,9,7
60.428408,9,8
3.33624,9,10
22.203629,9,11
118.939045,9,12
0.026667,10,2
0.224808,10,3
14.692251,10,4
1.352197,10,6
16.932355,10,8
0.026667,10,9
26.903576,10,11
0.070128,10,12
0.455963,11,1
7.51964,11,2
8.683875,11,3
4.091619,11,4
4.307216,11,5
6.769216,11,6
4.273816,11,7
34.964632,11,8
8.040597,11,9
3.370856,11,10
8.724661,11,12
5.842048,12,1
73.486205,12,2
106.552,12,3
48.438792,12,4
19.03952,12,5
46.787445,12,6
17.049355,12,7
60.276453,12,8
146.607195,12,9
6.814989,12,10
28.491917,12,11
succeed
0.0,0.223515,1.163795,0.196155,0.192645,1.779307,0.144245,0.864936,0.382667,0.0,0.053333,2.863301
1.737024,0.0,14.738029,5.33892,48.547195,18.505968,3.668579,21.856965,6.568392,0.284509,10.714235,41.128128
1.114067,28.463787,0.0,19.62028,14.306029,81.493075,10.48636,59.994933,15.173389,2.169381,5.127496,34.92328
0.181771,11.840315,31.609624,0.0,20.151963,11.226979,5.810355,8.068013,10.483472,18.233171,10.788187,20.38124
3.031227,8.153376,16.160821,1.784973,0.0,3.323528,6.794763,4.166947,2.511139,0.026667,3.188235,3.469893
0.792293,10.112723,40.698661,15.185515,8.549531,0.0,13.484893,32.993072,8.659099,1.323213,11.730672,24.865499
0.353085,3.981456,16.483861,5.716984,3.857832,8.482061,0.0,5.040765,3.601125,2.403467,3.470005,16.157947
1.029632,17.133328,70.843664,20.624424,4.616299,19.379261,6.488075,0.0,42.135456,22.442928,39.096637,120.810499
3.748272,42.085221,30.952136,16.404835,11.166856,28.863336,10.557163,60.428408,0.0,3.33624,22.203629,118.939045
0.0,0.026667,0.224808,14.692251,0.0,1.352197,0.0,16.932355,0.026667,0.0,26.903576,0.070128
0.455963,7.51964,8.683875,4.091619,4.307216,6.769216,4.273816,34.964632,8.040597,3.370856,0.0,8.724661
5.842048,73.486205,106.552,48.438792,19.03952,46.787445,17.049355,60.276453,146.607195,6.814989,28.491917,0.0
