2995.669146
0.323325,1,2
0.133333,1,3
0.08,1,4
0.089323,1,5
0.056389,1,6
0.526245,1,7
0.626259,1,8
1.31248,1,9
0.026667,1,10
0.065205,1,11
0.982957,1,12
0.299171,2,1
17.865168,2,3
13.941592,2,4
5.925232,2,5
23.57108,2,6
17.493752,2,7
21.568587,2,8
6.111736,2,9
1.483763,2,10
6.408075,2,11
42.948053,2,12
0.148907,3,1
18.502483,3,2
26.898829,3,4
9.394803,3,5
45.421621,3,6
17.197117,3,7
54.508696,3,8
17.068195,3,9
2.614053,3,10
12.963112,3,11
24.679443,3,12
0.853139,4,1
18.282277,4,2
50.46112,4,3
33.360013,4,5
38.465819,4,6
24.21652,4,7
22.720515,4,8
11.872997,4,9
15.358384,4,10
8.647173,4,11
54.972635,4,12
3.548696,5,1
17.040416,5,2
17.284661,5,3
2.446392,5,4
12.103715,5,6
4.272459,5,7
12.090477,5,8
11.074704,5,9
0.274149,5,10
3.745925,5,11
10.987472,5,12
0.207035,6,1
24.761043,6,2
82.396661,6,3
14.221312,6,4
4.925581,6,5
13.203459,6,7
20.887603,6,8
20.112331,6,9
7.044309,6,10
8.605352,6,11
26.893043,6,12
0.398539,7,1
3.462581,7,2
19.072925,7,3
9.244584,7,4
4.40432,7,5
13.789293,7,6
5.87476,7,8
2.953768,7,9
3.195128,7,10
9.972083,7,11
15.446661,7,12
0.280973,8,1
27.548403,8,2
146.541597,8,3
29.655251,8,4
33.853325,8,5
64.215621,8,6
9.55452,8,7
38.588144,8,9
17.537341,8,10
29.147477,8,11
49.961253,8,12
2.523576,9,1
44.067888,9,2
60.827704,9,3
33.325101,9,4
21.881832,9,5
53.378819,9,6
30.793205,9,7
85.185856,9,8
5.163613,9,10
23.700619,9,11
102.605115,9,12
0.098715,10,2
0.375896,10,3
63.893256,10,4
0.133333,10,5
9.56284,10,6
0.277053,10,7
50.385435,10,8
0.472829,10,9
28.301459,10,11
0.301603,10,12
0.165005,11,1
8.206533,11,2
33.645664,11,3
36.703907,11,4
4.912381,11,5
10.642427,11,6
8.187221,11,7
33.481859,11,8
12.309699,11,9
5.517435,11,10
20.70192,11,12
1.661571,12,1
91.477533,12,2
108.940661,12,3
45.305107,12,4
32.888336,12,5
114.430765,12,6
18.340387,12,7
81.884315,12,8
147.485315,12,9
7.1046,12,10
31.149173,12,11
succeed
0.0,0.323325,0.133333,0.08,0.089323,0.056389,0.526245,0.626259,1.31248,0.026667,0.065205,0.982957
0.299171,0.0,17.865168,13.941592,5.925232,23.57108,17.493752,21.568587,6.111736,1.483763,6.408075,42.948053
0.148907,18.502483,0.0,26.898829,9.394803,45.421621,17.197117,54.508696,17.068195,2.614053,12.963112,24.679443
0.853139,18.282277,50.46112,0.0,33.360013,38.465819,24.21652,22.720515,11.872997,15.358384,8.647173,54.972635
3.548696,17.040416,17.284661,2.446392,0.0,12.103715,4.272459,12.090477,11.074704,0.274149,3.745925,10.987472
0.207035,24.761043,82.396661,14.221312,4.925581,0.0,13.203459,20.887603,20.112331,7.044309,8.605352,26.893043
0.398539,3.462581,19.072925,9.244584,4.40432,13.789293,0.0,5.87476,2.953768,3.195128,9.972083,15.446661
0.280973,27.548403,146.541597,29.655251,33.853325,64.215621,9.55452,0.0,38.588144,17.537341,29.147477,49.961253
2.523576,44.067888,60.827704,33.325101,21.881832,53.378819,30.793205,85.185856,0.0,5.163613,23.700619,102.605115
0.0,0.098715,0.375896,63.893256,0.133333,9.56284,0.277053,50.385435,0.472829,0.0,28.301459,0.301603
0.165005,8.206533,33.645664,36.703907,4.912381,10.642427,8.187221,33.481859,12.309699,5.517435,0.0,20.70192
1.661571,91.477533,108.940661,45.305107,32.888336,114.430765,18.340387,81.884315,147.485315,7.1046,31.149173,0.0
