3888.14245
0.244277,1,2
0.745517,1,3
0.773579,1,4
0.142093,1,5
0.260923,1,6
0.151829,1,7
0.554237,1,8
0.225152,1,9
0.053333,1,10
0.106667,1,11
0.819997,1,12
1.330416,2,1
18.251683,2,3
7.506861,2,4
44.216872,2,5
28.874816,2,6
10.502624,2,7
28.409797,2,8
35.248816,2,9
2.022824,2,10
5.21704,2,11
63.298365,2,12
0.236555,3,1
30.686664,3,2
26.482939,3,4
13.682659,3,5
71.716861,3,6
18.318203,3,7
85.048877,3,8
18.151456,3,9
4.192597,3,10
8.684608,3,11
34.408936,3,12
0.303363,4,1
21.053203,4,2
64.493803,4,3
16.032443,4,5
46.969493,4,6
31.826608,4,7
29.328192,4,8
36.908525,4,9
18.168277,4,10
22.23556,4,11
49.559739,4,12
3.235416,5,1
23.347957,5,2
24.886245,5,3
1.164685,5,4
5.572093,5,6
8.824688,5,7
8.566413,5,8
8.795219,5,9
0.246517,5,10
3.958296,5,11
12.324669,5,12
0.625139,6,1
30.564389,6,2
112.862147,6,3
7.323885,6,4
12.894275,6,5
10.494779,6,7
44.339971,6,8
49.723219,6,9
6.433445,6,10
12.512453,6,11
64.049213,6,12
1.079867,7,1
5.864155,7,2
39.185616,7,3
31.589648,7,4
8.567224,7,5
17.224619,7,6
17.363176,7,8
7.127389,7,9
2.402757,7,10
3.720128,7,11
19.980691,7,12
2.68028,8,1
35.593208,8,2
146.317648,8,3
22.596408,8,4
24.6198,8,5
42.611755,8,6
31.580893,8,7
95.477851,8,9
29.982472,8,10
43.682931,8,11
120.730739,8,12
0.95716,9,1
54.122363,9,2
59.054736,9,3
44.277587,9,4
22.351405,9,5
68.417829,9,6
16.954368,9,7
115.882867,9,8
6.541429,9,10
29.316621,9,11
144.229003,9,12
1.789509,10,2
1.408493,10,3
22.767157,10,4
0.730243,10,5
6.351229,10,6
0.411493,10,7
53.275123,10,8
2.140275,10,9
50.997613,10,11
0.855085,10,12
0.398987,11,1
15.649424,11,2
34.372856,11,3
6.498445,11,4
16.177269,11,5
25.449885,11,6
12.212395,11,7
41.022291,11,8
21.090493,11,9
4.692507,11,10
21.455875,11,12
2.067312,12,1
155.827755,12,2
83.090845,12,3
95.061275,12,4
35.858248,12,5
97.883736,12,6
28.411536,12,7
130.281699,12,8
200.694355,12,9
12.288963,12,10
44.653064,12,11
succeed
0.0,0.244277,0.745517,0.773579,0.142093,0.260923,0.151829,0.554237,0.225152,0.053333,0.106667,0.819997
1.330416,0.0,18.251683,7.506861,44.216872,28.874816,10.502624,28.409797,35.248816,2.022824,5.21704,63.298365
0.236555,30.686664,0.0,26.482939,13.682659,71.716861,18.318203,85.048877,18.151456,4.192597,8.684608,34.408936
0.303363,21.053203,64.493803,0.0,16.032443,46.969493,31.826608,29.328192,36.908525,18.168277,22.23556,49.559739
3.235416,23.347957,24.886245,1.164685,0.0,5.572093,8.824688,8.566413,8.795219,0.246517,3.958296,12.324669
0.625139,30.564389,112.862147,7.323885,12.894275,0.0,10.494779,44.339971,49.723219,6.433445,12.512453,64.049213
1.079867,5.864155,39.185616,31.589648,8.567224,17.224619,0.0,17.363176,7.127389,2.402757,3.720128,19.980691
2.68028,35.593208,146.317648,22.596408,24.6198,42.611755,31.580893,0.0,95.477851,29.982472,43.682931,120.730739
0.95716,54.122363,59.054736,44.277587,22.351405,68.417829,16.954368,115.882867,0.0,6.541429,29.316621,144.229003
0.0,1.789509,1.408493,22.767157,0.730243,6.351229,0.411493,53.275123,2.140275,0.0,50.997613,0.855085
0.398987,15.649424,34.372856,6.498445,16.177269,25.449885,12.212395,41.022291,21.090493,4.692507,0.0,21.455875
2.067312,155.827755,83.090845,95.061275,35.858248,97.883736,28.411536,130.281699,200.694355,12.288963,44.653064,0.0
