4069.463134
3.036949,1,2
2.321624,1,3
0.411571,1,4
0.448021,1,5
1.392304,1,6
0.843,1,7
1.73208,1,8
1.993675,1,9
0.244453,1,10
0.749893,1,11
2.686235,1,12
0.85988,2,1
36.009949,2,3
33.477275,2,4
8.634971,2,5
28.714472,2,6
14.404771,2,7
17.699577,2,8
18.926896,2,9
3.517793,2,10
8.318131,2,11
78.646675,2,12
0.467429,3,1
15.916757,3,2
16.122152,3,4
27.540453,3,5
61.317587,3,6
12.071293,3,7
39.504805,3,8
13.871827,3,9
5.674048,3,10
14.45752,3,11
22.209504,3,12
0.929464,4,1
15.19248,4,2
66.197008,4,3
26.946389,4,5
44.075512,4,6
27.331619,4,7
23.841325,4,8
34.110957,4,9
14.671827,4,10
19.548824,4,11
60.37008,4,12
0.96276,5,1
5.487893,5,2
44.894491,5,3
5.004405,5,4
9.578179,5,6
4.502957,5,7
192.714731,5,8
9.769989,5,9
2.5828,5,10
5.127992,5,11
9.104952,5,12
1.367891,6,1
33.273021,6,2
162.418597,6,3
30.559117,6,4
13.013616,6,5
20.882981,6,7
33.812859,6,8
65.926451,6,9
8.669541,6,10
25.661365,6,11
85.957104,6,12
1.317192,7,1
7.876461,7,2
48.834341,7,3
14.051611,7,4
5.335584,7,5
17.912904,7,6
6.083325,7,8
11.025347,7,9
3.775037,7,10
4.660461,7,11
15.060069,7,12
1.249768,8,1
30.124691,8,2
116.201781,8,3
20.166379,8,4
15.019285,8,5
57.458512,8,6
11.351432,8,7
56.797832,8,9
16.426573,8,10
40.167147,8,11
65.916125,8,12
4.722088,9,1
69.20712,9,2
93.067152,9,3
43.541232,9,4
22.28364,9,5
97.184304,9,6
33.609155,9,7
77.359139,9,8
17.727792,9,10
39.666776,9,11
167.45472,9,12
0.247349,10,1
2.026197,10,2
9.740987,10,3
4.07808,10,4
1.213869,10,5
4.969779,10,6
1.732968,10,7
33.1354,10,8
2.859656,10,9
60.164616,10,11
2.800912,10,12
0.181107,11,1
19.705093,11,2
83.74064,11,3
8.959251,11,4
7.238819,11,5
28.35876,11,6
6.428933,11,7
32.47992,11,8
16.837427,11,9
13.311912,11,10
25.698808,11,12
3.224936,12,1
133.593395,12,2
94.697192,12,3
75.70608,12,4
33.176443,12,5
115.528085,12,6
26.360307,12,7
70.25784,12,8
260.052248,12,9
10.761035,12,10
48.847368,12,11
succeed
0.0,3.036949,2.321624,0.411571,0.448021,1.392304,0.843,1.73208,1.993675,0.244453,0.749893,2.686235
0.85988,0.0,36.009949,33.477275,8.634971,28.714472,14.404771,17.699577,18.926896,3.517793,8.318131,78.646675
0.467429,15.916757,0.0,16.122152,27.540453,61.317587,12.071293,39.504805,13.871827,5.674048,14.45752,22.209504
0.929464,15.19248,66.197008,0.0,26.946389,44.075512,27.331619,23.841325,34.110957,14.671827,19.548824,60.37008
0.96276,5.487893,44.894491,5.004405,0.0,9.578179,4.502957,192.714731,9.769989,2.5828,5.127992,9.104952
1.367891,33.273021,162.418597,30.559117,13.013616,0.0,20.882981,33.812859,65.926451,8.669541,25.661365,85.957104
1.317192,7.876461,48.834341,14.051611,5.335584,17.912904,0.0,6.083325,11.025347,3.775037,4.660461,15.060069
1.249768,30.124691,116.201781,20.166379,15.019285,57.458512,11.351432,0.0,56.797832,16.426573,40.167147,65.916125
4.722088,69.20712,93.067152,43.541232,22.28364,97.184304,33.609155,77.359139,0.0,17.727792,39.666776,167.45472
0.247349,2.026197,9.740987,4.07808,1.213869,4.969779,1.732968,33.1354,2.859656,0.0,60.164616,2.800912
0.181107,19.705093,83.74064,8.959251,7.238819,28.35876,6.428933,32.47992,16.837427,13.311912,0.0,25.698808
3.224936,133.593395,94.697192,75.70608,33.176443,115.528085,26.360307,70.25784,260.052248,10.761035,48.847368,0.0
