2599.007068
0.236552,1,2
0.7922,1,3
0.200363,1,4
0.096264,1,5
0.361496,1,6
1.503003,1,7
0.475328,1,8
0.261315,1,9
0.166445,1,11
1.8784,1,12
0.397629,2,1
47.806565,2,3
6.890685,2,4
39.960896,2,5
22.332648,2,6
2.467195,2,7
21.006733,2,8
4.919243,2,9
0.321421,2,10
4.815923,2,11
32.774024,2,12
1.594456,3,1
17.489259,3,2
29.800979,3,4
12.614995,3,5
66.890483,3,6
11.089069,3,7
96.344021,3,8
21.617024,3,9
2.271243,3,10
17.035539,3,11
34.752171,3,12
0.897589,4,1
11.127475,4,2
54.091424,4,3
19.188355,4,5
29.997101,4,6
21.12864,4,7
13.505485,4,8
7.505008,4,9
10.04004,4,10
13.425056,4,11
49.350483,4,12
1.245587,5,1
2.668995,5,2
30.42608,5,3
6.020221,5,4
6.671573,5,6
4.512931,5,7
8.303576,5,8
17.746093,5,9
1.793557,5,10
3.346803,5,11
6.423368,5,12
1.026416,6,1
24.477856,6,2
84.553693,6,3
10.844168,6,4
7.527768,6,5
9.633693,6,7
53.073797,6,8
12.471096,6,9
2.470773,6,10
10.027779,6,11
44.162992,6,12
3.308224,8,1
21.222192,8,2
107.620765,8,3
20.925349,8,4
31.924979,8,5
54.882181,8,6
5.417269,8,7
15.309469,8,9
12.701717,8,10
43.627483,8,11
115.188757,8,12
0.525341,10,2
0.671088,10,3
11.432848,10,4
0.370624,10,5
11.222243,10,6
3.762149,10,7
66.037035,10,8
0.572373,10,9
63.958683,10,11
0.611819,10,12
0.691784,11,1
7.937357,11,2
21.622037,11,3
3.310421,11,4
10.416611,11,5
11.864987,11,6
1.172632,11,7
39.434749,11,8
6.806939,11,9
5.351989,11,10
8.702517,11,12
2.086957,12,1
117.533133,12,2
84.218259,12,3
65.719237,12,4
30.595608,12,5
63.539245,12,6
27.896891,12,7
160.452171,12,8
216.384275,12,9
4.122088,12,10
37.005555,12,11
succeed
0.0,0.236552,0.7922,0.200363,0.096264,0.361496,1.503003,0.475328,0.261315,0.0,0.166445,1.8784
0.397629,0.0,47.806565,6.890685,39.960896,22.332648,2.467195,21.006733,4.919243,0.321421,4.815923,32.774024
1.594456,17.489259,0.0,29.800979,12.614995,66.890483,11.089069,96.344021,21.617024,2.271243,17.035539,34.752171
0.897589,11.127475,54.091424,0.0,19.188355,29.997101,21.12864,13.505485,7.505008,10.04004,13.425056,49.350483
1.245587,2.668995,30.42608,6.020221,0.0,6.671573,4.512931,8.303576,17.746093,1.793557,3.346803,6.423368
1.026416,24.477856,84.553693,10.844168,7.527768,0.0,9.633693,53.073797,12.471096,2.470773,10.027779,44.162992
0.0,0.0,0.0,0.0,0.0,0.0,0.0,0.0,0.0,0.0,0.0,0.0
3.308224,21.222192,107.620765,20.925349,31.924979,54.882181,5.417269,0.0,15.309469,12.701717,43.627483,115.188757
0.0,0.0,0.0,0.0,0.0,0.0,0.0,0.0,0.0,0.0,0.0,0.0
0.0,0.525341,0.671088,11.432848,0.370624,11.222243,3.762149,66.037035,0.572373,0.0,63.958683,0.611819
0.691784,7.937357,21.622037,3.310421,10.416611,11.864987,1.172632,39.434749,6.806939,5.351989,0.0,8.702517
2.086957,117.533133,84.218259,65.719237,30.595608,63.539245,27.896891,160.452171,216.384275,4.122088,37.005555,0.0
