8884.019537
0.921139,1,2
1.345144,1,3
0.263664,1,4
0.247259,1,5
0.894949,1,6
0.469504,1,7
0.026667,1,8
1.360829,1,9
0.046037,1,10
0.800536,1,11
1.265904,1,12
0.673824,2,1
24.828728,2,3
5.72728,2,4
5.583419,2,5
24.750293,2,6
5.104725,2,7
18.147237,2,8
11.814563,2,9
0.792363,2,10
16.403405,2,11
43.493301,2,12
1.119792,3,1
28.88228,3,2
9.961648,3,4
17.47656,3,5
85.480816,3,6
15.217147,3,7
45.674413,3,8
15.622744,3,9
4.842496,3,10
26.244291,3,11
24.990827,3,12
2.241707,4,1
8.581784,4,2
28.374603,4,3
15.751237,4,5
10.667475,4,6
21.636904,4,7
15.503443,4,8
8.181363,4,9
12.628531,4,10
28.597328,4,11
35.343459,4,12
0.50664,5,1
5.722115,5,2
17.369123,5,3
2.52932,5,4
6.770568,5,6
10.863637,5,7
3.135229,5,8
3.001656,5,9
0.187275,5,10
10.771899,5,11
6.344101,5,12
0.60052,6,1
17.205808,6,2
55.121344,6,3
8.339421,6,4
5.090488,6,5
9.535677,6,7
13.955907,6,8
8.35552,6,9
1.289051,6,10
41.125912,6,11
18.146221,6,12
1.031656,7,1
7.04432,7,2
26.811336,7,3
9.730453,7,4
7.254965,7,5
19.018528,7,6
5.385595,7,8
5.80428,7,9
2.817397,7,10
10.060232,7,11
15.740344,7,12
0.335917,8,1
12.256861,8,2
6357.2688,8,3
12.70852,8,4
5.361731,8,5
29.806235,8,6
6.282579,8,7
49.475472,8,9
22.077117,8,10
67.638419,8,11
48.068243,8,12
3.00928,9,1
34.64384,9,2
36.751787,9,3
21.668587,9,4
16.668792,9,5
26.74216,9,6
12.709635,9,7
65.571285,9,8
9.318765,9,10
31.91612,9,11
95.525797,9,12
0.248747,10,2
0.08,10,3
1.646989,10,4
0.332877,10,6
9.775371,10,8
0.157139,10,9
17.250133,10,11
0.112437,10,12
0.894635,11,1
24.275504,11,2
39.980531,11,3
31.223928,11,4
8.931635,11,5
28.261816,11,6
22.051109,11,7
45.644344,11,8
13.361979,11,9
3.408099,11,10
31.549784,11,12
1.758021,12,1
92.460608,12,2
82.356795,12,3
68.343027,12,4
34.654923,12,5
43.102968,12,6
40.757136,12,7
73.195949,12,8
152.934979,12,9
2.00448,12,10
62.809496,12,11
succeed
0.0,0.921139,1.345144,0.263664,0.247259,0.894949,0.469504,0.026667,1.360829,0.046037,0.800536,1.265904
0.673824,0.0,24.828728,5.72728,5.583419,24.750293,5.104725,18.147237,11.814563,0.792363,16.403405,43.493301
1.119792,28.88228,0.0,9.961648,17.47656,85.480816,15.217147,45.674413,15.622744,4.842496,26.244291,24.990827
2.241707,8.581784,28.374603,0.0,15.751237,10.667475,21.636904,15.503443,8.181363,12.628531,28.597328,35.343459
0.50664,5.722115,17.369123,2.52932,0.0,6.770568,10.863637,3.135229,3.001656,0.187275,10.771899,6.344101
0.60052,17.205808,55.121344,8.339421,5.090488,0.0,9.535677,13.955907,8.35552,1.289051,41.125912,18.146221
1.031656,7.04432,26.811336,9.730453,7.254965,19.018528,0.0,5.385595,5.80428,2.817397,10.060232,15.740344
0.335917,12.256861,6357.2688,12.70852,5.361731,29.806235,6.282579,0.0,49.475472,22.077117,67.638419,48.068243
3.00928,34.64384,36.751787,21.668587,16.668792,26.74216,12.709635,65.571285,0.0,9.318765,31.91612,95.525797
0.0,0.248747,0.08,1.646989,0.0,0.332877,0.0,9.775371,0.157139,0.0,17.250133,0.112437
0.894635,24.275504,39.980531,31.223928,8.931635,28.261816,22.051109,45.644344,13.361979,3.408099,0.0,31.549784
1.758021,92.460608,82.356795,68.343027,34.654923,43.102968,40.757136,73.195949,152.934979,2.00448,62.809496,0.0
