2500.365768
0.432659,1,2
0.053333,1,3
0.075109,1,4
0.135581,1,5
1.267421,1,6
0.610312,1,7
0.40392,1,8
0.141464,1,9
0.702864,1,11
1.130235,1,12
0.288373,2,1
14.914373,2,3
6.519739,2,4
13.649824,2,5
23.170531,2,6
16.252291,2,7
15.984987,2,8
6.044379,2,9
0.522803,2,10
22.624661,2,11
41.852651,2,12
0.33988,3,1
17.114115,3,2
8.604011,3,4
18.489323,3,5
46.968453,3,6
14.716976,3,7
50.47148,3,8
9.291744,3,9
2.381755,3,10
29.827216,3,11
39.885877,3,12
0.356299,4,1
14.652397,4,2
42.78504,4,3
20.350981,4,5
15.000216,4,6
9.405704,4,7
17.801248,4,8
7.673712,4,9
10.807944,4,10
26.621205,4,11
21.468821,4,12
5.059136,5,1
3.258149,5,2
13.319405,5,3
2.319459,5,4
4.806781,5,6
8.397592,5,7
10.857507,5,8
14.575619,5,9
0.077163,5,10
10.987557,5,11
15.466176,5,12
1.281512,6,1
17.348808,6,2
58.201792,6,3
9.656491,6,4
18.152797,6,5
7.056853,6,7
9.741352,6,8
13.157125,6,9
3.547091,6,10
36.822979,6,11
19.353872,6,12
0.481344,7,1
7.022608,7,2
21.325445,7,3
5.172789,7,4
4.55156,7,5
13.105741,7,6
8.061693,7,8
3.434725,7,9
2.692947,7,10
19.645107,7,11
18.855872,7,12
1.410579,8,1
26.315027,8,2
68.071187,8,3
19.993805,8,4
7.480813,8,5
20.168667,8,6
16.710085,8,7
46.917848,8,9
20.788275,8,10
85.100296,8,11
68.521672,8,12
0.822229,9,1
23.12504,9,2
21.682936,9,3
11.291571,9,4
14.101101,9,5
18.019061,9,6
8.617061,9,7
62.285171,9,8
4.846384,9,10
27.457171,9,11
50.872349,9,12
0.137792,10,2
0.026667,10,3
2.571677,10,4
0.026667,10,5
0.433232,10,6
1.167019,10,7
14.419373,10,8
0.117549,10,9
26.389512,10,11
0.026667,10,12
2.293357,11,1
26.356435,11,2
36.322603,11,3
22.235315,11,4
9.664435,11,5
30.778811,11,6
28.140536,11,7
43.360419,11,8
13.026965,11,9
5.196533,11,10
41.968928,11,12
0.724731,12,1
71.688293,12,2
81.969376,12,3
50.088139,12,4
32.824755,12,5
42.875928,12,6
18.698205,12,7
85.785645,12,8
142.059013,12,9
9.649288,12,10
55.156621,12,11
succeed
0.0,0.432659,0.053333,0.075109,0.135581,1.267421,0.610312,0.40392,0.141464,0.0,0.702864,1.130235
0.288373,0.0,14.914373,6.519739,13.649824,23.170531,16.252291,15.984987,6.044379,0.522803,22.624661,41.852651
0.33988,17.114115,0.0,8.604011,18.489323,46.968453,14.716976,50.47148,9.291744,2.381755,29.827216,39.885877
0.356299,14.652397,42.78504,0.0,20.350981,15.000216,9.405704,17.801248,7.673712,10.807944,26.621205,21.468821
5.059136,3.258149,13.319405,2.319459,0.0,4.806781,8.397592,10.857507,14.575619,0.077163,10.987557,15.466176
1.281512,17.348808,58.201792,9.656491,18.152797,0.0,7.056853,9.741352,13.157125,3.547091,36.822979,19.353872
0.481344,7.022608,21.325445,5.172789,4.55156,13.105741,0.0,8.061693,3.434725,2.692947,19.645107,18.855872
1.410579,26.315027,68.071187,19.993805,7.480813,20.168667,16.710085,0.0,46.917848,20.788275,85.100296,68.521672
0.822229,23.12504,21.682936,11.291571,14.101101,18.019061,8.617061,62.285171,0.0,4.846384,27.457171,50.872349
0.0,0.137792,0.026667,2.571677,0.026667,0.433232,1.167019,14.419373,0.117549,0.0,26.389512,0.026667
2.293357,26.356435,36.322603,22.235315,9.664435,30.778811,28.140536,43.360419,13.026965,5.196533,0.0,41.968928
0.724731,71.688293,81.969376,50.088139,32.824755,42.875928,18.698205,85.785645,142.059013,9.649288,55.156621,0.0
