1888.8776619999999
0.750688,1,2
0.455965,1,3
0.053333,1,5
0.685099,1,7
0.624645,1,8
0.053333,1,9
0.161875,1,11
0.276717,1,12
0.08,2,1
6.511563,2,3
5.466712,2,4
0.657035,2,5
10.9904,2,6
0.396608,2,7
11.527603,2,8
8.904275,2,9
0.056491,2,10
3.884776,2,11
31.548517,2,12
0.88176,3,1
7.959528,3,2
3.012685,3,4
6.193693,3,5
26.050856,3,6
9.040867,3,7
32.207848,3,8
9.157227,3,9
0.364155,3,10
7.23592,3,11
21.825584,3,12
0.22992,4,1
2.987677,4,2
32.439285,4,3
22.49964,4,5
21.824235,4,6
19.603139,4,7
6.570883,4,8
17.295749,4,9
6.289933,4,10
18.522016,4,11
39.116928,4,12
1.60776,5,1
0.738507,5,2
12.463904,5,3
4.105568,5,4
0.752229,5,6
1.209043,5,7
6.056728,5,8
1.715923,5,9
1.191296,5,11
3.856864,5,12
3.625099,6,2
39.689589,6,3
7.240621,6,4
3.711133,6,5
1.863155,6,7
10.428248,6,8
10.96228,6,9
0.113149,6,10
18.87456,6,11
18.784627,6,12
0.026667,7,1
3.267261,7,2
8.798619,7,3
4.7064,7,4
3.008595,7,5
13.289835,7,6
5.295069,7,8
1.247547,7,9
2.222539,7,10
3.251797,7,11
8.255733,7,12
6.525451,8,1
8.988963,8,2
54.491112,8,3
25.002787,8,4
3.658931,8,5
11.48688,8,6
2.092123,8,7
28.075944,8,9
25.344976,8,10
34.655352,8,11
76.102584,8,12
1.187003,9,1
29.039928,9,2
27.646221,9,3
27.170235,9,4
10.296224,9,5
10.896197,9,6
6.098979,9,7
72.792211,9,8
1.565691,9,10
26.468363,9,11
41.270685,9,12
0.026667,10,2
1.060136,10,4
0.147192,10,6
0.026667,10,7
31.675307,10,8
35.377373,10,11
0.08,10,12
3.050392,11,1
6.402251,11,2
12.129139,11,3
1.864616,11,4
2.062627,11,5
4.211859,11,6
2.199325,11,7
15.382837,11,8
33.068053,11,9
2.314851,11,10
6.070733,11,12
0.439288,12,1
119.500747,12,2
80.289571,12,3
47.495909,12,4
13.762608,12,5
49.162707,12,6
15.80008,12,7
106.89892,12,8
116.198752,12,9
0.637843,12,10
53.928864,12,11
succeed
0.0,0.750688,0.455965,0.0,0.053333,0.0,0.685099,0.624645,0.053333,0.0,0.161875,0.276717
0.08,0.0,6.511563,5.466712,0.657035,10.9904,0.396608,11.527603,8.904275,0.056491,3.884776,31.548517
0.88176,7.959528,0.0,3.012685,6.193693,26.050856,9.040867,32.207848,9.157227,0.364155,7.23592,21.825584
0.22992,2.987677,32.439285,0.0,22.49964,21.824235,19.603139,6.570883,17.295749,6.289933,18.522016,39.116928
1.60776,0.738507,12.463904,4.105568,0.0,0.752229,1.209043,6.056728,1.715923,0.0,1.191296,3.856864
0.0,3.625099,39.689589,7.240621,3.711133,0.0,1.863155,10.428248,10.96228,0.113149,18.87456,18.784627
0.026667,3.267261,8.798619,4.7064,3.008595,13.289835,0.0,5.295069,1.247547,2.222539,3.251797,8.255733
6.525451,8.988963,54.491112,25.002787,3.658931,11.48688,2.092123,0.0,28.075944,25.344976,34.655352,76.102584
1.187003,29.039928,27.646221,27.170235,10.296224,10.896197,6.098979,72.792211,0.0,1.565691,26.468363,41.270685
0.0,0.026667,0.0,1.060136,0.0,0.147192,0.026667,31.675307,0.0,0.0,35.377373,0.08
3.050392,6.402251,12.129139,1.864616,2.062627,4.211859,2.199325,15.382837,33.068053,2.314851,0.0,6.070733
0.439288,119.500747,80.289571,47.495909,13.762608,49.162707,15.80008,106.89892,116.198752,0.637843,53.928864,0.0
