2038.06554
0.268683,1,2
2.155413,1,3
0.1288,1,5
0.106667,1,6
0.116752,1,7
0.112352,1,8
0.280149,1,9
0.034976,1,10
0.478424,1,11
0.362528,1,12
0.0652,2,1
9.720501,2,3
0.652451,2,4
21.787101,2,5
20.097984,2,6
1.77616,2,7
19.063584,2,8
7.117515,2,9
0.081232,2,10
9.296051,2,11
31.170907,2,12
1.367813,3,1
16.798624,3,2
9.842552,3,4
21.528848,3,5
74.331059,3,6
31.982608,3,7
57.147032,3,8
30.311613,3,9
2.829968,3,10
16.193707,3,11
25.716637,3,12
0.099264,4,1
7.363669,4,2
37.356912,4,3
20.948077,4,5
8.538451,4,6
14.551917,4,7
8.253552,4,8
4.817611,4,9
8.827024,4,10
22.707456,4,11
21.66072,4,12
1.481333,5,1
10.569792,5,2
10.239837,5,3
0.872072,5,4
3.111016,5,6
8.155168,5,7
37.112424,5,8
2.010091,5,9
3.225533,5,11
3.801067,5,12
0.235125,6,1
14.599968,6,2
51.626277,6,3
14.585853,6,4
0.990851,6,5
2.987581,6,7
16.857563,6,8
6.901629,6,9
0.195179,6,10
16.253125,6,11
11.376469,6,12
2.637979,7,2
21.827349,7,3
8.608419,7,4
1.951475,7,5
19.648539,7,6
4.177856,7,8
3.743717,7,9
1.760197,7,10
5.139251,7,11
7.906616,7,12
0.026667,8,1
5.640403,8,2
50.931173,8,3
9.274056,8,4
3.751848,8,5
7.597216,8,6
2.816389,8,7
27.825528,8,9
15.864064,8,10
54.66236,8,11
43.164371,8,12
1.317733,9,1
16.700184,9,2
23.720229,9,3
12.649059,9,4
3.987707,9,5
20.624085,9,6
5.789819,9,7
40.647637,9,8
0.999067,9,10
17.742165,9,11
45.497451,9,12
0.026667,10,2
0.060355,10,3
3.156376,10,4
0.026667,10,5
0.346203,10,6
4.775341,10,8
0.053712,10,9
15.859043,10,11
0.053333,10,12
0.292968,11,1
26.632704,11,2
41.266139,11,3
8.040472,11,4
10.342059,11,5
30.982363,11,6
12.901573,11,7
17.182637,11,8
22.060283,11,9
1.183243,11,10
39.851336,11,12
1.795757,12,1
118.734035,12,2
46.64872,12,3
66.365275,12,4
36.029059,12,5
40.811173,12,6
8.001603,12,7
55.822536,12,8
114.420813,12,9
0.686328,12,10
39.789661,12,11
succeed
0.0,0.268683,2.155413,0.0,0.1288,0.106667,0.116752,0.112352,0.280149,0.034976,0.478424,0.362528
0.0652,0.0,9.720501,0.652451,21.787101,20.097984,1.77616,19.063584,7.117515,0.081232,9.296051,31.170907
1.367813,16.798624,0.0,9.842552,21.528848,74.331059,31.982608,57.147032,30.311613,2.829968,16.193707,25.716637
0.099264,7.363669,37.356912,0.0,20.948077,8.538451,14.551917,8.253552,4.817611,8.827024,22.707456,21.66072
1.481333,10.569792,10.239837,0.872072,0.0,3.111016,8.155168,37.112424,2.010091,0.0,3.225533,3.801067
0.235125,14.599968,51.626277,14.585853,0.990851,0.0,2.987581,16.857563,6.901629,0.195179,16.253125,11.376469
0.0,2.637979,21.827349,8.608419,1.951475,19.648539,0.0,4.177856,3.743717,1.760197,5.139251,7.906616
0.026667,5.640403,50.931173,9.274056,3.751848,7.597216,2.816389,0.0,27.825528,15.864064,54.66236,43.164371
1.317733,16.700184,23.720229,12.649059,3.987707,20.624085,5.789819,40.647637,0.0,0.999067,17.742165,45.497451
0.0,0.026667,0.060355,3.156376,0.026667,0.346203,0.0,4.775341,0.053712,0.0,15.859043,0.053333
0.292968,26.632704,41.266139,8.040472,10.342059,30.982363,12.901573,17.182637,22.060283,1.183243,0.0,39.851336
1.795757,118.734035,46.64872,66.365275,36.029059,40.811173,8.001603,55.822536,114.420813,0.686328,39.789661,0.0
