1554.536868
0.053333,1,2
0.803824,1,3
0.085355,1,5
0.225269,1,6
0.098304,1,8
1.190208,1,9
0.026667,1,11
0.405461,1,12
0.150704,2,1
5.880891,2,3
3.434453,2,4
0.441931,2,5
13.747675,2,6
0.722011,2,7
12.292843,2,8
5.665232,2,9
0.013333,2,10
3.686963,2,11
51.635075,2,12
0.069013,3,1
3.437856,3,2
22.809768,3,4
8.869195,3,5
8.943328,3,6
17.323416,3,7
45.721813,3,8
3.252667,3,9
0.8966,3,10
5.695459,3,11
15.440792,3,12
0.026667,4,1
9.532952,4,2
28.688408,4,3
12.603859,4,5
32.693936,4,6
5.837253,4,7
11.276627,4,8
12.923789,4,9
7.860816,4,10
8.063029,4,11
32.072827,4,12
4.805187,5,1
5.818173,5,2
6.074795,5,3
1.119037,5,4
0.467869,5,6
0.514453,5,7
6.031067,5,8
1.836995,5,9
0.893907,5,11
3.564563,5,12
0.195163,6,1
11.557448,6,2
42.115469,6,3
8.109032,6,4
0.332021,6,5
1.486125,6,7
14.941429,6,8
19.844547,6,9
0.098352,6,10
19.359693,6,11
11.944973,6,12
0.564165,7,2
14.24816,7,3
8.711048,7,4
4.786997,7,5
7.683288,7,6
6.199309,7,8
2.030216,7,9
1.981237,7,10
3.703112,7,11
9.554392,7,12
8.541637,8,2
65.146067,8,3
10.010485,8,4
5.523205,8,5
22.9218,8,6
3.843848,8,7
23.379045,8,9
6.246072,8,10
36.522797,8,11
16.758776,8,12
0.138595,9,1
10.960896,9,2
14.521109,9,3
30.757264,9,4
2.26592,9,5
11.439571,9,6
2.832805,9,7
57.946003,9,8
1.042883,9,10
16.778904,9,11
38.235323,9,12
0.08,10,2
0.053333,10,3
3.817544,10,4
0.035115,10,5
0.225741,10,6
22.734277,10,8
0.176053,10,9
20.824088,10,11
0.080821,10,12
0.986019,11,1
5.391888,11,2
18.536099,11,3
5.626179,11,4
4.622805,11,5
5.213832,11,6
7.748859,11,7
33.674773,11,8
6.584216,11,9
1.189875,11,10
8.670259,11,12
0.026667,12,1
103.278043,12,2
35.09996,12,3
49.290835,12,4
10.699531,12,5
12.941637,12,6
7.497333,12,7
77.504211,12,8
86.632051,12,9
2.160731,12,10
22.149264,12,11
succeed
0.0,0.053333,0.803824,0.0,0.085355,0.225269,0.0,0.098304,1.190208,0.0,0.026667,0.405461
0.150704,0.0,5.880891,3.434453,0.441931,13.747675,0.722011,12.292843,5.665232,0.013333,3.686963,51.635075
0.069013,3.437856,0.0,22.809768,8.869195,8.943328,17.323416,45.721813,3.252667,0.8966,5.695459,15.440792
0.026667,9.532952,28.688408,0.0,12.603859,32.693936,5.837253,11.276627,12.923789,7.860816,8.063029,32.072827
4.805187,5.818173,6.074795,1.119037,0.0,0.467869,0.514453,6.031067,1.836995,0.0,0.893907,3.564563
0.195163,11.557448,42.115469,8.109032,0.332021,0.0,1.486125,14.941429,19.844547,0.098352,19.359693,11.944973
0.0,0.564165,14.24816,8.711048,4.786997,7.683288,0.0,6.199309,2.030216,1.981237,3.703112,9.554392
0.0,8.541637,65.146067,10.010485,5.523205,22.9218,3.843848,0.0,23.379045,6.246072,36.522797,16.758776
0.138595,10.960896,14.521109,30.757264,2.26592,11.439571,2.832805,57.946003,0.0,1.042883,16.778904,38.235323
0.0,0.08,0.053333,3.817544,0.035115,0.225741,0.0,22.734277,0.176053,0.0,20.824088,0.080821
0.986019,5.391888,18.536099,5.626179,4.622805,5.213832,7.748859,33.674773,6.584216,1.189875,0.0,8.670259
0.026667,103.278043,35.09996,49.290835,10.699531,12.941637,7.497333,77.504211,86.632051,2.160731,22.149264,0.0
