2366.292978
0.349189,1,2
1.371872,1,3
0.868765,1,4
0.351613,1,5
0.324931,1,6
0.161051,1,7
0.644936,1,8
1.806091,1,9
0.052296,1,10
0.521237,1,11
0.746088,1,12
0.125797,2,1
16.002029,2,3
5.474957,2,4
3.297512,2,5
20.02912,2,6
3.025619,2,7
24.400947,2,8
6.643744,2,9
0.373664,2,10
8.283533,2,11
48.298413,2,12
0.244992,3,1
17.774344,3,2
14.611288,3,4
10.4776,3,5
56.561221,3,6
21.547683,3,7
38.20132,3,8
17.691859,3,9
4.992304,3,10
20.468629,3,11
21.231659,3,12
0.186069,4,1
3.60872,4,2
72.179235,4,3
13.079144,4,5
8.639459,4,6
27.037901,4,7
6.987957,4,8
9.586389,4,9
14.868845,4,10
16.505312,4,11
28.141371,4,12
1.605608,5,1
3.755067,5,2
18.682112,5,3
2.583416,5,4
2.783941,5,6
12.277285,5,7
12.383051,5,8
4.636283,5,9
0.074056,5,10
5.734227,5,11
13.147077,5,12
0.894827,6,1
5.35772,6,2
129.429443,6,3
4.595373,6,4
2.352003,6,5
3.345931,6,7
16.127893,6,8
7.949291,6,9
1.786197,6,10
23.399173,6,11
46.091536,6,12
0.306632,7,1
5.03496,7,2
31.942965,7,3
8.364056,7,4
4.722427,7,5
16.434085,7,6
5.234221,7,8
7.609499,7,9
2.23328,7,10
12.073573,7,11
10.052875,7,12
8.183251,8,2
77.114259,8,3
5.075549,8,4
2.259923,8,5
22.889483,8,6
3.642995,8,7
30.2846,8,9
21.228192,8,10
39.784211,8,11
39.040453,8,12
0.962976,9,1
18.129309,9,2
32.127299,9,3
19.659987,9,4
8.336165,9,5
23.257261,9,6
12.665824,9,7
41.282509,9,8
5.010565,9,10
24.00116,9,11
75.79428,9,12
0.026667,10,1
0.026667,10,2
0.106667,10,3
2.821224,10,4
0.09312,10,5
0.309184,10,6
0.026667,10,7
5.42316,10,8
0.624523,10,9
22.624637,10,11
5.701792,10,12
0.194688,11,1
10.598677,11,2
43.093656,11,3
5.138029,11,4
4.23188,11,5
9.679549,11,6
4.56136,11,7
67.476379,11,8
10.596459,11,9
3.090627,11,10
12.613448,11,12
0.392813,12,1
126.842336,12,2
84.400648,12,3
62.037891,12,4
22.505013,12,5
53.02548,12,6
30.494029,12,7
88.680872,12,8
123.820149,12,9
14.680592,12,10
48.847056,12,11
succeed
0.0,0.349189,1.371872,0.868765,0.351613,0.324931,0.161051,0.644936,1.806091,0.052296,0.521237,0.746088
0.125797,0.0,16.002029,5.474957,3.297512,20.02912,3.025619,24.400947,6.643744,0.373664,8.283533,48.298413
0.244992,17.774344,0.0,14.611288,10.4776,56.561221,21.547683,38.20132,17.691859,4.992304,20.468629,21.231659
0.186069,3.60872,72.179235,0.0,13.079144,8.639459,27.037901,6.987957,9.586389,14.868845,16.505312,28.141371
1.605608,3.755067,18.682112,2.583416,0.0,2.783941,12.277285,12.383051,4.636283,0.074056,5.734227,13.147077
0.894827,5.35772,129.429443,4.595373,2.352003,0.0,3.345931,16.127893,7.949291,1.786197,23.399173,46.091536
0.306632,5.03496,31.942965,8.364056,4.722427,16.434085,0.0,5.234221,7.609499,2.23328,12.073573,10.052875
0.0,8.183251,77.114259,5.075549,2.259923,22.889483,3.642995,0.0,30.2846,21.228192,39.784211,39.040453
0.962976,18.129309,32.127299,19.659987,8.336165,23.257261,12.665824,41.282509,0.0,5.010565,24.00116,75.79428
0.026667,0.026667,0.106667,2.821224,0.09312,0.309184,0.026667,5.42316,0.624523,0.0,22.624637,5.701792
0.194688,10.598677,43.093656,5.138029,4.23188,9.679549,4.56136,67.476379,10.596459,3.090627,0.0,12.613448
0.392813,126.842336,84.400648,62.037891,22.505013,53.02548,30.494029,88.680872,123.820149,14.680592,48.847056,0.0
