2889.326058
0.102248,1,2
1.499501,1,3
0.054227,1,4
0.127869,1,5
0.169552,1,6
0.120384,1,7
0.176517,1,8
0.506685,1,9
0.639595,1,12
0.075035,2,1
12.562043,2,3
16.505099,2,4
26.616691,2,5
25.616024,2,6
2.812757,2,7
13.608324,2,8
9.104536,2,9
2.718799,2,10
10.750699,2,11
45.487712,2,12
0.876267,3,1
28.805752,3,2
12.089629,3,4
11.399979,3,5
102.150669,3,6
37.173381,3,7
27.913608,3,8
13.284067,3,9
3.190061,3,10
5.628979,3,11
31.190021,3,12
0.178181,4,1
6.593224,4,2
79.509989,4,3
24.915275,4,5
23.734781,4,6
21.678539,4,7
9.198565,4,8
12.266907,4,9
14.685227,4,10
14.893413,4,11
41.744531,4,12
1.570155,5,1
3.732717,5,2
13.154843,5,3
3.465192,5,4
6.217877,5,6
12.811035,5,7
5.408733,5,8
3.769883,5,9
0.400971,5,10
8.560683,5,11
3.875125,5,12
0.083472,6,1
10.707968,6,2
97.731189,6,3
14.624339,6,4
8.872016,6,5
19.512312,6,7
21.377981,6,8
24.011616,6,9
3.718968,6,10
14.065989,6,11
30.063288,6,12
0.053333,7,1
3.591848,7,2
29.808504,7,3
4.491109,7,4
12.686627,7,5
11.893885,7,6
3.563096,7,8
2.571597,7,9
2.029221,7,10
3.436936,7,11
37.898963,7,12
0.5576,8,1
22.248213,8,2
112.749027,8,3
33.971323,8,4
15.621072,8,5
29.941317,8,6
5.581848,8,7
41.296005,8,9
25.753936,8,10
15.991221,8,11
97.799635,8,12
4.279384,9,1
36.51908,9,2
35.803208,9,3
35.674267,9,4
13.798592,9,5
35.832563,9,6
19.431885,9,7
70.449392,9,8
5.774757,9,10
23.256979,9,11
76.296523,9,12
0.026667,10,2
0.053333,10,3
8.041064,10,4
0.198288,10,5
0.696595,10,6
0.026667,10,7
40.313933,10,8
0.053333,10,9
36.819203,10,11
0.053333,10,12
0.150237,11,1
15.31188,11,2
28.935008,11,3
5.811056,11,4
8.189576,11,5
10.089117,11,6
12.429019,11,7
16.301752,11,8
16.386869,11,9
2.373083,11,10
24.938243,11,12
8.510803,12,1
119.23008,12,2
115.365603,12,3
71.272424,12,4
22.136859,12,5
64.971123,12,6
31.544803,12,7
133.62592,12,8
198.483288,12,9
4.63732,12,10
21.604939,12,11
succeed
0.0,0.102248,1.499501,0.054227,0.127869,0.169552,0.120384,0.176517,0.506685,0.0,0.0,0.639595
0.075035,0.0,12.562043,16.505099,26.616691,25.616024,2.812757,13.608324,9.104536,2.718799,10.750699,45.487712
0.876267,28.805752,0.0,12.089629,11.399979,102.150669,37.173381,27.913608,13.284067,3.190061,5.628979,31.190021
0.178181,6.593224,79.509989,0.0,24.915275,23.734781,21.678539,9.198565,12.266907,14.685227,14.893413,41.744531
1.570155,3.732717,13.154843,3.465192,0.0,6.217877,12.811035,5.408733,3.769883,0.400971,8.560683,3.875125
0.083472,10.707968,97.731189,14.624339,8.872016,0.0,19.512312,21.377981,24.011616,3.718968,14.065989,30.063288
0.053333,3.591848,29.808504,4.491109,12.686627,11.893885,0.0,3.563096,2.571597,2.029221,3.436936,37.898963
0.5576,22.248213,112.749027,33.971323,15.621072,29.941317,5.581848,0.0,41.296005,25.753936,15.991221,97.799635
4.279384,36.51908,35.803208,35.674267,13.798592,35.832563,19.431885,70.449392,0.0,5.774757,23.256979,76.296523
0.0,0.026667,0.053333,8.041064,0.198288,0.696595,0.026667,40.313933,0.053333,0.0,36.819203,0.053333
0.150237,15.31188,28.935008,5.811056,8.189576,10.089117,12.429019,16.301752,16.386869,2.373083,0.0,24.938243
8.510803,119.23008,115.365603,71.272424,22.136859,64.971123,31.544803,133.62592,198.483288,4.63732,21.604939,0.0
