2953.33309
0.026667,1,2
2.518987,1,3
0.899939,1,5
0.080344,1,6
0.126971,1,7
0.345221,1,9
0.549392,1,11
2.581592,1,12
21.778277,2,3
30.727131,2,5
24.007224,2,6
3.054184,2,7
0.051003,2,8
10.446176,2,9
0.392947,2,10
0.867907,2,11
75.10816,2,12
32.871101,3,2
27.709171,3,4
94.601235,3,5
61.998104,3,6
9.309344,3,7
0.213387,3,8
25.559213,3,9
0.026667,3,10
1.076179,3,11
35.045245,3,12
4.362243,4,2
80.315536,4,3
36.828165,4,5
27.451309,4,6
4.959861,4,7
13.476333,4,9
6.768597,4,10
0.08,4,11
35.998568,4,12
45.497104,5,2
2.138363,5,3
0.0536,5,7
4.017541,5,9
0.158445,5,11
110.579344,5,12
16.325056,6,2
132.272549,6,3
7.151288,6,4
46.469269,6,5
5.316699,6,7
45.241395,6,9
0.549003,6,10
1.470373,6,11
32.017051,6,12
3.104288,7,2
25.843571,7,3
4.217411,7,4
9.817851,7,5
13.348587,7,6
8.23688,7,9
0.177368,7,11
12.561211,7,12
56.995773,8,2
16.969301,8,3
9.891203,8,4
177.287768,8,5
0.610579,8,6
0.252715,8,7
42.483648,8,9
10.251237,8,10
22.717061,8,11
103.396488,8,12
41.4,9,2
68.343083,9,3
31.607341,9,4
113.740664,9,5
48.690952,9,6
12.910773,9,7
0.026667,9,8
0.123827,9,10
3.952592,9,11
90.405392,9,12
0.286507,10,2
0.672549,10,3
5.138624,10,4
11.875496,10,5
0.309611,10,7
41.953277,10,8
4.507483,10,9
41.959661,10,11
0.288939,10,12
7.097773,11,2
4.355808,11,3
4.152979,11,4
33.854469,11,5
0.026667,11,6
2.529728,11,7
20.931613,11,8
10.957365,11,9
2.373648,11,10
14.391893,11,12
92.122432,12,2
124.428064,12,3
6.028528,12,4
246.804277,12,5
61.506893,12,6
16.632003,12,7
0.376403,12,8
139.233125,12,9
0.038893,12,10
7.664691,12,11
succeed
0.0,0.026667,2.518987,0.0,0.899939,0.080344,0.126971,0.0,0.345221,0.0,0.549392,2.581592
0.0,0.0,21.778277,0.0,30.727131,24.007224,3.054184,0.051003,10.446176,0.392947,0.867907,75.10816
0.0,32.871101,0.0,27.709171,94.601235,61.998104,9.309344,0.213387,25.559213,0.026667,1.076179,35.045245
0.0,4.362243,80.315536,0.0,36.828165,27.451309,4.959861,0.0,13.476333,6.768597,0.08,35.998568
0.0,45.497104,2.138363,0.0,0.0,0.0,0.0536,0.0,4.017541,0.0,0.158445,110.579344
0.0,16.325056,132.272549,7.151288,46.469269,0.0,5.316699,0.0,45.241395,0.549003,1.470373,32.017051
0.0,3.104288,25.843571,4.217411,9.817851,13.348587,0.0,0.0,8.23688,0.0,0.177368,12.561211
0.0,56.995773,16.969301,9.891203,177.287768,0.610579,0.252715,0.0,42.483648,10.251237,22.717061,103.396488
0.0,41.4,68.343083,31.607341,113.740664,48.690952,12.910773,0.026667,0.0,0.123827,3.952592,90.405392
0.0,0.286507,0.672549,5.138624,11.875496,0.0,0.309611,41.953277,4.507483,0.0,41.959661,0.288939
0.0,7.097773,4.355808,4.152979,33.854469,0.026667,2.529728,20.931613,10.957365,2.373648,0.0,14.391893
0.0,92.122432,124.428064,6.028528,246.804277,61.506893,16.632003,0.376403,139.233125,0.038893,7.664691,0.0
