3069.369917
0.211224,1,2
0.053333,1,3
0.053333,1,5
0.031563,1,6
0.198592,1,7
0.2289,1,8
0.337048,1,9
0.013711,1,10
0.550453,1,11
0.437941,1,12
0.907008,2,1
16.643915,2,3
6.934219,2,4
63.885504,2,5
30.665176,2,6
4.536685,2,7
30.934421,2,8
8.698827,2,9
2.896892,2,10
13.336773,2,11
47.314384,2,12
1.849875,3,1
49.010496,3,2
14.928643,3,4
13.683603,3,5
77.068205,3,6
27.155376,3,7
153.143235,3,8
17.194381,3,9
5.649885,3,10
17.225403,3,11
37.887808,3,12
1.536275,4,1
6.721091,4,2
64.342363,4,3
16.336685,4,5
17.914784,4,6
11.061672,4,7
31.200691,4,8
8.372453,4,9
21.835061,4,10
28.229645,4,11
38.192715,4,12
1.552213,5,1
7.69796,5,2
20.259621,5,3
3.680165,5,4
7.275539,5,6
5.625347,5,7
58.189693,5,8
2.993459,5,9
0.195795,5,10
5.875179,5,11
5.089032,5,12
0.623363,6,1
40.471549,6,2
53.665392,6,3
18.992571,6,4
4.164301,6,5
21.402589,6,7
42.698736,6,8
5.102389,6,9
1.509437,6,10
18.095139,6,11
36.795088,6,12
0.526784,7,1
8.769493,7,2
22.386005,7,3
9.812216,7,4
6.283219,7,5
34.494963,7,6
6.04904,7,8
3.153643,7,9
2.711264,7,10
10.276155,7,11
14.328067,7,12
0.626157,8,1
26.287885,8,2
80.816453,8,3
25.662216,8,4
24.819653,8,5
11.294707,8,6
5.941925,8,7
34.10372,8,9
15.804205,8,10
51.143109,8,11
74.808491,8,12
1.380928,9,1
48.578517,9,2
38.318832,9,3
19.173584,9,4
10.630387,9,5
22.039957,9,6
12.699781,9,7
62.986088,9,8
4.397021,9,10
12.722864,9,11
90.000661,9,12
0.053333,10,2
0.08,10,3
14.368885,10,4
0.026667,10,5
0.503381,10,6
0.026667,10,7
15.313611,10,8
0.08592,10,9
23.088109,10,11
0.08,10,12
2.818285,11,1
45.741803,11,2
44.144117,11,3
39.408405,11,4
14.400173,11,5
51.951259,11,6
34.329987,11,7
23.781133,11,8
20.847885,11,9
12.857869,11,10
38.759163,11,12
2.671301,12,1
89.296101,12,2
63.256269,12,3
64.721611,12,4
21.759328,12,5
43.670933,12,6
13.753635,12,7
93.288499,12,8
190.662725,12,9
10.430093,12,10
48.799976,12,11
succeed
0.0,0.211224,0.053333,0.0,0.053333,0.031563,0.198592,0.2289,0.337048,0.013711,0.550453,0.437941
0.907008,0.0,16.643915,6.934219,63.885504,30.665176,4.536685,30.934421,8.698827,2.896892,13.336773,47.314384
1.849875,49.010496,0.0,14.928643,13.683603,77.068205,27.155376,153.143235,17.194381,5.649885,17.225403,37.887808
1.536275,6.721091,64.342363,0.0,16.336685,17.914784,11.061672,31.200691,8.372453,21.835061,28.229645,38.192715
1.552213,7.69796,20.259621,3.680165,0.0,7.275539,5.625347,58.189693,2.993459,0.195795,5.875179,5.089032
0.623363,40.471549,53.665392,18.992571,4.164301,0.0,21.402589,42.698736,5.102389,1.509437,18.095139,36.795088
0.526784,8.769493,22.386005,9.812216,6.283219,34.494963,0.0,6.04904,3.153643,2.711264,10.276155,14.328067
0.626157,26.287885,80.816453,25.662216,24.819653,11.294707,5.941925,0.0,34.10372,15.804205,51.143109,74.808491
1.380928,48.578517,38.318832,19.173584,10.630387,22.039957,12.699781,62.986088,0.0,4.397021,12.722864,90.000661
0.0,0.053333,0.08,14.368885,0.026667,0.503381,0.026667,15.313611,0.08592,0.0,23.088109,0.08
2.818285,45.741803,44.144117,39.408405,14.400173,51.951259,34.329987,23.781133,20.847885,12.857869,0.0,38.759163
2.671301,89.296101,63.256269,64.721611,21.759328,43.670933,13.753635,93.288499,190.662725,10.430093,48.799976,0.0
