1995.3236200000001
0.164875,1,2
0.194517,1,3
0.053333,1,4
0.026667,1,5
0.028213,1,6
1.153819,1,8
0.04,1,9
1.557531,1,12
0.108624,2,1
4.264397,2,3
3.349269,2,4
19.848677,2,5
15.820523,2,6
1.322939,2,7
12.28998,2,8
5.678459,2,9
0.503932,2,10
3.948579,2,11
49.705256,2,12
6.160365,3,1
4.886144,3,2
6.847752,3,4
3.721187,3,5
32.708701,3,6
6.676037,3,7
41.448283,3,8
9.717125,3,9
0.322131,3,10
7.710253,3,11
25.669448,3,12
0.254027,4,1
1.100496,4,2
51.327379,4,3
15.101853,4,5
27.190373,4,6
23.012931,4,7
22.945611,4,8
18.90616,4,9
8.938677,4,10
10.305669,4,11
34.521883,4,12
1.182325,5,1
4.753459,5,2
12.432867,5,3
0.5788,5,4
1.562104,5,6
4.050453,5,7
13.408408,5,8
3.389024,5,9
1.683768,5,11
2.554232,5,12
13.236219,6,2
66.020064,6,3
10.172211,6,4
1.620277,6,5
2.463173,6,7
16.552776,6,8
19.955139,6,9
0.285192,6,10
4.299395,6,11
20.269552,6,12
0.988075,7,2
16.578963,7,3
9.361781,7,4
3.037397,7,5
14.367707,7,6
5.829704,7,8
5.552941,7,9
1.863992,7,10
5.04456,7,11
5.208645,7,12
0.100069,8,1
5.886477,8,2
130.302283,8,3
6.700779,8,4
4.988808,8,5
16.278859,8,6
5.996955,8,7
30.250771,8,9
20.672648,8,10
35.119027,8,11
21.539507,8,12
0.470429,9,1
12.542096,9,2
17.073403,9,3
12.475933,9,4
6.286107,9,5
12.689069,9,6
4.976611,9,7
64.196896,9,8
1.150456,9,10
22.419285,9,11
43.995176,9,12
0.7272,10,2
0.026667,10,3
1.304843,10,4
0.053333,10,5
0.169675,10,6
0.026667,10,7
31.779365,10,8
0.293973,10,9
19.795509,10,11
0.103264,10,12
0.04464,11,1
5.208989,11,2
29.501144,11,3
0.946853,11,4
0.970752,11,5
6.044283,11,6
3.126792,11,7
17.036803,11,8
5.633208,11,9
8.723875,11,10
69.602528,11,12
0.080093,12,1
92.934168,12,2
123.538763,12,3
47.392864,12,4
19.079149,12,5
45.749421,12,6
18.931107,12,7
57.735824,12,8
129.577016,12,9
0.894613,12,10
34.343317,12,11
succeed
0.0,0.164875,0.194517,0.053333,0.026667,0.028213,0.0,1.153819,0.04,0.0,0.0,1.557531
0.108624,0.0,4.264397,3.349269,19.848677,15.820523,1.322939,12.28998,5.678459,0.503932,3.948579,49.705256
6.160365,4.886144,0.0,6.847752,3.721187,32.708701,6.676037,41.448283,9.717125,0.322131,7.710253,25.669448
0.254027,1.100496,51.327379,0.0,15.101853,27.190373,23.012931,22.945611,18.90616,8.938677,10.305669,34.521883
1.182325,4.753459,12.432867,0.5788,0.0,1.562104,4.050453,13.408408,3.389024,0.0,1.683768,2.554232
0.0,13.236219,66.020064,10.172211,1.620277,0.0,2.463173,16.552776,19.955139,0.285192,4.299395,20.269552
0.0,0.988075,16.578963,9.361781,3.037397,14.367707,0.0,5.829704,5.552941,1.863992,5.04456,5.208645
0.100069,5.886477,130.302283,6.700779,4.988808,16.278859,5.996955,0.0,30.250771,20.672648,35.119027,21.539507
0.470429,12.542096,17.073403,12.475933,6.286107,12.689069,4.976611,64.196896,0.0,1.150456,22.419285,43.995176
0.0,0.7272,0.026667,1.304843,0.053333,0.169675,0.026667,31.779365,0.293973,0.0,19.795509,0.103264
0.04464,5.208989,29.501144,0.946853,0.970752,6.044283,3.126792,17.036803,5.633208,8.723875,0.0,69.602528
0.080093,92.934168,123.538763,47.392864,19.079149,45.749421,18.931107,57.735824,129.577016,0.894613,34.343317,0.0
