4295.143865
0.425496,1,2
0.891093,1,3
1.833251,1,5
0.933523,1,6
0.764064,1,7
0.870867,1,9
1.295171,1,12
28.046587,2,3
0.026667,2,4
53.565155,2,5
41.01352,2,6
9.245541,2,7
22.595325,2,9
0.340744,2,11
48.444432,2,12
50.233704,3,2
31.403555,3,4
140.712856,3,5
66.340088,3,6
20.224869,3,7
0.201493,3,8
79.095205,3,9
2.724163,3,11
56.802179,3,12
8.699792,4,2
72.567016,4,3
53.286264,4,5
35.570627,4,6
17.834955,4,7
0.252,4,8
23.774555,4,9
9.124699,4,10
2.574341,4,11
44.986683,4,12
79.430563,5,2
3.808981,5,3
0.026667,5,4
0.026667,5,6
0.026667,5,7
0.128,5,8
10.580197,5,9
0.026667,5,10
0.053333,5,11
181.521589,5,12
28.78432,6,2
157.753099,6,3
14.579,6,4
95.201499,6,5
11.605989,6,7
0.958125,6,8
98.805405,6,9
0.295771,6,10
0.387229,6,11
52.952443,6,12
7.358501,7,2
27.924664,7,3
18.807315,7,4
22.115045,7,5
19.165139,7,6
0.026667,7,8
7.773133,7,9
0.026667,7,10
0.137067,7,11
12.721277,7,12
72.162603,8,2
5.231312,8,3
19.137752,8,4
258.02348,8,5
0.56972,8,6
0.389416,8,7
106.995008,8,9
17.512747,8,10
41.761355,8,11
170.138477,8,12
67.358013,9,2
140.327885,9,3
38.559696,9,4
188.477008,9,5
62.010416,9,6
22.700165,9,7
0.089264,9,8
7.288243,9,11
184.090448,9,12
1.025336,10,2
0.133333,10,3
4.126104,10,4
3.777837,10,5
1.290963,10,7
61.608067,10,8
1.370797,10,9
57.326232,10,11
0.927245,10,12
9.927824,11,2
1.388413,11,3
7.190264,11,4
38.02876,11,5
0.20952,11,6
5.817376,11,7
31.487595,11,8
13.908768,11,9
7.595133,11,10
19.042171,11,12
125.875931,12,2
140.423005,12,3
19.599208,12,4
229.700952,12,5
64.302227,12,6
27.007163,12,7
0.08,12,8
228.843539,12,9
4.142787,12,10
6.456141,12,11
succeed
0.0,0.425496,0.891093,0.0,1.833251,0.933523,0.764064,0.0,0.870867,0.0,0.0,1.295171
0.0,0.0,28.046587,0.026667,53.565155,41.01352,9.245541,0.0,22.595325,0.0,0.340744,48.444432
0.0,50.233704,0.0,31.403555,140.712856,66.340088,20.224869,0.201493,79.095205,0.0,2.724163,56.802179
0.0,8.699792,72.567016,0.0,53.286264,35.570627,17.834955,0.252,23.774555,9.124699,2.574341,44.986683
0.0,79.430563,3.808981,0.026667,0.0,0.026667,0.026667,0.128,10.580197,0.026667,0.053333,181.521589
0.0,28.78432,157.753099,14.579,95.201499,0.0,11.605989,0.958125,98.805405,0.295771,0.387229,52.952443
0.0,7.358501,27.924664,18.807315,22.115045,19.165139,0.0,0.026667,7.773133,0.026667,0.137067,12.721277
0.0,72.162603,5.231312,19.137752,258.02348,0.56972,0.389416,0.0,106.995008,17.512747,41.761355,170.138477
0.0,67.358013,140.327885,38.559696,188.477008,62.010416,22.700165,0.089264,0.0,0.0,7.288243,184.090448
0.0,1.025336,0.133333,4.126104,3.777837,0.0,1.290963,61.608067,1.370797,0.0,57.326232,0.927245
0.0,9.927824,1.388413,7.190264,38.02876,0.20952,5.817376,31.487595,13.908768,7.595133,0.0,19.042171
0.0,125.875931,140.423005,19.599208,229.700952,64.302227,27.007163,0.08,228.843539,4.142787,6.456141,0.0
