1620.822835
0.681461,1,3
0.026667,1,4
0.166133,1,5
0.215445,1,8
0.417267,1,12
0.052872,2,1
0.93208,2,3
2.688733,2,4
1.94016,2,5
10.313819,2,6
3.280653,2,7
12.704541,2,8
2.729821,2,9
0.044509,2,10
2.531149,2,11
20.926504,2,12
0.142997,3,1
5.030784,3,2
3.904851,3,4
5.648053,3,5
44.39372,3,6
13.486365,3,7
25.798621,3,8
11.211448,3,9
0.362941,3,10
6.477795,3,11
8.828864,3,12
0.06096,4,1
5.027491,4,2
31.399096,4,3
16.802221,4,5
34.869579,4,6
18.6396,4,7
10.925437,4,8
9.723515,4,9
5.35308,4,10
9.237944,4,11
43.541861,4,12
8.460819,5,1
14.379781,5,2
5.394259,5,3
1.271715,5,4
1.341344,5,6
0.635165,5,7
7.308845,5,8
1.703747,5,9
0.247845,5,11
12.68028,5,12
3.240957,6,2
61.094403,6,3
5.773744,6,4
0.239205,6,5
1.488325,6,7
14.609037,6,8
13.887976,6,9
0.125536,6,10
13.119653,6,11
31.881717,6,12
0.123915,7,1
1.587136,7,2
6.082584,7,3
4.548704,7,4
2.841773,7,5
12.0726,7,6
4.169915,7,8
0.868576,7,9
1.75824,7,10
2.025672,7,11
7.181016,7,12
0.076541,8,1
4.135795,8,2
53.991011,8,3
6.051485,8,4
4.514787,8,5
5.310851,8,6
14.039736,8,7
20.939251,8,9
19.145981,8,10
16.336709,8,11
50.684259,8,12
2.676085,9,1
10.036245,9,2
9.733901,9,3
22.206064,9,4
1.746691,9,5
13.867941,9,6
3.894093,9,7
59.693928,9,8
0.703763,9,10
15.488456,9,11
57.369371,9,12
0.030859,10,2
2.095733,10,4
0.221517,10,6
29.6274,10,8
34.585979,10,11
0.053333,10,12
5.496221,11,2
8.864171,11,3
1.002349,11,4
2.52116,11,5
1.960637,11,6
0.958763,11,7
11.5232,11,8
7.054077,11,9
1.660381,11,10
7.338744,11,12
0.169749,12,1
68.63236,12,2
56.556099,12,3
63.295624,12,4
27.584835,12,5
39.786235,12,6
5.544309,12,7
108.852056,12,8
113.485331,12,9
0.446837,12,10
16.168411,12,11
succeed
0.0,0.0,0.681461,0.026667,0.166133,0.0,0.0,0.215445,0.0,0.0,0.0,0.417267
0.052872,0.0,0.93208,2.688733,1.94016,10.313819,3.280653,12.704541,2.729821,0.044509,2.531149,20.926504
0.142997,5.030784,0.0,3.904851,5.648053,44.39372,13.486365,25.798621,11.211448,0.362941,6.477795,8.828864
0.06096,5.027491,31.399096,0.0,16.802221,34.869579,18.6396,10.925437,9.723515,5.35308,9.237944,43.541861
8.460819,14.379781,5.394259,1.271715,0.0,1.341344,0.635165,7.308845,1.703747,0.0,0.247845,12.68028
0.0,3.240957,61.094403,5.773744,0.239205,0.0,1.488325,14.609037,13.887976,0.125536,13.119653,31.881717
0.123915,1.587136,6.082584,4.548704,2.841773,12.0726,0.0,4.169915,0.868576,1.75824,2.025672,7.181016
0.076541,4.135795,53.991011,6.051485,4.514787,5.310851,14.039736,0.0,20.939251,19.145981,16.336709,50.684259
2.676085,10.036245,9.733901,22.206064,1.746691,13.867941,3.894093,59.693928,0.0,0.703763,15.488456,57.369371
0.0,0.030859,0.0,2.095733,0.0,0.221517,0.0,29.6274,0.0,0.0,34.585979,0.053333
0.0,5.496221,8.864171,1.002349,2.52116,1.960637,0.958763,11.5232,7.054077,1.660381,0.0,7.338744
0.169749,68.63236,56.556099,63.295624,27.584835,39.786235,5.544309,108.852056,113.485331,0.446837,16.168411,0.0
