3717.969857
1.419371,1,2
1.679765,1,3
0.107645,1,4
0.512323,1,5
1.293123,1,6
0.409749,1,7
0.655848,1,8
1.756995,1,9
0.087432,1,10
0.741232,1,11
4.199045,1,12
1.117931,2,1
36.604456,2,3
9.56144,2,4
12.135635,2,5
28.032219,2,6
4.951709,2,7
17.689123,2,8
24.739269,2,9
0.833917,2,10
17.074899,2,11
52.548496,2,12
5.584077,3,1
79.758317,3,2
13.953128,3,4
24.039003,3,5
66.229032,3,6
26.560997,3,7
51.070168,3,8
32.758347,3,9
10.636341,3,10
32.62952,3,11
59.028469,3,12
0.529365,4,1
8.878827,4,2
61.173747,4,3
18.102091,4,5
17.906747,4,6
36.896877,4,7
16.063256,4,8
11.31432,4,9
29.156112,4,10
35.674656,4,11
32.285107,4,12
2.787381,5,1
7.270808,5,2
18.846168,5,3
2.581091,5,4
11.290867,5,6
10.971264,5,7
6.185784,5,8
9.000936,5,9
0.809688,5,10
12.095131,5,11
14.858211,5,12
0.34888,6,1
24.609835,6,2
71.694155,6,3
11.306704,6,4
23.420085,6,5
20.131288,6,7
15.340403,6,8
20.583008,6,9
4.101677,6,10
21.027149,6,11
44.238819,6,12
0.285768,7,1
7.326248,7,2
26.859576,7,3
10.561803,7,4
4.870571,7,5
18.485083,7,6
4.317067,7,8
13.022336,7,9
3.256035,7,10
12.705912,7,11
12.167504,7,12
0.735885,8,1
15.241243,8,2
96.457517,8,3
14.927208,8,4
15.208328,8,5
39.628149,8,6
10.979621,8,7
47.872904,8,9
24.106275,8,10
53.563013,8,11
128.685907,8,12
3.469584,9,1
52.533235,9,2
29.976267,9,3
30.541037,9,4
25.768416,9,5
59.784771,9,6
29.98996,9,7
76.190051,9,8
6.925141,9,10
33.731619,9,11
156.885755,9,12
0.026667,10,2
0.240416,10,3
7.816973,10,4
0.026667,10,5
1.813125,10,6
0.032627,10,7
18.332536,10,8
3.244088,10,9
21.856179,10,11
0.390731,10,12
1.523205,11,1
50.115824,11,2
85.260995,11,3
41.493053,11,4
36.61824,11,5
61.693765,11,6
31.298805,11,7
34.964072,11,8
18.982504,11,9
31.372195,11,10
70.863739,11,12
11.488208,12,1
121.911221,12,2
130.049509,12,3
94.2518,12,4
40.715624,12,5
81.385731,12,6
27.377843,12,7
120.096083,12,8
199.670427,12,9
6.755243,12,10
57.362515,12,11
succeed
0.0,1.419371,1.679765,0.107645,0.512323,1.293123,0.409749,0.655848,1.756995,0.087432,0.741232,4.199045
1.117931,0.0,36.604456,9.56144,12.135635,28.032219,4.951709,17.689123,24.739269,0.833917,17.074899,52.548496
5.584077,79.758317,0.0,13.953128,24.039003,66.229032,26.560997,51.070168,32.758347,10.636341,32.62952,59.028469
0.529365,8.878827,61.173747,0.0,18.102091,17.906747,36.896877,16.063256,11.31432,29.156112,35.674656,32.285107
2.787381,7.270808,18.846168,2.581091,0.0,11.290867,10.971264,6.185784,9.000936,0.809688,12.095131,14.858211
0.34888,24.609835,71.694155,11.306704,23.420085,0.0,20.131288,15.340403,20.583008,4.101677,21.027149,44.238819
0.285768,7.326248,26.859576,10.561803,4.870571,18.485083,0.0,4.317067,13.022336,3.256035,12.705912,12.167504
0.735885,15.241243,96.457517,14.927208,15.208328,39.628149,10.979621,0.0,47.872904,24.106275,53.563013,128.685907
3.469584,52.533235,29.976267,30.541037,25.768416,59.784771,29.98996,76.190051,0.0,6.925141,33.731619,156.885755
0.0,0.026667,0.240416,7.816973,0.026667,1.813125,0.032627,18.332536,3.244088,0.0,21.856179,0.390731
1.523205,50.115824,85.260995,41.493053,36.61824,61.693765,31.298805,34.964072,18.982504,31.372195,0.0,70.863739
11.488208,121.911221,130.049509,94.2518,40.715624,81.385731,27.377843,120.096083,199.670427,6.755243,57.362515,0.0
