3097.904209
0.253301,1,2
0.170379,1,3
0.07648,1,4
0.176835,1,5
0.732883,1,6
0.041531,1,7
0.227883,1,8
0.244923,1,9
0.026667,1,11
1.329056,1,12
4.245312,2,1
9.230011,2,3
4.797595,2,4
6.780133,2,5
15.087821,2,6
4.270443,2,7
34.143525,2,8
12.562739,2,9
5.794612,2,10
5.458037,2,11
43.539048,2,12
0.133333,3,1
24.706731,3,2
10.001141,3,4
22.752901,3,5
61.521923,3,6
16.363259,3,7
34.871384,3,8
27.519099,3,9
3.141728,3,10
9.548477,3,11
33.775987,3,12
0.290549,4,1
14.281275,4,2
86.017171,4,3
23.473643,4,5
27.983528,4,6
41.978632,4,7
43.145325,4,8
28.632955,4,9
17.06052,4,10
13.361171,4,11
37.671013,4,12
0.723965,5,1
7.630091,5,2
9.92648,5,3
2.396731,5,4
5.777624,5,6
2.668765,5,7
11.496056,5,8
4.824461,5,9
2.404864,5,10
0.791603,5,11
11.335448,5,12
0.488317,6,1
29.339643,6,2
91.436328,6,3
10.925453,6,4
2.889549,6,5
5.651464,6,7
48.488981,6,8
14.6174,6,9
4.91968,6,10
14.587021,6,11
44.065989,6,12
0.475768,7,1
16.383061,7,2
24.378112,7,3
11.842437,7,4
14.603245,7,5
20.001627,7,6
6.88172,7,8
2.448853,7,9
2.929939,7,10
4.158811,7,11
18.318781,7,12
0.608733,8,1
46.360576,8,2
80.052787,8,3
11.390541,8,4
9.202621,8,5
34.476616,8,6
11.38124,8,7
38.581933,8,9
27.699344,8,10
25.184395,8,11
74.369056,8,12
0.83336,9,1
45.822245,9,2
43.263293,9,3
34.647627,9,4
10.904877,9,5
26.288288,9,6
13.377888,9,7
75.260749,9,8
3.606448,9,10
34.313821,9,11
167.317088,9,12
0.026667,10,1
1.500496,10,2
0.138805,10,3
6.808531,10,4
0.08,10,5
5.184731,10,6
0.026667,10,7
24.995568,10,8
0.072059,10,9
36.168632,10,11
1.193845,10,12
13.201603,11,2
19.947691,11,3
7.931741,11,4
4.369224,11,5
9.535075,11,6
10.705408,11,7
15.398128,11,8
19.763699,11,9
7.112597,11,10
58.132053,11,12
1.041048,12,1
106.881163,12,2
145.407693,12,3
101.162096,12,4
20.048707,12,5
71.898485,12,6
46.92436,12,7
118.748547,12,8
214.575952,12,9
3.865469,12,10
32.884717,12,11
succeed
0.0,0.253301,0.170379,0.07648,0.176835,0.732883,0.041531,0.227883,0.244923,0.0,0.026667,1.329056
4.245312,0.0,9.230011,4.797595,6.780133,15.087821,4.270443,34.143525,12.562739,5.794612,5.458037,43.539048
0.133333,24.706731,0.0,10.001141,22.752901,61.521923,16.363259,34.871384,27.519099,3.141728,9.548477,33.775987
0.290549,14.281275,86.017171,0.0,23.473643,27.983528,41.978632,43.145325,28.632955,17.06052,13.361171,37.671013
0.723965,7.630091,9.92648,2.396731,0.0,5.777624,2.668765,11.496056,4.824461,2.404864,0.791603,11.335448
0.488317,29.339643,91.436328,10.925453,2.889549,0.0,5.651464,48.488981,14.6174,4.91968,14.587021,44.065989
0.475768,16.383061,24.378112,11.842437,14.603245,20.001627,0.0,6.88172,2.448853,2.929939,4.158811,18.318781
0.608733,46.360576,80.052787,11.390541,9.202621,34.476616,11.38124,0.0,38.581933,27.699344,25.184395,74.369056
0.83336,45.822245,43.263293,34.647627,10.904877,26.288288,13.377888,75.260749,0.0,3.606448,34.313821,167.317088
0.026667,1.500496,0.138805,6.808531,0.08,5.184731,0.026667,24.995568,0.072059,0.0,36.168632,1.193845
0.0,13.201603,19.947691,7.931741,4.369224,9.535075,10.705408,15.398128,19.763699,7.112597,0.0,58.132053
1.041048,106.881163,145.407693,101.162096,20.048707,71.898485,46.92436,118.748547,214.575952,3.865469,32.884717,0.0
