1503.795624
1.962451,1,3
0.057408,1,4
0.026667,1,5
0.026667,1,7
0.1392,1,8
0.074741,1,9
0.086485,1,12
0.036741,2,1
3.972731,2,3
5.409056,2,4
1.57688,2,5
10.357027,2,6
0.413016,2,7
12.201424,2,8
1.539704,2,9
0.217027,2,10
4.083229,2,11
21.19952,2,12
6.811179,3,1
3.270477,3,2
9.931435,3,4
6.247931,3,5
14.562592,3,6
2.953323,3,7
37.812456,3,8
13.114763,3,9
0.373915,3,10
6.422835,3,11
15.450507,3,12
0.048,4,1
0.835651,4,2
27.429237,4,3
9.454627,4,5
31.180184,4,6
13.683227,4,7
11.860661,4,8
14.912635,4,9
3.119661,4,10
6.491835,4,11
32.795645,4,12
0.9286,5,1
5.220429,5,2
4.482109,5,3
0.825859,5,4
1.871283,5,6
1.30868,5,7
3.556885,5,8
2.245563,5,9
1.797189,5,11
3.456883,5,12
0.329173,6,1
12.004899,6,2
38.868123,6,3
6.136104,6,4
0.170728,6,5
4.146405,6,7
19.153917,6,8
40.151317,6,9
0.171581,6,10
7.068752,6,11
11.597232,6,12
2.854853,7,2
9.664795,7,3
6.274363,7,4
4.269576,7,5
14.384875,7,6
9.580632,7,8
1.345485,7,9
0.110867,7,10
4.843877,7,11
14.663027,7,12
0.053333,8,1
25.512616,8,2
41.272901,8,3
6.162877,8,4
7.613765,8,5
11.904968,8,6
4.657363,8,7
49.704123,8,9
15.363392,8,10
27.88676,8,11
14.183448,8,12
0.319531,9,1
7.078123,9,2
10.595859,9,3
27.632984,9,4
9.488696,9,5
16.605875,9,6
4.594152,9,7
62.628952,9,8
0.703291,9,10
17.394731,9,11
21.196128,9,12
0.816203,10,2
0.430632,10,3
7.401195,10,4
0.026667,10,5
0.343733,10,6
0.26532,10,7
34.042789,10,8
0.406048,10,9
24.466645,10,11
0.181792,10,12
0.068037,11,1
5.757016,11,2
14.685627,11,3
5.874299,11,4
1.405419,11,5
4.356925,11,6
2.610285,11,7
17.024544,11,8
8.079227,11,9
2.155037,11,10
10.777579,11,12
0.106667,12,1
66.986349,12,2
40.051712,12,3
37.041816,12,4
26.62932,12,5
44.466693,12,6
28.814,12,7
60.287195,12,8
78.472643,12,9
0.27624,12,10
31.307291,12,11
succeed
0.0,0.0,1.962451,0.057408,0.026667,0.0,0.026667,0.1392,0.074741,0.0,0.0,0.086485
0.036741,0.0,3.972731,5.409056,1.57688,10.357027,0.413016,12.201424,1.539704,0.217027,4.083229,21.19952
6.811179,3.270477,0.0,9.931435,6.247931,14.562592,2.953323,37.812456,13.114763,0.373915,6.422835,15.450507
0.048,0.835651,27.429237,0.0,9.454627,31.180184,13.683227,11.860661,14.912635,3.119661,6.491835,32.795645
0.9286,5.220429,4.482109,0.825859,0.0,1.871283,1.30868,3.556885,2.245563,0.0,1.797189,3.456883
0.329173,12.004899,38.868123,6.136104,0.170728,0.0,4.146405,19.153917,40.151317,0.171581,7.068752,11.597232
0.0,2.854853,9.664795,6.274363,4.269576,14.384875,0.0,9.580632,1.345485,0.110867,4.843877,14.663027
0.053333,25.512616,41.272901,6.162877,7.613765,11.904968,4.657363,0.0,49.704123,15.363392,27.88676,14.183448
0.319531,7.078123,10.595859,27.632984,9.488696,16.605875,4.594152,62.628952,0.0,0.703291,17.394731,21.196128
0.0,0.816203,0.430632,7.401195,0.026667,0.343733,0.26532,34.042789,0.406048,0.0,24.466645,0.181792
0.068037,5.757016,14.685627,5.874299,1.405419,4.356925,2.610285,17.024544,8.079227,2.155037,0.0,10.777579
0.106667,66.986349,40.051712,37.041816,26.62932,44.466693,28.814,60.287195,78.472643,0.27624,31.307291,0.0
