2316.576987
0.105523,1,2
0.699429,1,3
0.026667,1,4
0.167907,1,5
0.269309,1,6
0.123304,1,7
0.030197,1,8
0.850256,1,9
0.465051,1,11
1.329805,1,12
0.224704,2,1
18.088416,2,3
2.065395,2,4
15.66824,2,5
23.352547,2,6
2.045211,2,7
13.293776,2,8
6.491379,2,9
0.166405,2,10
9.950984,2,11
32.143411,2,12
0.452923,3,1
18.801768,3,2
14.143205,3,4
8.416469,3,5
92.345632,3,6
21.165627,3,7
123.664443,3,8
44.638312,3,9
5.454467,3,10
25.123744,3,11
46.884707,3,12
0.036651,4,1
4.252528,4,2
25.181744,4,3
11.832424,4,5
10.536016,4,6
14.241157,4,7
19.698987,4,8
6.743872,4,9
16.629123,4,10
21.34404,4,11
24.743995,4,12
2.835685,5,1
14.358741,5,2
15.784907,5,3
0.800037,5,4
3.766635,5,6
8.217621,5,7
1.606627,5,8
3.773787,5,9
4.501147,5,11
10.562051,5,12
0.269381,6,1
15.551387,6,2
80.107749,6,3
6.042363,6,4
13.292957,6,5
14.546912,6,7
21.386987,6,8
25.762912,6,9
0.411765,6,10
24.208227,6,11
17.024965,6,12
0.084568,7,1
3.289024,7,2
38.87264,7,3
14.360523,7,4
3.939184,7,5
14.474224,7,6
3.346896,7,8
10.371928,7,9
1.542043,7,10
7.099032,7,11
8.535731,7,12
0.085312,8,1
6.266549,8,2
47.672389,8,3
18.678835,8,4
3.383995,8,5
10.986123,8,6
4.904848,8,7
30.706187,8,9
19.111859,8,10
44.680168,8,11
45.015827,8,12
8.14236,9,1
22.001016,9,2
33.963141,9,3
16.526019,9,4
8.306051,9,5
26.316165,9,6
7.185773,9,7
47.707128,9,8
0.991235,9,10
15.957387,9,11
80.18444,9,12
0.026667,10,2
0.053333,10,3
0.621728,10,4
0.05352,10,5
0.293256,10,6
4.85664,10,8
0.049283,10,9
19.177248,10,11
0.696811,11,1
18.347837,11,2
54.517757,11,3
11.534603,11,4
14.411352,11,5
35.558789,11,6
21.312107,11,7
12.313083,11,8
18.673971,11,9
4.898883,11,10
54.419443,11,12
1.293968,12,1
68.513192,12,2
43.484448,12,3
69.361659,12,4
14.297629,12,5
37.876739,12,6
13.201245,12,7
48.384944,12,8
132.496248,12,9
5.658168,12,10
36.801243,12,11
succeed
0.0,0.105523,0.699429,0.026667,0.167907,0.269309,0.123304,0.030197,0.850256,0.0,0.465051,1.329805
0.224704,0.0,18.088416,2.065395,15.66824,23.352547,2.045211,13.293776,6.491379,0.166405,9.950984,32.143411
0.452923,18.801768,0.0,14.143205,8.416469,92.345632,21.165627,123.664443,44.638312,5.454467,25.123744,46.884707
0.036651,4.252528,25.181744,0.0,11.832424,10.536016,14.241157,19.698987,6.743872,16.629123,21.34404,24.743995
2.835685,14.358741,15.784907,0.800037,0.0,3.766635,8.217621,1.606627,3.773787,0.0,4.501147,10.562051
0.269381,15.551387,80.107749,6.042363,13.292957,0.0,14.546912,21.386987,25.762912,0.411765,24.208227,17.024965
0.084568,3.289024,38.87264,14.360523,3.939184,14.474224,0.0,3.346896,10.371928,1.542043,7.099032,8.535731
0.085312,6.266549,47.672389,18.678835,3.383995,10.986123,4.904848,0.0,30.706187,19.111859,44.680168,45.015827
8.14236,22.001016,33.963141,16.526019,8.306051,26.316165,7.185773,47.707128,0.0,0.991235,15.957387,80.18444
0.0,0.026667,0.053333,0.621728,0.05352,0.293256,0.0,4.85664,0.049283,0.0,19.177248,0.0
0.696811,18.347837,54.517757,11.534603,14.411352,35.558789,21.312107,12.313083,18.673971,4.898883,0.0,54.419443
1.293968,68.513192,43.484448,69.361659,14.297629,37.876739,13.201245,48.384944,132.496248,5.658168,36.801243,0.0
