9461.508962
0.785085,1,2
2.512221,1,3
0.197824,1,4
0.382093,1,5
0.915568,1,6
0.317939,1,7
0.085152,1,8
1.186936,1,9
0.606541,1,11
1.427677,1,12
0.667296,2,1
20.401248,2,3
4.307795,2,4
3.908525,2,5
21.519571,2,6
5.257429,2,7
23.364633,2,8
11.275568,2,9
1.047988,2,10
10.200619,2,11
36.665376,2,12
0.556696,3,1
30.714856,3,2
25.846013,3,4
13.893349,3,5
86.509747,3,6
14.909411,3,7
42.910728,3,8
9.228992,3,9
3.453965,3,10
19.507645,3,11
31.560011,3,12
0.705237,4,1
4.553147,4,2
97.917384,4,3
11.249512,4,5
12.698053,4,6
21.359357,4,7
10.641168,4,8
11.184891,4,9
8.847888,4,10
25.903075,4,11
16.7196,4,12
0.314752,5,1
9.7526,5,2
12.389251,5,3
2.4688,5,4
2.689563,5,6
8.813155,5,7
3.237187,5,8
2.567245,5,9
0.245376,5,10
4.879373,5,11
6.296851,5,12
1.189067,6,1
13.686075,6,2
52.529248,6,3
6.444277,6,4
1.854795,6,5
11.675749,6,7
14.874747,6,8
4.643059,6,9
0.703947,6,10
29.177451,6,11
15.823579,6,12
0.380131,7,1
5.347661,7,2
19.614589,7,3
6.496891,7,4
6.470965,7,5
16.847331,7,6
5.880803,7,8
3.415141,7,9
2.924248,7,10
9.338557,7,11
12.528661,7,12
0.20512,8,1
14.148221,8,2
7085.250667,8,3
41.996955,8,4
5.803856,8,5
26.659107,8,6
5.732576,8,7
45.897011,8,9
20.984117,8,10
58.43356,8,11
46.789997,8,12
1.305997,9,1
26.545341,9,2
31.604357,9,3
17.435747,9,4
17.408835,9,5
19.137341,9,6
12.31348,9,7
60.620045,9,8
2.211987,9,10
35.929893,9,11
58.911109,9,12
0.334587,10,2
0.026667,10,3
5.007888,10,4
0.326248,10,6
0.026667,10,7
7.958957,10,8
0.056213,10,9
17.593645,10,11
0.026667,10,12
1.056837,11,1
15.889037,11,2
33.767821,11,3
9.292315,11,4
6.051083,11,5
20.616677,11,6
11.370957,11,7
43.792368,11,8
9.953339,11,9
4.137045,11,10
18.365491,11,12
1.531808,12,1
121.441624,12,2
71.640621,12,3
58.504107,12,4
29.05056,12,5
46.473147,12,6
27.056021,12,7
83.433173,12,8
183.420107,12,9
2.572365,12,10
52.004667,12,11
succeed
0.0,0.785085,2.512221,0.197824,0.382093,0.915568,0.317939,0.085152,1.186936,0.0,0.606541,1.427677
0.667296,0.0,20.401248,4.307795,3.908525,21.519571,5.257429,23.364633,11.275568,1.047988,10.200619,36.665376
0.556696,30.714856,0.0,25.846013,13.893349,86.509747,14.909411,42.910728,9.228992,3.453965,19.507645,31.560011
0.705237,4.553147,97.917384,0.0,11.249512,12.698053,21.359357,10.641168,11.184891,8.847888,25.903075,16.7196
0.314752,9.7526,12.389251,2.4688,0.0,2.689563,8.813155,3.237187,2.567245,0.245376,4.879373,6.296851
1.189067,13.686075,52.529248,6.444277,1.854795,0.0,11.675749,14.874747,4.643059,0.703947,29.177451,15.823579
0.380131,5.347661,19.614589,6.496891,6.470965,16.847331,0.0,5.880803,3.415141,2.924248,9.338557,12.528661
0.20512,14.148221,7085.250667,41.996955,5.803856,26.659107,5.732576,0.0,45.897011,20.984117,58.43356,46.789997
1.305997,26.545341,31.604357,17.435747,17.408835,19.137341,12.31348,60.620045,0.0,2.211987,35.929893,58.911109
0.0,0.334587,0.026667,5.007888,0.0,0.326248,0.026667,7.958957,0.056213,0.0,17.593645,0.026667
1.056837,15.889037,33.767821,9.292315,6.051083,20.616677,11.370957,43.792368,9.953339,4.137045,0.0,18.365491
1.531808,121.441624,71.640621,58.504107,29.05056,46.473147,27.056021,83.433173,183.420107,2.572365,52.004667,0.0
