2325.92284
0.026667,1,2
0.08,1,3
0.361427,1,8
0.163736,1,11
1.830843,1,12
0.051003,2,1
13.893941,2,3
3.394435,2,4
0.686355,2,5
16.62732,2,6
0.811712,2,7
13.410605,2,8
12.641981,2,9
0.25284,2,10
7.244235,2,11
45.510955,2,12
0.578544,3,1
17.320677,3,2
19.784299,3,4
3.152448,3,5
17.664352,3,6
7.35508,3,7
66.616696,3,8
7.175389,3,9
0.192027,3,10
10.672675,3,11
16.445355,3,12
0.217227,4,1
4.845408,4,2
50.746181,4,3
15.252019,4,5
22.676397,4,6
21.278875,4,7
7.434048,4,8
15.238296,4,9
9.145176,4,10
15.283597,4,11
32.843768,4,12
0.773835,5,1
3.41384,5,2
10.150827,5,3
0.981973,5,4
2.930355,5,6
1.224635,5,7
12.955632,5,8
1.74092,5,9
2.766005,5,11
3.176864,5,12
13.613064,6,2
89.061613,6,3
2.835584,6,4
0.935629,6,5
9.105069,6,7
50.391613,6,8
20.708675,6,9
0.695819,6,10
9.731149,6,11
6.70888,6,12
1.799517,7,2
19.663355,7,3
11.951392,7,4
6.98152,7,5
12.20748,7,6
5.866163,7,8
1.618531,7,9
0.026667,7,10
0.900819,7,11
11.218045,7,12
0.770328,8,1
22.892123,8,2
138.26652,8,3
11.165507,8,4
10.353323,8,5
27.308451,8,6
3.959013,8,7
52.743411,8,9
10.812925,8,10
60.789731,8,11
82.572352,8,12
0.053333,9,1
37.585872,9,2
50.235173,9,3
23.395187,9,4
6.284525,9,5
24.823928,9,6
7.704725,9,7
105.18292,9,8
2.985853,9,10
28.658939,9,11
42.007451,9,12
0.026667,10,2
1.058885,10,3
0.709075,10,4
0.026667,10,5
2.081067,10,6
0.026667,10,7
38.437344,10,8
0.394005,10,9
17.704571,10,11
0.067251,10,12
0.590995,11,1
9.964904,11,2
31.791979,11,3
3.474368,11,4
1.514387,11,5
8.884856,11,6
4.955168,11,7
28.142285,11,8
11.891733,11,9
15.057059,11,10
10.490941,11,12
0.061563,12,1
112.596696,12,2
85.606315,12,3
58.898539,12,4
14.825523,12,5
24.183643,12,6
17.348381,12,7
125.764539,12,8
100.769011,12,9
5.757032,12,10
47.227075,12,11
succeed
0.0,0.026667,0.08,0.0,0.0,0.0,0.0,0.361427,0.0,0.0,0.163736,1.830843
0.051003,0.0,13.893941,3.394435,0.686355,16.62732,0.811712,13.410605,12.641981,0.25284,7.244235,45.510955
0.578544,17.320677,0.0,19.784299,3.152448,17.664352,7.35508,66.616696,7.175389,0.192027,10.672675,16.445355
0.217227,4.845408,50.746181,0.0,15.252019,22.676397,21.278875,7.434048,15.238296,9.145176,15.283597,32.843768
0.773835,3.41384,10.150827,0.981973,0.0,2.930355,1.224635,12.955632,1.74092,0.0,2.766005,3.176864
0.0,13.613064,89.061613,2.835584,0.935629,0.0,9.105069,50.391613,20.708675,0.695819,9.731149,6.70888
0.0,1.799517,19.663355,11.951392,6.98152,12.20748,0.0,5.866163,1.618531,0.026667,0.900819,11.218045
0.770328,22.892123,138.26652,11.165507,10.353323,27.308451,3.959013,0.0,52.743411,10.812925,60.789731,82.572352
0.053333,37.585872,50.235173,23.395187,6.284525,24.823928,7.704725,105.18292,0.0,2.985853,28.658939,42.007451
0.0,0.026667,1.058885,0.709075,0.026667,2.081067,0.026667,38.437344,0.394005,0.0,17.704571,0.067251
0.590995,9.964904,31.791979,3.474368,1.514387,8.884856,4.955168,28.142285,11.891733,15.057059,0.0,10.490941
0.061563,112.596696,85.606315,58.898539,14.825523,24.183643,17.348381,125.764539,100.769011,5.757032,47.227075,0.0
