1640.085637
2.289405,1,2
0.026667,1,3
0.032,1,4
0.067416,1,6
0.420125,1,8
1.104037,1,9
0.013333,1,10
0.474739,1,11
0.308429,1,12
0.152101,2,1
7.403603,2,3
6.506584,2,4
1.582141,2,5
8.503808,2,6
2.384528,2,7
13.571963,2,8
4.160891,2,9
0.114371,2,10
4.766621,2,11
23.171461,2,12
0.134016,3,1
5.427301,3,2
7.030309,3,4
13.003792,3,5
29.682963,3,6
8.508485,3,7
28.895461,3,8
13.193851,3,9
2.871285,3,10
5.831741,3,11
15.10084,3,12
0.14496,4,1
4.392211,4,2
46.127416,4,3
16.979941,4,5
24.28652,4,6
21.798693,4,7
11.672544,4,8
8.962368,4,9
15.188755,4,10
11.651253,4,11
36.051117,4,12
0.280256,5,1
0.673888,5,2
7.886891,5,3
1.365531,5,4
4.384627,5,6
1.119696,5,7
4.241309,5,8
1.708944,5,9
1.332256,5,11
2.094685,5,12
0.722376,6,1
7.054779,6,2
39.433693,6,3
10.7518,6,4
26.851112,6,5
2.360837,6,7
11.385253,6,8
13.415736,6,9
0.034933,6,10
9.777576,6,11
5.650771,6,12
0.230475,7,1
1.406165,7,2
5.879392,7,3
7.383555,7,4
5.080739,7,5
11.267051,7,6
3.551701,7,8
2.088224,7,9
4.463157,7,10
3.292624,7,11
10.462157,7,12
0.088952,8,1
8.249019,8,2
41.447904,8,3
8.847187,8,4
10.028205,8,5
7.885792,8,6
7.102256,8,7
22.304373,8,9
11.383739,8,10
26.091125,8,11
20.676819,8,12
0.294789,9,1
15.155645,9,2
15.322347,9,3
26.349563,9,4
9.455317,9,5
23.753061,9,6
4.857885,9,7
64.556051,9,8
1.648099,9,10
10.807067,9,11
35.281448,9,12
0.030699,10,2
9.275981,10,4
0.026667,10,5
0.267411,10,6
0.053333,10,7
27.848437,10,8
2.216608,10,9
27.912144,10,11
0.114939,10,12
0.736357,11,1
10.707781,11,2
26.196251,11,3
2.929731,11,4
1.304611,11,5
5.601923,11,6
2.726355,11,7
15.129997,11,8
12.527869,11,9
3.073229,11,10
4.546125,11,12
0.207064,12,1
105.167155,12,2
49.734765,12,3
58.432165,12,4
23.293144,12,5
50.281008,12,6
10.60228,12,7
39.866843,12,8
140.925277,12,9
3.100659,12,10
22.039952,12,11
succeed
0.0,2.289405,0.026667,0.032,0.0,0.067416,0.0,0.420125,1.104037,0.013333,0.474739,0.308429
0.152101,0.0,7.403603,6.506584,1.582141,8.503808,2.384528,13.571963,4.160891,0.114371,4.766621,23.171461
0.134016,5.427301,0.0,7.030309,13.003792,29.682963,8.508485,28.895461,13.193851,2.871285,5.831741,15.10084
0.14496,4.392211,46.127416,0.0,16.979941,24.28652,21.798693,11.672544,8.962368,15.188755,11.651253,36.051117
0.280256,0.673888,7.886891,1.365531,0.0,4.384627,1.119696,4.241309,1.708944,0.0,1.332256,2.094685
0.722376,7.054779,39.433693,10.7518,26.851112,0.0,2.360837,11.385253,13.415736,0.034933,9.777576,5.650771
0.230475,1.406165,5.879392,7.383555,5.080739,11.267051,0.0,3.551701,2.088224,4.463157,3.292624,10.462157
0.088952,8.249019,41.447904,8.847187,10.028205,7.885792,7.102256,0.0,22.304373,11.383739,26.091125,20.676819
0.294789,15.155645,15.322347,26.349563,9.455317,23.753061,4.857885,64.556051,0.0,1.648099,10.807067,35.281448
0.0,0.030699,0.0,9.275981,0.026667,0.267411,0.053333,27.848437,2.216608,0.0,27.912144,0.114939
0.736357,10.707781,26.196251,2.929731,1.304611,5.601923,2.726355,15.129997,12.527869,3.073229,0.0,4.546125
0.207064,105.167155,49.734765,58.432165,23.293144,50.281008,10.60228,39.866843,140.925277,3.100659,22.039952,0.0
