3012.442735
1.120349,1,2
0.073381,1,3
0.093709,1,4
0.026667,1,5
0.174368,1,6
0.133637,1,7
0.208451,1,8
0.427861,1,9
0.026667,1,10
0.106389,1,11
0.381397,1,12
0.529493,2,1
11.178373,2,3
7.95496,2,4
10.097131,2,5
10.233437,2,6
7.340379,2,7
24.323169,2,8
21.943283,2,9
1.903593,2,10
6.519941,2,11
52.839149,2,12
0.935795,3,1
55.513509,3,2
7.563309,3,4
11.5848,3,5
48.139139,3,6
11.648544,3,7
31.305603,3,8
15.8432,3,9
1.984205,3,10
14.316309,3,11
40.684045,3,12
0.340005,4,1
4.901165,4,2
65.426128,4,3
22.699616,4,5
46.810565,4,6
19.356176,4,7
11.085968,4,8
17.26296,4,9
16.142909,4,10
8.845608,4,11
52.544453,4,12
2.275013,5,1
4.419872,5,2
18.017328,5,3
1.969592,5,4
8.555032,5,6
3.63052,5,7
13.166808,5,8
6.824248,5,9
0.338837,5,10
7.083651,5,11
13.930245,5,12
0.840581,6,1
28.820205,6,2
60.437827,6,3
7.806035,6,4
19.885627,6,5
6.568877,6,7
14.210933,6,8
38.080259,6,9
3.534931,6,10
21.931997,6,11
36.596547,6,12
0.433008,7,1
5.240053,7,2
18.641093,7,3
9.883837,7,4
1.729981,7,5
12.245341,7,6
4.446949,7,8
4.193893,7,9
3.98628,7,10
3.559347,7,11
10.13512,7,12
0.463184,8,1
32.431808,8,2
83.592576,8,3
12.034691,8,4
14.862168,8,5
49.423637,8,6
7.884309,8,7
46.998488,8,9
33.846347,8,10
36.533629,8,11
57.035904,8,12
1.592107,9,1
30.067827,9,2
61.396923,9,3
34.317283,9,4
15.868237,9,5
41.778229,9,6
15.209931,9,7
72.942749,9,8
9.481875,9,10
31.570115,9,11
228.560693,9,12
0.379656,10,2
0.592973,10,3
3.413704,10,4
0.520528,10,5
2.270392,10,6
0.113888,10,7
62.503488,10,8
0.302912,10,9
37.547296,10,11
0.877755,10,12
0.539707,11,1
18.799224,11,2
41.136245,11,3
7.632573,11,4
6.786901,11,5
19.587408,11,6
9.78704,11,7
14.528315,11,8
17.962939,11,9
5.971592,11,10
25.248533,11,12
1.183301,12,1
148.028627,12,2
78.019651,12,3
79.753213,12,4
37.56632,12,5
70.087211,12,6
23.830392,12,7
60.921048,12,8
189.045304,12,9
11.397384,12,10
62.224843,12,11
succeed
0.0,1.120349,0.073381,0.093709,0.026667,0.174368,0.133637,0.208451,0.427861,0.026667,0.106389,0.381397
0.529493,0.0,11.178373,7.95496,10.097131,10.233437,7.340379,24.323169,21.943283,1.903593,6.519941,52.839149
0.935795,55.513509,0.0,7.563309,11.5848,48.139139,11.648544,31.305603,15.8432,1.984205,14.316309,40.684045
0.340005,4.901165,65.426128,0.0,22.699616,46.810565,19.356176,11.085968,17.26296,16.142909,8.845608,52.544453
2.275013,4.419872,18.017328,1.969592,0.0,8.555032,3.63052,13.166808,6.824248,0.338837,7.083651,13.930245
0.840581,28.820205,60.437827,7.806035,19.885627,0.0,6.568877,14.210933,38.080259,3.534931,21.931997,36.596547
0.433008,5.240053,18.641093,9.883837,1.729981,12.245341,0.0,4.446949,4.193893,3.98628,3.559347,10.13512
0.463184,32.431808,83.592576,12.034691,14.862168,49.423637,7.884309,0.0,46.998488,33.846347,36.533629,57.035904
1.592107,30.067827,61.396923,34.317283,15.868237,41.778229,15.209931,72.942749,0.0,9.481875,31.570115,228.560693
0.0,0.379656,0.592973,3.413704,0.520528,2.270392,0.113888,62.503488,0.302912,0.0,37.547296,0.877755
0.539707,18.799224,41.136245,7.632573,6.786901,19.587408,9.78704,14.528315,17.962939,5.971592,0.0,25.248533
1.183301,148.028627,78.019651,79.753213,37.56632,70.087211,23.830392,60.921048,189.045304,11.397384,62.224843,0.0
