1852.266331
0.479803,1,2
0.08,1,3
3.431131,1,6
0.047739,1,7
0.104387,1,8
0.652053,1,9
0.013333,1,10
0.14844,1,12
0.137517,2,1
4.280421,2,3
5.150723,2,4
13.592621,2,5
14.52548,2,6
0.831597,2,7
12.560301,2,8
8.797869,2,9
0.710456,2,10
3.612027,2,11
31.101216,2,12
0.341192,3,1
11.402576,3,2
7.715792,3,4
6.575437,3,5
19.772051,3,6
12.208829,3,7
41.321544,3,8
9.869245,3,9
0.164947,3,10
5.693189,3,11
30.700147,3,12
0.221013,4,1
5.184552,4,2
43.196093,4,3
17.18572,4,5
32.446771,4,6
20.818957,4,7
12.624723,4,8
9.04816,4,9
1.722664,4,10
12.695755,4,11
41.533459,4,12
0.193643,5,1
12.005749,5,2
9.344821,5,3
0.832733,5,4
1.763651,5,6
1.153072,5,7
39.943395,5,8
3.375496,5,9
0.565499,5,11
7.952917,5,12
0.049531,6,1
11.867792,6,2
32.139493,6,3
19.683691,6,4
1.620392,6,5
3.051037,6,7
12.037725,6,8
15.851613,6,9
1.175915,6,10
7.482163,6,11
32.186077,6,12
2.020571,7,2
17.408555,7,3
9.620843,7,4
3.981291,7,5
16.790747,7,6
8.987981,7,8
2.409099,7,9
4.180312,7,10
3.875629,7,11
11.452645,7,12
0.120027,8,1
13.152531,8,2
71.820344,8,3
15.251109,8,4
8.577451,8,5
9.034779,8,6
5.485357,8,7
35.004459,8,9
13.112307,8,10
16.818067,8,11
18.02008,8,12
1.231376,9,1
18.40452,9,2
12.65672,9,3
28.165933,9,4
9.690595,9,5
11.845027,9,6
8.239685,9,7
60.415421,9,8
3.087115,9,10
11.591976,9,11
66.041936,9,12
1.220421,10,4
0.029227,10,5
0.226112,10,6
0.053333,10,7
34.422875,10,8
0.292629,10,9
30.908237,10,11
0.077536,11,1
7.462597,11,2
8.690896,11,3
7.878979,11,4
3.479451,11,5
16.255093,11,6
1.823907,11,7
16.966688,11,8
7.72068,11,9
1.828456,11,10
12.893693,11,12
0.063336,12,1
97.547416,12,2
52.341664,12,3
38.778096,12,4
15.260264,12,5
51.07156,12,6
18.917443,12,7
71.812525,12,8
153.215413,12,9
0.724509,12,10
24.832472,12,11
succeed
0.0,0.479803,0.08,0.0,0.0,3.431131,0.047739,0.104387,0.652053,0.013333,0.0,0.14844
0.137517,0.0,4.280421,5.150723,13.592621,14.52548,0.831597,12.560301,8.797869,0.710456,3.612027,31.101216
0.341192,11.402576,0.0,7.715792,6.575437,19.772051,12.208829,41.321544,9.869245,0.164947,5.693189,30.700147
0.221013,5.184552,43.196093,0.0,17.18572,32.446771,20.818957,12.624723,9.04816,1.722664,12.695755,41.533459
0.193643,12.005749,9.344821,0.832733,0.0,1.763651,1.153072,39.943395,3.375496,0.0,0.565499,7.952917
0.049531,11.867792,32.139493,19.683691,1.620392,0.0,3.051037,12.037725,15.851613,1.175915,7.482163,32.186077
0.0,2.020571,17.408555,9.620843,3.981291,16.790747,0.0,8.987981,2.409099,4.180312,3.875629,11.452645
0.120027,13.152531,71.820344,15.251109,8.577451,9.034779,5.485357,0.0,35.004459,13.112307,16.818067,18.02008
1.231376,18.40452,12.65672,28.165933,9.690595,11.845027,8.239685,60.415421,0.0,3.087115,11.591976,66.041936
0.0,0.0,0.0,1.220421,0.029227,0.226112,0.053333,34.422875,0.292629,0.0,30.908237,0.0
0.077536,7.462597,8.690896,7.878979,3.479451,16.255093,1.823907,16.966688,7.72068,1.828456,0.0,12.893693
0.063336,97.547416,52.341664,38.778096,15.260264,51.07156,18.917443,71.812525,153.215413,0.724509,24.832472,0.0
