3069.867221
0.702325,1,2
0.162493,1,3
0.026667,1,4
1.473147,1,5
0.053333,1,6
0.615155,1,7
0.08,1,8
0.091195,1,9
0.206875,1,11
0.316957,1,12
0.550837,2,1
10.267688,2,3
7.049627,2,4
2.004579,2,5
23.503125,2,6
5.439885,2,7
19.359763,2,8
4.575,2,9
0.528341,2,10
5.995171,2,11
37.388024,2,12
0.250008,3,1
20.259069,3,2
13.496957,3,4
13.156651,3,5
31.361229,3,6
13.878045,3,7
47.451403,3,8
19.855835,3,9
5.003731,3,10
17.889381,3,11
70.968136,3,12
0.34368,4,1
6.269613,4,2
56.550187,4,3
34.251883,4,5
34.174395,4,6
37.560869,4,7
30.959155,4,8
18.533888,4,9
15.549955,4,10
18.769477,4,11
45.089715,4,12
0.311813,5,1
14.660008,5,2
12.940928,5,3
2.214691,5,4
6.513331,5,6
4.510013,5,7
4.983707,5,8
2.676147,5,9
0.053333,5,10
2.867512,5,11
7.579917,5,12
2.074205,6,1
24.426739,6,2
79.53412,6,3
14.723541,6,4
35.528101,6,5
15.130341,6,7
24.026208,6,8
28.024816,6,9
5.207744,6,10
12.90544,6,11
25.992797,6,12
1.972675,7,1
4.433245,7,2
16.186232,7,3
12.337965,7,4
4.173213,7,5
17.85172,7,6
15.77504,7,8
6.726104,7,9
0.892592,7,10
4.969363,7,11
8.424915,7,12
0.199976,8,1
32.956915,8,2
289.466507,8,3
12.109445,8,4
15.607013,8,5
58.60712,8,6
18.996213,8,7
51.834669,8,9
40.593411,8,10
35.071,8,11
35.491147,8,12
0.644507,9,1
43.136843,9,2
29.432405,9,3
47.564816,9,4
15.5826,9,5
39.859691,9,6
21.275131,9,7
80.471336,9,8
9.522077,9,10
18.996296,9,11
109.684941,9,12
0.26384,10,2
9.790627,10,4
0.1574,10,5
0.371771,10,6
0.053333,10,7
34.836027,10,8
0.318891,10,9
29.607544,10,11
0.026667,10,12
0.046619,11,1
11.587789,11,2
25.946912,11,3
8.797635,11,4
5.541003,11,5
15.100485,11,6
6.081939,11,7
26.627253,11,8
17.7882,11,9
9.656104,11,10
17.200144,11,12
0.40412,12,1
107.149184,12,2
78.850509,12,3
84.338627,12,4
49.987765,12,5
97.517435,12,6
36.910672,12,7
77.487987,12,8
158.133693,12,9
4.044651,12,10
55.496371,12,11
succeed
0.0,0.702325,0.162493,0.026667,1.473147,0.053333,0.615155,0.08,0.091195,0.0,0.206875,0.316957
0.550837,0.0,10.267688,7.049627,2.004579,23.503125,5.439885,19.359763,4.575,0.528341,5.995171,37.388024
0.250008,20.259069,0.0,13.496957,13.156651,31.361229,13.878045,47.451403,19.855835,5.003731,17.889381,70.968136
0.34368,6.269613,56.550187,0.0,34.251883,34.174395,37.560869,30.959155,18.533888,15.549955,18.769477,45.089715
0.311813,14.660008,12.940928,2.214691,0.0,6.513331,4.510013,4.983707,2.676147,0.053333,2.867512,7.579917
2.074205,24.426739,79.53412,14.723541,35.528101,0.0,15.130341,24.026208,28.024816,5.207744,12.90544,25.992797
1.972675,4.433245,16.186232,12.337965,4.173213,17.85172,0.0,15.77504,6.726104,0.892592,4.969363,8.424915
0.199976,32.956915,289.466507,12.109445,15.607013,58.60712,18.996213,0.0,51.834669,40.593411,35.071,35.491147
0.644507,43.136843,29.432405,47.564816,15.5826,39.859691,21.275131,80.471336,0.0,9.522077,18.996296,109.684941
0.0,0.26384,0.0,9.790627,0.1574,0.371771,0.053333,34.836027,0.318891,0.0,29.607544,0.026667
0.046619,11.587789,25.946912,8.797635,5.541003,15.100485,6.081939,26.627253,17.7882,9.656104,0.0,17.200144
0.40412,107.149184,78.850509,84.338627,49.987765,97.517435,36.910672,77.487987,158.133693,4.044651,55.496371,0.0
