2512.070443
0.457547,1,2
0.131451,1,3
0.034272,1,4
0.098453,1,5
0.026667,1,7
0.402832,1,8
0.037568,1,9
0.026667,1,11
1.115792,1,12
0.026667,2,1
2.935664,2,3
3.134016,2,4
1.251347,2,5
13.324219,2,6
1.293315,2,7
12.900631,2,8
4.515261,2,9
0.226865,2,10
2.717733,2,11
40.263096,2,12
0.439539,3,1
3.675248,3,2
7.795365,3,4
6.155421,3,5
43.019272,3,6
6.354896,3,7
40.398091,3,8
20.868589,3,9
2.792648,3,10
6.032901,3,11
16.021965,3,12
1.750107,4,1
0.935531,4,2
45.491344,4,3
18.560288,4,5
21.348277,4,6
18.900859,4,7
16.911251,4,8
14.133248,4,9
8.660704,4,10
7.927299,4,11
29.251027,4,12
3.568459,5,1
35.770291,5,2
9.202875,5,3
0.585955,5,4
2.543197,5,6
1.094803,5,7
4.283299,5,8
6.000091,5,9
3.136704,5,11
8.374293,5,12
0.071779,6,1
17.598813,6,2
30.452427,6,3
5.886288,6,4
23.061491,6,5
2.410917,6,7
17.527299,6,8
15.995053,6,9
0.320835,6,10
14.339429,6,11
51.037448,6,12
1.034205,7,2
18.322323,7,3
8.325467,7,4
2.836488,7,5
9.031483,7,6
4.269099,7,8
2.077099,7,9
2.424853,7,10
3.878112,7,11
7.315731,7,12
12.131141,8,2
633.202667,8,3
7.673384,8,4
7.474624,8,5
16.950443,8,6
3.769947,8,7
52.960341,8,9
17.014525,8,10
35.399723,8,11
21.606557,8,12
2.317008,9,1
20.284555,9,2
12.881499,9,3
27.376744,9,4
8.934184,9,5
16.498477,9,6
15.453285,9,7
76.211371,9,8
2.103283,9,10
17.827291,9,11
64.904789,9,12
0.505728,10,2
0.186667,10,3
5.505392,10,4
0.053333,10,5
0.257445,10,6
29.3986,10,8
1.913683,10,9
26.938256,10,11
0.026667,10,12
0.026667,11,1
6.432637,11,2
17.241421,11,3
3.066032,11,4
6.581837,11,5
7.726613,11,6
3.157869,11,7
19.15568,11,8
14.195947,11,9
3.034469,11,10
12.458384,11,12
4.350291,12,1
95.911067,12,2
59.689821,12,3
42.948568,12,4
19.699003,12,5
47.499936,12,6
11.59736,12,7
67.121693,12,8
124.643728,12,9
6.009016,12,10
66.640256,12,11
succeed
0.0,0.457547,0.131451,0.034272,0.098453,0.0,0.026667,0.402832,0.037568,0.0,0.026667,1.115792
0.026667,0.0,2.935664,3.134016,1.251347,13.324219,1.293315,12.900631,4.515261,0.226865,2.717733,40.263096
0.439539,3.675248,0.0,7.795365,6.155421,43.019272,6.354896,40.398091,20.868589,2.792648,6.032901,16.021965
1.750107,0.935531,45.491344,0.0,18.560288,21.348277,18.900859,16.911251,14.133248,8.660704,7.927299,29.251027
3.568459,35.770291,9.202875,0.585955,0.0,2.543197,1.094803,4.283299,6.000091,0.0,3.136704,8.374293
0.071779,17.598813,30.452427,5.886288,23.061491,0.0,2.410917,17.527299,15.995053,0.320835,14.339429,51.037448
0.0,1.034205,18.322323,8.325467,2.836488,9.031483,0.0,4.269099,2.077099,2.424853,3.878112,7.315731
0.0,12.131141,633.202667,7.673384,7.474624,16.950443,3.769947,0.0,52.960341,17.014525,35.399723,21.606557
2.317008,20.284555,12.881499,27.376744,8.934184,16.498477,15.453285,76.211371,0.0,2.103283,17.827291,64.904789
0.0,0.505728,0.186667,5.505392,0.053333,0.257445,0.0,29.3986,1.913683,0.0,26.938256,0.026667
0.026667,6.432637,17.241421,3.066032,6.581837,7.726613,3.157869,19.15568,14.195947,3.034469,0.0,12.458384
4.350291,95.911067,59.689821,42.948568,19.699003,47.499936,11.59736,67.121693,124.643728,6.009016,66.640256,0.0
