1947.752985
0.188728,1,2
0.852229,1,3
0.026667,1,4
0.118336,1,5
0.978597,1,6
0.486085,1,8
1.140251,1,9
0.241213,1,10
0.653432,1,11
0.46128,1,12
0.212477,2,1
5.144453,2,3
7.767072,2,4
0.582251,2,5
10.783789,2,6
2.829264,2,7
12.724667,2,8
5.180653,2,9
0.20368,2,10
7.071208,2,11
23.655243,2,12
0.366216,3,1
12.298163,3,2
5.894549,3,4
7.374557,3,5
30.94584,3,6
7.572915,3,7
32.569397,3,8
12.509179,3,9
1.549147,3,10
6.881507,3,11
25.57032,3,12
0.06,4,1
1.434976,4,2
70.954133,4,3
19.809875,4,5
28.06888,4,6
10.397504,4,7
12.792624,4,8
12.119917,4,9
6.074149,4,10
8.168669,4,11
44.251323,4,12
2.591832,5,1
9.830392,5,2
7.987741,5,3
1.050824,5,4
1.740541,5,6
3.018131,5,7
9.056245,5,8
4.376416,5,9
0.026667,5,10
1.840211,5,11
2.263024,5,12
0.081128,6,1
7.84084,6,2
77.572944,6,3
6.429603,6,4
22.609877,6,5
2.104403,6,7
11.342053,6,8
14.294776,6,9
0.893544,6,10
24.332349,6,11
5.090299,6,12
1.818472,7,2
10.96784,7,3
9.419595,7,4
1.060571,7,5
15.121635,7,6
1.374224,7,8
6.483531,7,9
2.939043,7,10
4.443451,7,11
9.553328,7,12
0.141837,8,1
20.873797,8,2
40.62364,8,3
8.7278,8,4
2.767557,8,5
35.927893,8,6
1.622547,8,7
35.239296,8,9
23.506131,8,10
33.641725,8,11
34.542485,8,12
1.119939,9,1
18.9278,9,2
26.836952,9,3
26.668747,9,4
8.851643,9,5
28.744811,9,6
6.406235,9,7
68.51952,9,8
2.893723,9,10
30.059936,9,11
56.206328,9,12
0.810955,10,2
12.758168,10,4
0.026667,10,5
0.865941,10,6
36.647613,10,8
0.33168,10,9
39.072403,10,11
1.331664,11,1
8.124747,11,2
33.361464,11,3
3.438107,11,4
2.110485,11,5
6.482179,11,6
3.650387,11,7
13.954307,11,8
12.854517,11,9
10.139299,11,10
9.692155,11,12
0.633904,12,1
90.118437,12,2
54.153736,12,3
37.688101,12,4
34.352432,12,5
59.846731,12,6
7.925443,12,7
59.553576,12,8
130.807731,12,9
0.919872,12,10
44.728997,12,11
succeed
0.0,0.188728,0.852229,0.026667,0.118336,0.978597,0.0,0.486085,1.140251,0.241213,0.653432,0.46128
0.212477,0.0,5.144453,7.767072,0.582251,10.783789,2.829264,12.724667,5.180653,0.20368,7.071208,23.655243
0.366216,12.298163,0.0,5.894549,7.374557,30.94584,7.572915,32.569397,12.509179,1.549147,6.881507,25.57032
0.06,1.434976,70.954133,0.0,19.809875,28.06888,10.397504,12.792624,12.119917,6.074149,8.168669,44.251323
2.591832,9.830392,7.987741,1.050824,0.0,1.740541,3.018131,9.056245,4.376416,0.026667,1.840211,2.263024
0.081128,7.84084,77.572944,6.429603,22.609877,0.0,2.104403,11.342053,14.294776,0.893544,24.332349,5.090299
0.0,1.818472,10.96784,9.419595,1.060571,15.121635,0.0,1.374224,6.483531,2.939043,4.443451,9.553328
0.141837,20.873797,40.62364,8.7278,2.767557,35.927893,1.622547,0.0,35.239296,23.506131,33.641725,34.542485
1.119939,18.9278,26.836952,26.668747,8.851643,28.744811,6.406235,68.51952,0.0,2.893723,30.059936,56.206328
0.0,0.810955,0.0,12.758168,0.026667,0.865941,0.0,36.647613,0.33168,0.0,39.072403,0.0
1.331664,8.124747,33.361464,3.438107,2.110485,6.482179,3.650387,13.954307,12.854517,10.139299,0.0,9.692155
0.633904,90.118437,54.153736,37.688101,34.352432,59.846731,7.925443,59.553576,130.807731,0.919872,44.728997,0.0
