2123.269882
0.405208,1,3
0.070312,1,5
0.975555,1,6
0.053333,1,7
0.392376,1,8
0.119125,1,11
0.613611,1,12
0.078819,2,1
4.481736,2,3
3.799221,2,4
18.290309,2,5
13.260184,2,6
0.962019,2,7
14.419475,2,8
1.381915,2,9
0.053333,2,10
3.69164,2,11
12.874712,2,12
0.163779,3,1
9.605528,3,2
12.226171,3,4
4.028421,3,5
42.455728,3,6
5.834848,3,7
68.510581,3,8
22.176531,3,9
5.103024,3,10
5.8896,3,11
37.202373,3,12
0.10896,4,1
1.319227,4,2
39.766067,4,3
13.008176,4,5
31.692347,4,6
16.545197,4,7
5.203707,4,8
14.287965,4,9
8.466669,4,10
10.874069,4,11
28.301563,4,12
3.295541,5,1
7.32372,5,2
6.624197,5,3
1.078424,5,4
2.964557,5,6
0.625696,5,7
9.076011,5,8
1.048845,5,9
0.836157,5,11
1.762264,5,12
0.26132,6,1
13.032795,6,2
28.301323,6,3
3.196125,6,4
3.174347,6,5
7.522541,6,7
38.851717,6,8
14.259133,6,9
0.16628,6,10
5.882768,6,11
5.721085,6,12
0.286635,7,1
0.738125,7,2
15.711317,7,3
7.133744,7,4
4.669581,7,5
8.79268,7,6
6.388304,7,8
1.059933,7,9
3.372149,7,10
4.856232,7,11
7.666749,7,12
0.363056,8,1
32.589603,8,2
84.659747,8,3
4.467136,8,4
5.528795,8,5
28.616208,8,6
7.288453,8,7
43.725013,8,9
10.746419,8,10
56.727677,8,11
93.382181,8,12
0.389011,9,1
16.994632,9,2
38.141141,9,3
20.667197,9,4
14.702088,9,5
16.785285,9,6
3.940413,9,7
79.959637,9,8
3.433755,9,10
21.086123,9,11
197.315829,9,12
0.053333,10,2
0.939765,10,3
2.384808,10,4
0.066144,10,5
5.257997,10,6
0.091413,10,7
32.931989,10,8
0.239136,10,9
20.974763,10,11
0.098251,10,12
0.642021,11,1
7.036571,11,2
10.88672,11,3
2.007488,11,4
1.457984,11,5
5.162557,11,6
4.296147,11,7
20.839059,11,8
9.448952,11,9
7.858965,11,10
84.499661,11,12
1.137949,12,1
58.512077,12,2
54.080035,12,3
52.487464,12,4
25.785576,12,5
49.982952,12,6
9.224741,12,7
109.467803,12,8
60.497251,12,9
2.486661,12,10
26.550541,12,11
succeed
0.0,0.0,0.405208,0.0,0.070312,0.975555,0.053333,0.392376,0.0,0.0,0.119125,0.613611
0.078819,0.0,4.481736,3.799221,18.290309,13.260184,0.962019,14.419475,1.381915,0.053333,3.69164,12.874712
0.163779,9.605528,0.0,12.226171,4.028421,42.455728,5.834848,68.510581,22.176531,5.103024,5.8896,37.202373
0.10896,1.319227,39.766067,0.0,13.008176,31.692347,16.545197,5.203707,14.287965,8.466669,10.874069,28.301563
3.295541,7.32372,6.624197,1.078424,0.0,2.964557,0.625696,9.076011,1.048845,0.0,0.836157,1.762264
0.26132,13.032795,28.301323,3.196125,3.174347,0.0,7.522541,38.851717,14.259133,0.16628,5.882768,5.721085
0.286635,0.738125,15.711317,7.133744,4.669581,8.79268,0.0,6.388304,1.059933,3.372149,4.856232,7.666749
0.363056,32.589603,84.659747,4.467136,5.528795,28.616208,7.288453,0.0,43.725013,10.746419,56.727677,93.382181
0.389011,16.994632,38.141141,20.667197,14.702088,16.785285,3.940413,79.959637,0.0,3.433755,21.086123,197.315829
0.0,0.053333,0.939765,2.384808,0.066144,5.257997,0.091413,32.931989,0.239136,0.0,20.974763,0.098251
0.642021,7.036571,10.88672,2.007488,1.457984,5.162557,4.296147,20.839059,9.448952,7.858965,0.0,84.499661
1.137949,58.512077,54.080035,52.487464,25.785576,49.982952,9.224741,109.467803,60.497251,2.486661,26.550541,0.0
