2109.185198
0.053333,1,2
0.517352,1,3
0.066613,1,5
0.065024,1,8
0.31008,1,9
0.026667,1,11
0.279149,1,12
0.026667,2,1
15.134403,2,3
3.889475,2,4
39.313035,2,5
19.280184,2,6
0.330709,2,7
20.075779,2,8
5.844011,2,9
1.381933,2,10
2.321653,2,11
50.510573,2,12
0.038037,3,1
5.579552,3,2
9.672773,3,4
4.323061,3,5
16.941997,3,6
6.415107,3,7
47.226728,3,8
67.006011,3,9
0.506984,3,10
4.475363,3,11
9.659024,3,12
0.027997,4,1
1.79476,4,2
56.729432,4,3
13.064723,4,5
27.594237,4,6
5.329096,4,7
8.566861,4,8
16.940795,4,9
7.195491,4,10
8.839592,4,11
39.718741,4,12
3.417501,5,1
7.130744,5,2
19.070061,5,3
0.770979,5,4
0.328443,5,6
0.748165,5,7
7.809773,5,8
4.988304,5,9
3.821659,5,11
4.536907,5,12
28.703856,6,2
65.262832,6,3
2.414397,6,4
0.631896,6,5
3.308336,6,7
30.392256,6,8
23.646045,6,9
0.638813,6,10
4.895677,6,11
12.568133,6,12
0.792053,7,2
23.816381,7,3
2.973264,7,4
3.424272,7,5
20.772245,7,6
8.946163,7,8
4.517952,7,9
0.303005,7,10
0.912931,7,11
7.854963,7,12
0.428832,8,1
13.753717,8,2
111.565376,8,3
5.407896,8,4
5.620728,8,5
15.353797,8,6
4.056565,8,7
73.879587,8,9
8.090875,8,10
30.063413,8,11
80.703803,8,12
0.63048,9,1
24.156435,9,2
52.203035,9,3
23.894928,9,4
10.169061,9,5
15.758853,9,6
15.067765,9,7
82.732315,9,8
1.902907,9,10
26.946768,9,11
50.385755,9,12
4.228504,10,2
0.796483,10,3
0.682536,10,4
0.032277,10,5
0.175965,10,6
37.265005,10,8
0.419819,10,9
32.709576,10,11
0.517739,10,12
0.127944,11,1
6.963251,11,2
21.153829,11,3
0.839392,11,4
0.882011,11,5
3.293419,11,6
1.515869,11,7
14.860203,11,8
10.932731,11,9
1.807304,11,10
3.279547,11,12
0.026667,12,1
59.95072,12,2
55.566888,12,3
39.764669,12,4
21.094229,12,5
45.075061,12,6
4.912957,12,7
118.245245,12,8
119.327795,12,9
2.417288,12,10
31.076376,12,11
succeed
0.0,0.053333,0.517352,0.0,0.066613,0.0,0.0,0.065024,0.31008,0.0,0.026667,0.279149
0.026667,0.0,15.134403,3.889475,39.313035,19.280184,0.330709,20.075779,5.844011,1.381933,2.321653,50.510573
0.038037,5.579552,0.0,9.672773,4.323061,16.941997,6.415107,47.226728,67.006011,0.506984,4.475363,9.659024
0.027997,1.79476,56.729432,0.0,13.064723,27.594237,5.329096,8.566861,16.940795,7.195491,8.839592,39.718741
3.417501,7.130744,19.070061,0.770979,0.0,0.328443,0.748165,7.809773,4.988304,0.0,3.821659,4.536907
0.0,28.703856,65.262832,2.414397,0.631896,0.0,3.308336,30.392256,23.646045,0.638813,4.895677,12.568133
0.0,0.792053,23.816381,2.973264,3.424272,20.772245,0.0,8.946163,4.517952,0.303005,0.912931,7.854963
0.428832,13.753717,111.565376,5.407896,5.620728,15.353797,4.056565,0.0,73.879587,8.090875,30.063413,80.703803
0.63048,24.156435,52.203035,23.894928,10.169061,15.758853,15.067765,82.732315,0.0,1.902907,26.946768,50.385755
0.0,4.228504,0.796483,0.682536,0.032277,0.175965,0.0,37.265005,0.419819,0.0,32.709576,0.517739
0.127944,6.963251,21.153829,0.839392,0.882011,3.293419,1.515869,14.860203,10.932731,1.807304,0.0,3.279547
0.026667,59.95072,55.566888,39.764669,21.094229,45.075061,4.912957,118.245245,119.327795,2.417288,31.076376,0.0
