2109.951045
0.343051,1,3
0.293832,1,4
0.026667,1,5
0.133512,1,8
2.233256,1,12
0.204989,2,1
3.741389,2,3
8.13124,2,4
0.402397,2,5
12.870627,2,6
0.28928,2,7
11.836299,2,8
6.549459,2,9
0.117475,2,10
8.914275,2,11
61.166765,2,12
0.237747,3,1
3.575509,3,2
10.991523,3,4
4.358848,3,5
12.969435,3,6
8.619699,3,7
45.969072,3,8
17.047768,3,9
1.212408,3,10
9.488776,3,11
21.779963,3,12
0.232165,4,1
5.813709,4,2
61.402451,4,3
23.277099,4,5
5.545971,4,6
24.034672,4,7
12.484216,4,8
11.198096,4,9
11.595704,4,10
21.032352,4,11
9.853581,4,12
1.130752,5,1
6.085976,5,2
14.545045,5,3
1.741197,5,4
4.477573,5,6
1.784563,5,7
9.308909,5,8
5.279424,5,9
0.026667,5,10
4.198915,5,11
0.668381,5,12
8.513093,6,2
70.667904,6,3
3.782064,6,4
6.214517,6,5
3.193968,6,7
55.132949,6,8
30.328544,6,9
1.802907,6,10
4.148003,6,11
31.302917,6,12
0.044376,7,1
1.325952,7,2
31.226096,7,3
15.713973,7,4
2.359013,7,5
14.90076,7,6
12.999341,7,8
3.227237,7,9
0.026667,7,10
0.715696,7,11
5.212549,7,12
1.624288,8,1
59.54168,8,2
134.068437,8,3
4.251149,8,4
2.980675,8,5
27.924008,8,6
3.035381,8,7
50.260048,8,9
8.762755,8,10
35.561304,8,11
83.618395,8,12
0.053333,9,1
16.860933,9,2
30.874352,9,3
26.321816,9,4
2.771392,9,5
22.716269,9,6
5.124968,9,7
89.15492,9,8
1.550107,9,10
30.11808,9,11
46.675624,9,12
0.026667,10,2
1.26696,10,3
11.554949,10,4
2.378709,10,5
0.122173,10,6
12.229405,10,8
0.551384,10,9
6.365243,10,11
0.039339,11,1
6.427997,11,2
28.817608,11,3
1.889347,11,4
2.110288,11,5
3.687656,11,6
2.200573,11,7
23.942051,11,8
8.3154,11,9
2.468579,11,10
6.263411,11,12
0.083323,12,1
84.47416,12,2
62.540077,12,3
38.319053,12,4
3.859117,12,5
33.148429,12,6
19.667429,12,7
138.132797,12,8
102.141792,12,9
3.821101,12,10
27.194909,12,11
succeed
0.0,0.0,0.343051,0.293832,0.026667,0.0,0.0,0.133512,0.0,0.0,0.0,2.233256
0.204989,0.0,3.741389,8.13124,0.402397,12.870627,0.28928,11.836299,6.549459,0.117475,8.914275,61.166765
0.237747,3.575509,0.0,10.991523,4.358848,12.969435,8.619699,45.969072,17.047768,1.212408,9.488776,21.779963
0.232165,5.813709,61.402451,0.0,23.277099,5.545971,24.034672,12.484216,11.198096,11.595704,21.032352,9.853581
1.130752,6.085976,14.545045,1.741197,0.0,4.477573,1.784563,9.308909,5.279424,0.026667,4.198915,0.668381
0.0,8.513093,70.667904,3.782064,6.214517,0.0,3.193968,55.132949,30.328544,1.802907,4.148003,31.302917
0.044376,1.325952,31.226096,15.713973,2.359013,14.90076,0.0,12.999341,3.227237,0.026667,0.715696,5.212549
1.624288,59.54168,134.068437,4.251149,2.980675,27.924008,3.035381,0.0,50.260048,8.762755,35.561304,83.618395
0.053333,16.860933,30.874352,26.321816,2.771392,22.716269,5.124968,89.15492,0.0,1.550107,30.11808,46.675624
0.0,0.026667,1.26696,11.554949,2.378709,0.122173,0.0,12.229405,0.551384,0.0,6.365243,0.0
0.039339,6.427997,28.817608,1.889347,2.110288,3.687656,2.200573,23.942051,8.3154,2.468579,0.0,6.263411
0.083323,84.47416,62.540077,38.319053,3.859117,33.148429,19.667429,138.132797,102.141792,3.821101,27.194909,0.0
