2101.066453
0.08,1,3
0.155728,1,5
2.288491,1,6
0.067477,1,7
0.108189,1,8
0.026667,1,9
0.1718,1,12
0.473507,2,1
9.135733,2,3
3.197504,2,4
29.328149,2,5
11.253776,2,6
0.712256,2,7
14.287865,2,8
2.559317,2,9
0.031292,2,10
4.130125,2,11
15.830547,2,12
9.866272,3,2
22.633573,3,4
4.53472,3,5
21.031235,3,6
12.025816,3,7
74.605013,3,8
6.426749,3,9
0.176997,3,10
10.732747,3,11
37.851803,3,12
0.087339,4,1
6.294448,4,2
32.001211,4,3
12.592843,4,5
36.920048,4,6
12.748277,4,7
13.900869,4,8
14.379723,4,9
4.727283,4,10
16.125461,4,11
31.052413,4,12
3.504939,5,1
5.304608,5,2
7.72364,5,3
2.351763,5,4
0.829107,5,6
1.003187,5,7
4.206997,5,8
2.202789,5,9
1.155843,5,11
2.561805,5,12
0.327845,6,1
16.214416,6,2
35.32336,6,3
8.225595,6,4
0.6856,6,5
2.4086,6,7
30.516547,6,8
9.391251,6,9
0.260152,6,10
2.904029,6,11
13.764963,6,12
0.057336,7,1
1.230088,7,2
9.261888,7,3
4.549733,7,4
6.241904,7,5
10.368896,7,6
5.454147,7,8
2.274643,7,9
3.601339,7,10
3.80876,7,11
10.086325,7,12
0.098656,8,1
37.630629,8,2
52.573448,8,3
4.230512,8,4
5.612987,8,5
30.05824,8,6
5.89316,8,7
30.218077,8,9
13.066621,8,10
39.108925,8,11
58.244216,8,12
0.148165,9,1
26.138648,9,2
27.887408,9,3
22.454709,9,4
15.308165,9,5
28.749467,9,6
6.416843,9,7
68.136245,9,8
0.388997,9,10
24.495131,9,11
38.943099,9,12
0.132392,10,2
0.053333,10,3
18.606315,10,4
0.080981,10,5
0.20228,10,6
0.026667,10,7
23.868085,10,8
0.502229,10,9
20.943304,10,11
0.166368,10,12
7.293467,11,2
9.528104,11,3
2.569221,11,4
4.179512,11,5
4.441899,11,6
2.278595,11,7
315.295947,11,8
11.289197,11,9
1.616675,11,10
12.309232,11,12
0.227288,12,1
87.863075,12,2
41.879997,12,3
53.692125,12,4
13.962443,12,5
48.727344,12,6
23.519381,12,7
50.532328,12,8
108.813651,12,9
0.971496,12,10
17.335816,12,11
succeed
0.0,0.0,0.08,0.0,0.155728,2.288491,0.067477,0.108189,0.026667,0.0,0.0,0.1718
0.473507,0.0,9.135733,3.197504,29.328149,11.253776,0.712256,14.287865,2.559317,0.031292,4.130125,15.830547
0.0,9.866272,0.0,22.633573,4.53472,21.031235,12.025816,74.605013,6.426749,0.176997,10.732747,37.851803
0.087339,6.294448,32.001211,0.0,12.592843,36.920048,12.748277,13.900869,14.379723,4.727283,16.125461,31.052413
3.504939,5.304608,7.72364,2.351763,0.0,0.829107,1.003187,4.206997,2.202789,0.0,1.155843,2.561805
0.327845,16.214416,35.32336,8.225595,0.6856,0.0,2.4086,30.516547,9.391251,0.260152,2.904029,13.764963
0.057336,1.230088,9.261888,4.549733,6.241904,10.368896,0.0,5.454147,2.274643,3.601339,3.80876,10.086325
0.098656,37.630629,52.573448,4.230512,5.612987,30.05824,5.89316,0.0,30.218077,13.066621,39.108925,58.244216
0.148165,26.138648,27.887408,22.454709,15.308165,28.749467,6.416843,68.136245,0.0,0.388997,24.495131,38.943099
0.0,0.132392,0.053333,18.606315,0.080981,0.20228,0.026667,23.868085,0.502229,0.0,20.943304,0.166368
0.0,7.293467,9.528104,2.569221,4.179512,4.441899,2.278595,315.295947,11.289197,1.616675,0.0,12.309232
0.227288,87.863075,41.879997,53.692125,13.962443,48.727344,23.519381,50.532328,108.813651,0.971496,17.335816,0.0
