3810.048184
0.050757,1,2
0.850664,1,3
1.744712,1,5
2.81916,1,6
0.16456,1,7
0.133333,1,9
0.034555,1,11
0.673448,1,12
24.468245,2,3
44.837632,2,5
27.428405,2,6
8.248549,2,7
0.026667,2,8
12.179957,2,9
0.026667,2,10
0.732909,2,11
43.537717,2,12
41.200416,3,2
29.005301,3,4
159.828741,3,5
58.693392,3,6
23.559931,3,7
0.053333,3,8
50.136347,3,9
0.026667,3,10
1.375709,3,11
40.411904,3,12
8.902443,4,2
65.410645,4,3
43.944195,4,5
29.705685,4,6
11.172744,4,7
19.674845,4,9
6.405957,4,10
0.463379,4,11
41.100624,4,12
32.354296,5,2
0.982579,5,3
0.08,5,4
8.774832,5,9
0.266064,5,11
135.941085,5,12
32.2134,6,2
162.328672,6,3
25.809011,6,4
103.086731,6,5
17.918648,6,7
0.026667,6,8
78.278675,6,9
0.053333,6,10
0.947035,6,11
65.576896,6,12
9.4886,7,2
38.860957,7,3
8.402275,7,4
22.94288,7,5
19.988219,7,6
0.026667,7,8
9.7802,7,9
0.640629,7,11
27.391245,7,12
24.048397,8,2
11.440904,8,3
16.932712,8,4
231.138371,8,5
0.026667,8,6
0.053333,8,7
90.812848,8,9
9.058827,8,10
39.234291,8,11
128.093101,8,12
53.758837,9,2
135.747824,9,3
49.086648,9,4
183.642909,9,5
51.545845,9,6
31.795917,9,7
0.461845,9,8
8.349949,9,11
150.099405,9,12
0.652021,10,2
0.1638,10,3
2.175,10,4
9.927672,10,5
0.026667,10,6
0.659693,10,7
48.916731,10,8
1.201936,10,9
58.558861,10,11
1.113283,10,12
7.637309,11,2
3.667341,11,3
8.281629,11,4
37.145277,11,5
0.077269,11,6
4.501707,11,7
30.26216,11,8
8.731968,11,9
21.694237,11,10
7.669267,11,12
86.769805,12,2
114.219395,12,3
3.128381,12,4
248.315949,12,5
50.874915,12,6
21.327029,12,7
0.182728,12,8
211.667909,12,9
0.026667,12,10
3.953157,12,11
succeed
0.0,0.050757,0.850664,0.0,1.744712,2.81916,0.16456,0.0,0.133333,0.0,0.034555,0.673448
0.0,0.0,24.468245,0.0,44.837632,27.428405,8.248549,0.026667,12.179957,0.026667,0.732909,43.537717
0.0,41.200416,0.0,29.005301,159.828741,58.693392,23.559931,0.053333,50.136347,0.026667,1.375709,40.411904
0.0,8.902443,65.410645,0.0,43.944195,29.705685,11.172744,0.0,19.674845,6.405957,0.463379,41.100624
0.0,32.354296,0.982579,0.08,0.0,0.0,0.0,0.0,8.774832,0.0,0.266064,135.941085
0.0,32.2134,162.328672,25.809011,103.086731,0.0,17.918648,0.026667,78.278675,0.053333,0.947035,65.576896
0.0,9.4886,38.860957,8.402275,22.94288,19.988219,0.0,0.026667,9.7802,0.0,0.640629,27.391245
0.0,24.048397,11.440904,16.932712,231.138371,0.026667,0.053333,0.0,90.812848,9.058827,39.234291,128.093101
0.0,53.758837,135.747824,49.086648,183.642909,51.545845,31.795917,0.461845,0.0,0.0,8.349949,150.099405
0.0,0.652021,0.1638,2.175,9.927672,0.026667,0.659693,48.916731,1.201936,0.0,58.558861,1.113283
0.0,7.637309,3.667341,8.281629,37.145277,0.077269,4.501707,30.26216,8.731968,21.694237,0.0,7.669267
0.0,86.769805,114.219395,3.128381,248.315949,50.874915,21.327029,0.182728,211.667909,0.026667,3.953157,0.0
