1845.440259
0.121803,1,3
0.211043,1,5
0.837283,1,7
0.753229,1,8
0.600011,1,9
0.084603,1,11
1.280053,1,12
0.249328,2,1
4.601189,2,3
3.074259,2,4
13.861309,2,5
9.906413,2,6
1.875747,2,7
11.297403,2,8
3.690397,2,9
0.08,2,10
4.464579,2,11
45.999429,2,12
0.079533,3,1
6.681965,3,2
6.245101,3,4
5.080992,3,5
21.909795,3,6
12.811891,3,7
36.187992,3,8
20.025525,3,9
0.21464,3,10
7.27608,3,11
19.146587,3,12
0.09392,4,1
7.317317,4,2
60.479395,4,3
16.079928,4,5
25.510357,4,6
20.494128,4,7
12.074997,4,8
14.119941,4,9
14.435128,4,10
14.084656,4,11
34.068915,4,12
2.584747,5,1
13.743829,5,2
11.518573,5,3
0.771352,5,4
5.050723,5,6
0.91228,5,7
8.585989,5,8
6.018883,5,9
2.024853,5,11
11.023288,5,12
0.026667,6,1
10.815909,6,2
61.088131,6,3
5.280763,6,4
22.660192,6,5
3.284253,6,7
16.80392,6,8
13.810253,6,9
0.38304,6,10
24.167712,6,11
14.015109,6,12
0.026667,7,1
0.895696,7,2
16.921125,7,3
27.090189,7,4
3.346467,7,5
11.765371,7,6
1.504179,7,8
0.921397,7,9
2.223616,7,10
3.993571,7,11
8.516947,7,12
0.026667,8,1
10.869309,8,2
86.057555,8,3
5.617984,8,4
2.595629,8,5
21.379397,8,6
2.787213,8,7
38.784579,8,9
15.779181,8,10
26.916483,8,11
17.403939,8,12
1.202128,9,1
8.159427,9,2
20.977589,9,3
28.852088,9,4
6.217232,9,5
11.591341,9,6
4.33728,9,7
72.692315,9,8
1.225291,9,10
18.686285,9,11
46.882165,9,12
0.054635,10,2
2.016872,10,4
0.026667,10,5
3.894032,10,6
30.217565,10,8
0.404725,10,9
27.851597,10,11
0.053333,10,12
0.090757,11,1
6.631224,11,2
45.223187,11,3
3.156949,11,4
1.534619,11,5
7.276117,11,6
2.18972,11,7
16.029309,11,8
14.563184,11,9
4.675845,11,10
5.128587,11,12
0.068453,12,1
66.721528,12,2
54.885619,12,3
56.446485,12,4
9.303973,12,5
37.410915,12,6
7.930189,12,7
54.646251,12,8
121.315235,12,9
1.290981,12,10
46.178077,12,11
succeed
0.0,0.0,0.121803,0.0,0.211043,0.0,0.837283,0.753229,0.600011,0.0,0.084603,1.280053
0.249328,0.0,4.601189,3.074259,13.861309,9.906413,1.875747,11.297403,3.690397,0.08,4.464579,45.999429
0.079533,6.681965,0.0,6.245101,5.080992,21.909795,12.811891,36.187992,20.025525,0.21464,7.27608,19.146587
0.09392,7.317317,60.479395,0.0,16.079928,25.510357,20.494128,12.074997,14.119941,14.435128,14.084656,34.068915
2.584747,13.743829,11.518573,0.771352,0.0,5.050723,0.91228,8.585989,6.018883,0.0,2.024853,11.023288
0.026667,10.815909,61.088131,5.280763,22.660192,0.0,3.284253,16.80392,13.810253,0.38304,24.167712,14.015109
0.026667,0.895696,16.921125,27.090189,3.346467,11.765371,0.0,1.504179,0.921397,2.223616,3.993571,8.516947
0.026667,10.869309,86.057555,5.617984,2.595629,21.379397,2.787213,0.0,38.784579,15.779181,26.916483,17.403939
1.202128,8.159427,20.977589,28.852088,6.217232,11.591341,4.33728,72.692315,0.0,1.225291,18.686285,46.882165
0.0,0.054635,0.0,2.016872,0.026667,3.894032,0.0,30.217565,0.404725,0.0,27.851597,0.053333
0.090757,6.631224,45.223187,3.156949,1.534619,7.276117,2.18972,16.029309,14.563184,4.675845,0.0,5.128587
0.068453,66.721528,54.885619,56.446485,9.303973,37.410915,7.930189,54.646251,121.315235,1.290981,46.178077,0.0
