3100.274973
1.651059,1,3
0.730325,1,4
0.087683,1,5
0.034349,1,7
0.166672,1,8
0.026667,1,9
0.013333,1,10
0.053333,1,11
0.194115,1,12
0.069576,2,1
8.974616,2,3
6.654387,2,4
18.950277,2,5
23.938573,2,6
5.392013,2,7
18.83798,2,8
7.327541,2,9
0.125311,2,10
4.412475,2,11
21.171173,2,12
0.131395,3,1
10.561611,3,2
13.00144,3,4
4.468733,3,5
37.546589,3,6
11.685749,3,7
126.153672,3,8
88.55528,3,9
1.660013,3,10
10.272077,3,11
44.346507,3,12
0.147829,4,1
9.290952,4,2
40.56992,4,3
35.828293,4,5
28.443093,4,6
23.675477,4,7
28.12808,4,8
50.290685,4,9
16.885587,4,10
23.351579,4,11
40.612488,4,12
2.832715,5,1
10.313803,5,2
11.764456,5,3
1.51416,5,4
8.817467,5,6
0.64656,5,7
6.986435,5,8
2.313837,5,9
0.084259,5,10
3.940773,5,11
9.243883,5,12
0.05672,6,1
15.811891,6,2
64.396403,6,3
9.2512,6,4
0.769739,6,5
4.033568,6,7
55.760184,6,8
41.547101,6,9
0.763656,6,10
10.701536,6,11
33.295312,6,12
0.026667,7,1
1.779645,7,2
17.142955,7,3
8.337208,7,4
1.910413,7,5
21.010664,7,6
8.624907,7,8
9.566992,7,9
0.134808,7,10
3.235643,7,11
6.938125,7,12
0.688952,8,1
25.177376,8,2
112.023547,8,3
20.792371,8,4
15.189163,8,5
35.085744,8,6
5.843264,8,7
136.655696,8,9
17.314469,8,10
69.20096,8,11
88.153717,8,12
0.580781,9,1
31.772221,9,2
73.437765,9,3
28.673315,9,4
21.806176,9,5
40.045941,9,6
8.612411,9,7
111.661285,9,8
2.999931,9,10
45.809619,9,11
72.827363,9,12
4.006603,10,1
0.157445,10,2
1.567307,10,3
7.796101,10,4
0.042155,10,5
0.176752,10,6
0.053333,10,7
60.190195,10,8
0.834795,10,9
55.899715,10,11
0.064805,10,12
0.032504,11,1
10.448771,11,2
8.906472,11,3
2.912221,11,4
4.61008,11,5
6.849347,11,6
3.71704,11,7
41.876939,11,8
25.854051,11,9
2.552072,11,10
4.718131,11,12
2.270541,12,1
139.160051,12,2
113.407632,12,3
64.499237,12,4
67.641485,12,5
58.942568,12,6
14.293883,12,7
137.432528,12,8
107.473888,12,9
5.610864,12,10
43.951203,12,11
succeed
0.0,0.0,1.651059,0.730325,0.087683,0.0,0.034349,0.166672,0.026667,0.013333,0.053333,0.194115
0.069576,0.0,8.974616,6.654387,18.950277,23.938573,5.392013,18.83798,7.327541,0.125311,4.412475,21.171173
0.131395,10.561611,0.0,13.00144,4.468733,37.546589,11.685749,126.153672,88.55528,1.660013,10.272077,44.346507
0.147829,9.290952,40.56992,0.0,35.828293,28.443093,23.675477,28.12808,50.290685,16.885587,23.351579,40.612488
2.832715,10.313803,11.764456,1.51416,0.0,8.817467,0.64656,6.986435,2.313837,0.084259,3.940773,9.243883
0.05672,15.811891,64.396403,9.2512,0.769739,0.0,4.033568,55.760184,41.547101,0.763656,10.701536,33.295312
0.026667,1.779645,17.142955,8.337208,1.910413,21.010664,0.0,8.624907,9.566992,0.134808,3.235643,6.938125
0.688952,25.177376,112.023547,20.792371,15.189163,35.085744,5.843264,0.0,136.655696,17.314469,69.20096,88.153717
0.580781,31.772221,73.437765,28.673315,21.806176,40.045941,8.612411,111.661285,0.0,2.999931,45.809619,72.827363
4.006603,0.157445,1.567307,7.796101,0.042155,0.176752,0.053333,60.190195,0.834795,0.0,55.899715,0.064805
0.032504,10.448771,8.906472,2.912221,4.61008,6.849347,3.71704,41.876939,25.854051,2.552072,0.0,4.718131
2.270541,139.160051,113.407632,64.499237,67.641485,58.942568,14.293883,137.432528,107.473888,5.610864,43.951203,0.0
