2714.084874
1.784139,1,2
1.810656,1,3
0.126133,1,5
0.150517,1,6
0.029077,1,7
0.060448,1,8
0.729056,1,9
0.033781,1,10
0.094376,1,11
0.347339,1,12
0.45936,2,1
7.219552,2,3
4.425536,2,4
8.049373,2,5
16.663773,2,6
3.879701,2,7
12.367897,2,8
17.300029,2,9
0.610004,2,10
4.389867,2,11
71.437941,2,12
0.383976,3,1
19.779261,3,2
5.484043,3,4
7.390749,3,5
45.777008,3,6
14.601125,3,7
32.751509,3,8
22.148613,3,9
1.036573,3,10
9.436973,3,11
22.837565,3,12
0.064605,4,1
10.102237,4,2
52.516296,4,3
22.053885,4,5
40.752597,4,6
22.403035,4,7
16.590131,4,8
17.160472,4,9
10.227237,4,10
9.707605,4,11
57.036635,4,12
2.998352,5,1
4.433864,5,2
18.405408,5,3
9.953355,5,4
4.550304,5,6
2.431045,5,7
3.182067,5,8
2.902517,5,9
0.349997,5,10
0.689264,5,11
3.407469,5,12
0.18488,6,1
29.153373,6,2
76.850688,6,3
7.483757,6,4
4.713541,6,5
7.948491,6,7
14.149816,6,8
18.036104,6,9
3.562059,6,10
14.190869,6,11
50.793472,6,12
0.105651,7,1
5.408285,7,2
24.580928,7,3
6.799408,7,4
4.857227,7,5
19.173032,7,6
6.151083,7,8
3.328856,7,9
2.137501,7,10
2.69608,7,11
13.60912,7,12
0.053451,8,1
26.21512,8,2
95.739685,8,3
5.984144,8,4
10.711301,8,5
18.632712,8,6
8.967981,8,7
45.069771,8,9
30.344344,8,10
25.978944,8,11
99.803499,8,12
9.968904,9,1
32.480269,9,2
35.041285,9,3
20.999347,9,4
13.392576,9,5
31.845373,9,6
6.147123,9,7
61.327957,9,8
1.097653,9,10
17.198139,9,11
128.142136,9,12
0.128792,10,2
0.054667,10,3
20.783744,10,4
0.094077,10,5
0.41144,10,6
0.063173,10,7
46.142635,10,8
0.08,10,9
37.630915,10,11
3.751019,10,12
0.059413,11,1
13.18584,11,2
55.260749,11,3
3.24892,11,4
7.311011,11,5
10.858291,11,6
12.999096,11,7
8.744536,11,8
14.165923,11,9
5.703659,11,10
74.556643,11,12
0.595512,12,1
131.115965,12,2
77.496808,12,3
51.505944,12,4
27.162232,12,5
67.848736,12,6
37.960981,12,7
94.59352,12,8
182.157755,12,9
5.387101,12,10
36.455515,12,11
succeed
0.0,1.784139,1.810656,0.0,0.126133,0.150517,0.029077,0.060448,0.729056,0.033781,0.094376,0.347339
0.45936,0.0,7.219552,4.425536,8.049373,16.663773,3.879701,12.367897,17.300029,0.610004,4.389867,71.437941
0.383976,19.779261,0.0,5.484043,7.390749,45.777008,14.601125,32.751509,22.148613,1.036573,9.436973,22.837565
0.064605,10.102237,52.516296,0.0,22.053885,40.752597,22.403035,16.590131,17.160472,10.227237,9.707605,57.036635
2.998352,4.433864,18.405408,9.953355,0.0,4.550304,2.431045,3.182067,2.902517,0.349997,0.689264,3.407469
0.18488,29.153373,76.850688,7.483757,4.713541,0.0,7.948491,14.149816,18.036104,3.562059,14.190869,50.793472
0.105651,5.408285,24.580928,6.799408,4.857227,19.173032,0.0,6.151083,3.328856,2.137501,2.69608,13.60912
0.053451,26.21512,95.739685,5.984144,10.711301,18.632712,8.967981,0.0,45.069771,30.344344,25.978944,99.803499
9.968904,32.480269,35.041285,20.999347,13.392576,31.845373,6.147123,61.327957,0.0,1.097653,17.198139,128.142136
0.0,0.128792,0.054667,20.783744,0.094077,0.41144,0.063173,46.142635,0.08,0.0,37.630915,3.751019
0.059413,13.18584,55.260749,3.24892,7.311011,10.858291,12.999096,8.744536,14.165923,5.703659,0.0,74.556643
0.595512,131.115965,77.496808,51.505944,27.162232,67.848736,37.960981,94.59352,182.157755,5.387101,36.455515,0.0
