4610.45646
0.581589,1,2
0.597363,1,3
0.056797,1,4
1.61336,1,5
1.646285,1,6
0.15608,1,7
0.803056,1,9
0.029163,1,11
3.015296,1,12
32.223189,2,3
0.594056,2,4
50.391899,2,5
34.238659,2,6
6.805203,2,7
0.106347,2,8
22.134747,2,9
0.169803,2,11
90.883952,2,12
41.077328,3,2
126.989437,3,4
36.271957,3,5
62.902368,3,6
25.797704,3,7
0.274411,3,8
54.003979,3,9
0.026667,3,10
3.889467,3,11
57.330653,3,12
8.517808,4,2
16.17556,4,3
34.37596,4,5
108.231331,4,6
33.398613,4,7
0.026667,4,8
3.06172,4,9
353.804453,4,10
0.111595,4,11
37.432352,4,12
38.381597,5,2
1.255501,5,3
1.504093,5,4
0.026667,5,6
0.026667,5,7
9.096413,5,9
0.134805,5,11
115.337864,5,12
39.500835,6,2
159.268544,6,3
110.366984,6,4
30.850888,6,5
34.033107,6,7
0.026667,6,8
83.212771,6,9
0.403152,6,11
80.429131,6,12
7.352088,7,2
31.390795,7,3
24.737765,7,4
9.681152,7,5
26.957675,7,6
11.420819,7,9
0.053333,7,11
13.061979,7,12
26.81008,8,2
2.616605,8,3
0.091293,8,4
108.623139,8,5
0.218467,8,6
0.28072,8,7
1.210701,8,9
321.652533,8,10
22.507349,8,11
88.348461,8,12
79.471661,9,2
124.902811,9,3
164.023781,9,4
64.717256,9,5
62.406808,9,6
30.661621,9,7
0.036288,9,8
0.08,9,10
1.994405,9,11
170.173221,9,12
0.968032,10,2
0.084376,10,3
2.928931,10,5
0.03136,10,7
148.8254,10,8
0.06832,10,9
50.810277,10,11
1.182251,10,12
33.512136,11,2
2.582155,11,3
0.127411,11,4
10.923856,11,5
0.253947,11,6
0.438811,11,7
9.834315,11,8
6.426963,11,9
144.372552,11,10
19.580883,11,12
113.708101,12,2
190.130427,12,3
3.045619,12,4
253.743061,12,5
47.369893,12,6
36.426851,12,7
0.026667,12,8
176.911685,12,9
0.200635,12,10
6.856179,12,11
succeed
0.0,0.581589,0.597363,0.056797,1.61336,1.646285,0.15608,0.0,0.803056,0.0,0.029163,3.015296
0.0,0.0,32.223189,0.594056,50.391899,34.238659,6.805203,0.106347,22.134747,0.0,0.169803,90.883952
0.0,41.077328,0.0,126.989437,36.271957,62.902368,25.797704,0.274411,54.003979,0.026667,3.889467,57.330653
0.0,8.517808,16.17556,0.0,34.37596,108.231331,33.398613,0.026667,3.06172,353.804453,0.111595,37.432352
0.0,38.381597,1.255501,1.504093,0.0,0.026667,0.026667,0.0,9.096413,0.0,0.134805,115.337864
0.0,39.500835,159.268544,110.366984,30.850888,0.0,34.033107,0.026667,83.212771,0.0,0.403152,80.429131
0.0,7.352088,31.390795,24.737765,9.681152,26.957675,0.0,0.0,11.420819,0.0,0.053333,13.061979
0.0,26.81008,2.616605,0.091293,108.623139,0.218467,0.28072,0.0,1.210701,321.652533,22.507349,88.348461
0.0,79.471661,124.902811,164.023781,64.717256,62.406808,30.661621,0.036288,0.0,0.08,1.994405,170.173221
0.0,0.968032,0.084376,0.0,2.928931,0.0,0.03136,148.8254,0.06832,0.0,50.810277,1.182251
0.0,33.512136,2.582155,0.127411,10.923856,0.253947,0.438811,9.834315,6.426963,144.372552,0.0,19.580883
0.0,113.708101,190.130427,3.045619,253.743061,47.369893,36.426851,0.026667,176.911685,0.200635,6.856179,0.0
