2249.931763
0.162797,1,2
0.201139,1,3
0.055085,1,4
0.702144,1,5
0.401875,1,6
0.148064,1,7
0.378176,1,8
0.192125,1,9
0.213704,1,10
0.080896,1,11
3.752955,1,12
1.495096,2,1
11.704208,2,3
2.860136,2,4
2.316085,2,5
13.617261,2,6
2.036256,2,7
17.865219,2,8
17.974315,2,9
3.991589,2,10
8.845064,2,11
126.809144,2,12
1.191059,3,1
11.66392,3,2
14.037885,3,4
40.696555,3,5
13.720528,3,6
7.565488,3,7
17.120336,3,8
3.905024,3,9
3.528299,3,10
7.166483,3,11
6.584435,3,12
1.174624,4,1
5.835392,4,2
52.531949,4,3
4.082429,4,5
9.496667,4,6
4.04392,4,7
3.188248,4,8
6.373765,4,9
7.365488,4,10
7.006768,4,11
8.793176,4,12
3.717504,5,1
2.253888,5,2
28.942277,5,3
1.32256,5,4
9.192173,5,6
0.939509,5,7
16.722485,5,8
6.430691,5,9
1.178309,5,10
3.188248,5,11
2.71228,5,12
0.733504,6,1
11.944123,6,2
107.226485,6,3
6.072888,6,4
5.755232,6,5
13.262539,6,7
12.500677,6,8
22.792635,6,9
8.199656,6,10
7.453805,6,11
26.142509,6,12
1.909032,7,1
4.865549,7,2
36.523029,7,3
2.878653,7,4
6.1026,7,5
13.36396,7,6
5.931125,7,8
7.796672,7,9
0.445384,7,10
4.979621,7,11
12.723915,7,12
0.087963,8,1
16.968056,8,2
137.892963,8,3
3.719896,8,4
6.230867,8,5
52.362333,8,6
7.126285,8,7
52.997613,8,9
5.309427,8,10
24.235933,8,11
47.689875,8,12
0.967187,9,1
35.351629,9,2
57.261819,9,3
12.942053,9,4
32.974957,9,5
55.165315,9,6
17.849013,9,7
49.216611,9,8
6.351256,9,10
21.473696,9,11
45.805221,9,12
0.034053,10,1
0.498181,10,2
9.0666,10,3
4.474707,10,4
1.322723,10,5
3.095259,10,6
0.256765,10,7
6.616152,10,8
3.082469,10,9
2.238816,10,11
0.916227,10,12
0.101003,11,1
15.176773,11,2
74.991965,11,3
2.640635,11,4
2.698264,11,5
9.772093,11,6
2.826968,11,7
19.251283,11,8
21.319144,11,9
2.320445,11,10
6.329005,11,12
9.840712,12,1
117.162011,12,2
44.414792,12,3
20.277813,12,4
25.831107,12,5
55.858464,12,6
8.760211,12,7
71.023955,12,8
129.815123,12,9
4.121549,12,10
34.73724,12,11
succeed
0.0,0.162797,0.201139,0.055085,0.702144,0.401875,0.148064,0.378176,0.192125,0.213704,0.080896,3.752955
1.495096,0.0,11.704208,2.860136,2.316085,13.617261,2.036256,17.865219,17.974315,3.991589,8.845064,126.809144
1.191059,11.66392,0.0,14.037885,40.696555,13.720528,7.565488,17.120336,3.905024,3.528299,7.166483,6.584435
1.174624,5.835392,52.531949,0.0,4.082429,9.496667,4.04392,3.188248,6.373765,7.365488,7.006768,8.793176
3.717504,2.253888,28.942277,1.32256,0.0,9.192173,0.939509,16.722485,6.430691,1.178309,3.188248,2.71228
0.733504,11.944123,107.226485,6.072888,5.755232,0.0,13.262539,12.500677,22.792635,8.199656,7.453805,26.142509
1.909032,4.865549,36.523029,2.878653,6.1026,13.36396,0.0,5.931125,7.796672,0.445384,4.979621,12.723915
0.087963,16.968056,137.892963,3.719896,6.230867,52.362333,7.126285,0.0,52.997613,5.309427,24.235933,47.689875
0.967187,35.351629,57.261819,12.942053,32.974957,55.165315,17.849013,49.216611,0.0,6.351256,21.473696,45.805221
0.034053,0.498181,9.0666,4.474707,1.322723,3.095259,0.256765,6.616152,3.082469,0.0,2.238816,0.916227
0.101003,15.176773,74.991965,2.640635,2.698264,9.772093,2.826968,19.251283,21.319144,2.320445,0.0,6.329005
9.840712,117.162011,44.414792,20.277813,25.831107,55.858464,8.760211,71.023955,129.815123,4.121549,34.73724,0.0
