3205.079296
0.417053,1,2
0.543464,1,3
0.05792,1,4
0.22492,1,5
0.864485,1,7
0.601109,1,8
0.093333,1,9
0.188395,1,11
0.792376,1,12
0.613885,2,1
12.228571,2,3
7.711008,2,4
3.106032,2,5
12.49476,2,6
6.677008,2,7
22.180989,2,8
12.39176,2,9
0.896739,2,10
12.738083,2,11
69.780651,2,12
0.13104,3,1
31.631624,3,2
22.095912,3,4
13.223152,3,5
41.569456,3,6
21.00424,3,7
41.450872,3,8
13.821269,3,9
3.275392,3,10
8.672347,3,11
65.903741,3,12
0.240032,4,1
13.978555,4,2
59.824712,4,3
18.747061,4,5
25.013744,4,6
17.875949,4,7
13.039037,4,8
20.159189,4,9
17.296139,4,10
15.565149,4,11
35.071333,4,12
1.793211,5,1
21.384851,5,2
19.066939,5,3
1.880965,5,4
3.923232,5,6
1.819715,5,7
9.670136,5,8
3.80708,5,9
0.315093,5,10
7.057272,5,11
9.373083,5,12
0.057157,6,1
18.71092,6,2
129.420539,6,3
17.403301,6,4
8.617867,6,5
15.590235,6,7
32.710016,6,8
30.644035,6,9
7.103443,6,10
17.889376,6,11
23.879312,6,12
0.342381,7,1
4.308037,7,2
28.562269,7,3
10.652296,7,4
3.0788,7,5
13.669088,7,6
6.006941,7,8
4.259283,7,9
0.447019,7,10
3.272829,7,11
11.488624,7,12
1.630579,8,1
52.618981,8,2
184.646515,8,3
31.687451,8,4
11.767245,8,5
37.730035,8,6
17.427963,8,7
75.102224,8,9
15.279773,8,10
46.118493,8,11
117.670789,8,12
0.221291,9,1
42.579971,9,2
58.195736,9,3
41.422531,9,4
13.864368,9,5
72.247328,9,6
26.225917,9,7
71.760883,9,8
4.901611,9,10
35.755,9,11
116.587392,9,12
0.041971,10,1
0.308328,10,2
1.236552,10,3
12.42888,10,4
1.066901,10,5
0.587517,10,6
0.417488,10,7
15.119931,10,8
4.552848,10,9
15.719843,10,11
0.213333,10,12
0.06324,11,1
11.396795,11,2
33.627784,11,3
10.59656,11,4
3.776163,11,5
14.621672,11,6
4.484709,11,7
25.730301,11,8
14.799944,11,9
5.03244,11,10
21.695824,11,12
0.529035,12,1
174.445885,12,2
111.612541,12,3
33.021797,12,4
31.556384,12,5
79.489888,12,6
25.75556,12,7
132.987307,12,8
160.250616,12,9
3.301405,12,10
46.769947,12,11
succeed
0.0,0.417053,0.543464,0.05792,0.22492,0.0,0.864485,0.601109,0.093333,0.0,0.188395,0.792376
0.613885,0.0,12.228571,7.711008,3.106032,12.49476,6.677008,22.180989,12.39176,0.896739,12.738083,69.780651
0.13104,31.631624,0.0,22.095912,13.223152,41.569456,21.00424,41.450872,13.821269,3.275392,8.672347,65.903741
0.240032,13.978555,59.824712,0.0,18.747061,25.013744,17.875949,13.039037,20.159189,17.296139,15.565149,35.071333
1.793211,21.384851,19.066939,1.880965,0.0,3.923232,1.819715,9.670136,3.80708,0.315093,7.057272,9.373083
0.057157,18.71092,129.420539,17.403301,8.617867,0.0,15.590235,32.710016,30.644035,7.103443,17.889376,23.879312
0.342381,4.308037,28.562269,10.652296,3.0788,13.669088,0.0,6.006941,4.259283,0.447019,3.272829,11.488624
1.630579,52.618981,184.646515,31.687451,11.767245,37.730035,17.427963,0.0,75.102224,15.279773,46.118493,117.670789
0.221291,42.579971,58.195736,41.422531,13.864368,72.247328,26.225917,71.760883,0.0,4.901611,35.755,116.587392
0.041971,0.308328,1.236552,12.42888,1.066901,0.587517,0.417488,15.119931,4.552848,0.0,15.719843,0.213333
0.06324,11.396795,33.627784,10.59656,3.776163,14.621672,4.484709,25.730301,14.799944,5.03244,0.0,21.695824
0.529035,174.445885,111.612541,33.021797,31.556384,79.489888,25.75556,132.987307,160.250616,3.301405,46.769947,0.0
