2690.205926
0.305507,1,2
0.462245,1,3
0.053333,1,5
0.145581,1,6
0.054643,1,7
0.177704,1,8
0.857784,1,9
0.029291,1,10
0.081621,1,11
0.753315,1,12
0.261917,2,1
10.152792,2,3
13.969907,2,4
33.379227,2,5
26.139107,2,6
2.038581,2,7
16.715732,2,8
5.429376,2,9
4.469473,2,10
3.461341,2,11
61.939875,2,12
0.339,3,1
28.983808,3,2
7.362541,3,4
4.707701,3,5
39.313547,3,6
8.240669,3,7
28.174861,3,8
29.309667,3,9
7.628653,3,10
8.954037,3,11
25.548067,3,12
0.21792,4,1
11.305139,4,2
87.27408,4,3
24.478675,4,5
34.556117,4,6
33.540672,4,7
14.247917,4,8
35.720979,4,9
25.533805,4,10
19.76296,4,11
46.820667,4,12
0.341907,5,1
26.812149,5,2
19.748029,5,3
1.193571,5,4
2.574093,5,6
2.558877,5,7
4.736219,5,8
12.76128,5,9
0.29848,5,10
1.007869,5,11
4.04948,5,12
4.882627,6,1
31.152243,6,2
98.869779,6,3
5.195448,6,4
6.271315,6,5
10.031648,6,7
17.08188,6,8
16.586821,6,9
1.232293,6,10
8.936901,6,11
34.886733,6,12
0.319451,7,1
5.881971,7,2
15.53308,7,3
6.764659,7,4
4.105819,7,5
22.078928,7,6
5.162184,7,8
3.053669,7,9
2.069771,7,10
2.201485,7,11
22.662512,7,12
0.053333,8,1
17.380552,8,2
124.243336,8,3
8.166432,8,4
4.884917,8,5
17.474544,8,6
18.524125,8,7
47.108925,8,9
26.985163,8,10
17.457144,8,11
90.568845,8,12
7.481971,9,1
24.7008,9,2
18.726549,9,3
37.801373,9,4
6.270595,9,5
35.234979,9,6
8.203712,9,7
69.037443,9,8
0.652715,9,10
26.297176,9,11
84.65872,9,12
0.723715,10,2
0.136288,10,3
6.611691,10,4
0.074813,10,5
0.326848,10,6
0.053333,10,7
29.59792,10,8
4.515792,10,9
38.704224,10,11
1.938827,10,12
0.042747,11,1
10.324376,11,2
37.694293,11,3
2.056936,11,4
2.669779,11,5
11.452483,11,6
2.613627,11,7
12.407016,11,8
23.390613,11,9
6.273339,11,10
20.039291,11,12
1.544032,12,1
104.292971,12,2
73.251496,12,3
47.8288,12,4
20.438419,12,5
57.529912,12,6
15.849424,12,7
94.752189,12,8
232.995285,12,9
0.877269,12,10
33.341824,12,11
succeed
0.0,0.305507,0.462245,0.0,0.053333,0.145581,0.054643,0.177704,0.857784,0.029291,0.081621,0.753315
0.261917,0.0,10.152792,13.969907,33.379227,26.139107,2.038581,16.715732,5.429376,4.469473,3.461341,61.939875
0.339,28.983808,0.0,7.362541,4.707701,39.313547,8.240669,28.174861,29.309667,7.628653,8.954037,25.548067
0.21792,11.305139,87.27408,0.0,24.478675,34.556117,33.540672,14.247917,35.720979,25.533805,19.76296,46.820667
0.341907,26.812149,19.748029,1.193571,0.0,2.574093,2.558877,4.736219,12.76128,0.29848,1.007869,4.04948
4.882627,31.152243,98.869779,5.195448,6.271315,0.0,10.031648,17.08188,16.586821,1.232293,8.936901,34.886733
0.319451,5.881971,15.53308,6.764659,4.105819,22.078928,0.0,5.162184,3.053669,2.069771,2.201485,22.662512
0.053333,17.380552,124.243336,8.166432,4.884917,17.474544,18.524125,0.0,47.108925,26.985163,17.457144,90.568845
7.481971,24.7008,18.726549,37.801373,6.270595,35.234979,8.203712,69.037443,0.0,0.652715,26.297176,84.65872
0.0,0.723715,0.136288,6.611691,0.074813,0.326848,0.053333,29.59792,4.515792,0.0,38.704224,1.938827
0.042747,10.324376,37.694293,2.056936,2.669779,11.452483,2.613627,12.407016,23.390613,6.273339,0.0,20.039291
1.544032,104.292971,73.251496,47.8288,20.438419,57.529912,15.849424,94.752189,232.995285,0.877269,33.341824,0.0
