2511.972268
0.026667,1,2
0.157091,1,3
0.033005,1,4
0.065147,1,5
0.654195,1,6
0.028472,1,7
0.129184,1,8
0.026667,1,9
0.053333,1,11
0.830509,1,12
0.063864,2,1
10.482141,2,3
7.974589,2,4
3.623936,2,5
8.397405,2,6
0.786067,2,7
16.191088,2,8
26.210397,2,9
5.211288,2,11
29.109877,2,12
0.127269,3,1
18.209645,3,2
13.975149,3,4
7.206205,3,5
31.599971,3,6
6.813525,3,7
73.605659,3,8
96.980672,3,9
0.285832,3,10
5.002456,3,11
57.679957,3,12
0.08096,4,1
3.341445,4,2
45.491219,4,3
22.096925,4,5
26.566405,4,6
19.577659,4,7
14.36152,4,8
35.76004,4,9
15.06124,4,10
12.849413,4,11
37.201013,4,12
0.163787,5,1
16.365741,5,2
7.717699,5,3
2.009557,5,4
2.301144,5,6
1.353517,5,7
13.301731,5,8
4.315843,5,9
0.087093,5,10
6.289496,5,11
10.202488,5,12
0.54412,6,1
10.771688,6,2
36.589984,6,3
13.537656,6,4
0.770067,6,5
7.033392,6,7
28.685331,6,8
63.688011,6,9
0.866376,6,10
3.219728,6,11
13.490293,6,12
0.026667,7,1
3.241619,7,2
10.888312,7,3
19.415483,7,4
5.634163,7,5
10.455323,7,6
4.064699,7,8
10.220837,7,9
1.039157,7,10
1.183696,7,11
14.389248,7,12
0.665432,8,1
47.98904,8,2
62.898533,8,3
18.260363,8,4
12.188419,8,5
29.491821,8,6
11.144035,8,7
123.96148,8,9
12.590099,8,10
60.629685,8,11
100.906333,8,12
0.183405,9,1
26.035712,9,2
41.221149,9,3
34.715005,9,4
10.76392,9,5
44.787115,9,6
6.824925,9,7
66.680955,9,8
3.099835,9,10
19.270573,9,11
87.497339,9,12
0.026667,10,1
0.140677,10,2
1.413107,10,3
4.935347,10,4
0.061675,10,5
3.490475,10,6
0.131632,10,7
32.866019,10,8
0.405741,10,9
38.783637,10,11
0.08,10,12
7.826771,11,2
3.698597,11,3
2.689301,11,4
2.25856,11,5
11.420936,11,6
2.552973,11,7
66.073331,11,8
16.165808,11,9
3.657565,11,10
7.564133,11,12
0.113435,12,1
75.103133,12,2
69.7246,12,3
41.282621,12,4
13.641701,12,5
60.196549,12,6
16.313771,12,7
108.358744,12,8
91.330848,12,9
3.546203,12,10
26.519491,12,11
succeed
0.0,0.026667,0.157091,0.033005,0.065147,0.654195,0.028472,0.129184,0.026667,0.0,0.053333,0.830509
0.063864,0.0,10.482141,7.974589,3.623936,8.397405,0.786067,16.191088,26.210397,0.0,5.211288,29.109877
0.127269,18.209645,0.0,13.975149,7.206205,31.599971,6.813525,73.605659,96.980672,0.285832,5.002456,57.679957
0.08096,3.341445,45.491219,0.0,22.096925,26.566405,19.577659,14.36152,35.76004,15.06124,12.849413,37.201013
0.163787,16.365741,7.717699,2.009557,0.0,2.301144,1.353517,13.301731,4.315843,0.087093,6.289496,10.202488
0.54412,10.771688,36.589984,13.537656,0.770067,0.0,7.033392,28.685331,63.688011,0.866376,3.219728,13.490293
0.026667,3.241619,10.888312,19.415483,5.634163,10.455323,0.0,4.064699,10.220837,1.039157,1.183696,14.389248
0.665432,47.98904,62.898533,18.260363,12.188419,29.491821,11.144035,0.0,123.96148,12.590099,60.629685,100.906333
0.183405,26.035712,41.221149,34.715005,10.76392,44.787115,6.824925,66.680955,0.0,3.099835,19.270573,87.497339
0.026667,0.140677,1.413107,4.935347,0.061675,3.490475,0.131632,32.866019,0.405741,0.0,38.783637,0.08
0.0,7.826771,3.698597,2.689301,2.25856,11.420936,2.552973,66.073331,16.165808,3.657565,0.0,7.564133
0.113435,75.103133,69.7246,41.282621,13.641701,60.196549,16.313771,108.358744,91.330848,3.546203,26.519491,0.0
