2414.229508
0.071445,1,2
0.085317,1,3
0.026667,1,4
0.129936,1,5
0.053333,1,6
0.283549,1,8
0.503232,1,9
0.053333,1,11
0.162667,1,12
1.493219,2,1
19.145315,2,3
4.312995,2,4
8.274571,2,5
12.541925,2,6
1.032627,2,7
13.864549,2,8
2.516696,2,9
0.093619,2,10
3.958181,2,11
33.357883,2,12
0.16612,3,1
16.390261,3,2
6.934813,3,4
6.018875,3,5
32.681645,3,6
10.336744,3,7
27.485635,3,8
15.498856,3,9
2.502963,3,10
9.105656,3,11
18.796224,3,12
0.163627,4,1
6.898157,4,2
54.0686,4,3
30.350549,4,5
26.208459,4,6
13.435731,4,7
11.633557,4,8
13.573896,4,9
7.420877,4,10
16.631643,4,11
42.168853,4,12
1.590037,5,1
7.546112,5,2
9.259323,5,3
2.489699,5,4
12.071253,5,6
1.46972,5,7
10.644563,5,8
2.420405,5,9
0.026667,5,10
5.134221,5,11
1.524104,5,12
15.402885,6,2
34.955848,6,3
17.274269,6,4
1.260421,6,5
3.919149,6,7
20.645824,6,8
11.687352,6,9
0.287512,6,10
17.071632,6,11
3.422205,6,12
2.792699,7,2
9.614819,7,3
10.290952,7,4
3.344,7,5
14.062608,7,6
5.647771,7,8
4.398165,7,9
2.868992,7,10
4.134696,7,11
9.461315,7,12
0.455627,8,1
18.303955,8,2
62.864872,8,3
22.077968,8,4
11.683867,8,5
12.018416,8,6
2.656272,8,7
22.633421,8,9
23.780451,8,10
32.589808,8,11
97.969984,8,12
0.729677,9,1
26.149435,9,2
25.843893,9,3
24.265952,9,4
10.74996,9,5
18.547469,9,6
7.061816,9,7
57.672259,9,8
3.497437,9,10
27.321309,9,11
50.604384,9,12
1.229797,10,2
0.053333,10,3
1.25788,10,4
0.026667,10,5
0.218293,10,6
0.053333,10,7
43.682659,10,8
0.697795,10,9
38.257267,10,11
0.026667,10,12
0.026667,11,1
11.74988,11,2
29.758011,11,3
3.485157,11,4
3.550789,11,5
11.077539,11,6
4.307845,11,7
125.621528,11,8
17.192192,11,9
2.997453,11,10
103.945648,11,12
0.108491,12,1
85.709067,12,2
187.033624,12,3
67.215603,12,4
32.81156,12,5
28.727683,12,6
10.030192,12,7
86.96864,12,8
194.788475,12,9
1.040264,12,10
43.949259,12,11
succeed
0.0,0.071445,0.085317,0.026667,0.129936,0.053333,0.0,0.283549,0.503232,0.0,0.053333,0.162667
1.493219,0.0,19.145315,4.312995,8.274571,12.541925,1.032627,13.864549,2.516696,0.093619,3.958181,33.357883
0.16612,16.390261,0.0,6.934813,6.018875,32.681645,10.336744,27.485635,15.498856,2.502963,9.105656,18.796224
0.163627,6.898157,54.0686,0.0,30.350549,26.208459,13.435731,11.633557,13.573896,7.420877,16.631643,42.168853
1.590037,7.546112,9.259323,2.489699,0.0,12.071253,1.46972,10.644563,2.420405,0.026667,5.134221,1.524104
0.0,15.402885,34.955848,17.274269,1.260421,0.0,3.919149,20.645824,11.687352,0.287512,17.071632,3.422205
0.0,2.792699,9.614819,10.290952,3.344,14.062608,0.0,5.647771,4.398165,2.868992,4.134696,9.461315
0.455627,18.303955,62.864872,22.077968,11.683867,12.018416,2.656272,0.0,22.633421,23.780451,32.589808,97.969984
0.729677,26.149435,25.843893,24.265952,10.74996,18.547469,7.061816,57.672259,0.0,3.497437,27.321309,50.604384
0.0,1.229797,0.053333,1.25788,0.026667,0.218293,0.053333,43.682659,0.697795,0.0,38.257267,0.026667
0.026667,11.74988,29.758011,3.485157,3.550789,11.077539,4.307845,125.621528,17.192192,2.997453,0.0,103.945648
0.108491,85.709067,187.033624,67.215603,32.81156,28.727683,10.030192,86.96864,194.788475,1.040264,43.949259,0.0
