1710.266779
0.180088,1,3
0.1742,1,5
0.082757,1,6
0.117411,1,8
0.862864,1,9
0.053333,1,11
3.623989,1,12
0.097493,2,1
1.724781,2,3
4.813333,2,4
2.431797,2,5
36.108365,2,6
0.634115,2,7
8.716015,2,8
3.696357,2,9
1.678297,2,10
2.864147,2,11
23.805397,2,12
9.157973,3,2
10.618605,3,4
12.605813,3,5
23.811941,3,6
6.066301,3,7
37.829549,3,8
11.757704,3,9
0.22168,3,10
4.347616,3,11
55.906941,3,12
0.11696,4,1
2.572613,4,2
34.355208,4,3
18.035461,4,5
25.246773,4,6
29.196899,4,7
18.191339,4,8
14.537693,4,9
2.109461,4,10
16.3728,4,11
31.581688,4,12
2.357821,5,1
7.40636,5,2
8.076328,5,3
0.780093,5,4
0.85888,5,6
1.38324,5,7
6.885872,5,8
1.644739,5,9
0.133333,5,11
4.080021,5,12
0.026667,6,1
18.624581,6,2
36.743949,6,3
14.092965,6,4
1.030621,6,5
1.326339,6,7
9.251043,6,8
19.252632,6,9
0.307483,6,10
8.337032,6,11
10.882584,6,12
2.303928,7,2
11.936797,7,3
7.260893,7,4
3.414624,7,5
10.288555,7,6
9.93428,7,8
2.446611,7,9
0.063328,7,10
4.537293,7,11
6.818715,7,12
0.026667,8,1
14.617869,8,2
80.608992,8,3
28.101664,8,4
3.640536,8,5
22.303997,8,6
6.080032,8,7
26.488805,8,9
8.780149,8,10
28.893019,8,11
16.45768,8,12
0.298619,9,1
13.44472,9,2
14.506632,9,3
24.527925,9,4
3.035645,9,5
15.854315,9,6
3.509789,9,7
58.158456,9,8
0.804053,9,10
8.13284,9,11
51.432819,9,12
0.083136,10,2
7.271149,10,4
0.028811,10,5
0.236827,10,6
29.153,10,8
0.326229,10,9
23.236155,10,11
0.026667,10,12
6.511664,11,2
21.447107,11,3
2.006139,11,4
0.566144,11,5
3.066664,11,6
2.047248,11,7
16.889877,11,8
8.581776,11,9
0.8496,11,10
3.112773,11,12
0.080531,12,1
71.764837,12,2
51.938168,12,3
57.492675,12,4
21.053965,12,5
70.518013,12,6
13.775533,12,7
52.485408,12,8
112.852803,12,9
0.32664,12,10
34.038653,12,11
succeed
0.0,0.0,0.180088,0.0,0.1742,0.082757,0.0,0.117411,0.862864,0.0,0.053333,3.623989
0.097493,0.0,1.724781,4.813333,2.431797,36.108365,0.634115,8.716015,3.696357,1.678297,2.864147,23.805397
0.0,9.157973,0.0,10.618605,12.605813,23.811941,6.066301,37.829549,11.757704,0.22168,4.347616,55.906941
0.11696,2.572613,34.355208,0.0,18.035461,25.246773,29.196899,18.191339,14.537693,2.109461,16.3728,31.581688
2.357821,7.40636,8.076328,0.780093,0.0,0.85888,1.38324,6.885872,1.644739,0.0,0.133333,4.080021
0.026667,18.624581,36.743949,14.092965,1.030621,0.0,1.326339,9.251043,19.252632,0.307483,8.337032,10.882584
0.0,2.303928,11.936797,7.260893,3.414624,10.288555,0.0,9.93428,2.446611,0.063328,4.537293,6.818715
0.026667,14.617869,80.608992,28.101664,3.640536,22.303997,6.080032,0.0,26.488805,8.780149,28.893019,16.45768
0.298619,13.44472,14.506632,24.527925,3.035645,15.854315,3.509789,58.158456,0.0,0.804053,8.13284,51.432819
0.0,0.083136,0.0,7.271149,0.028811,0.236827,0.0,29.153,0.326229,0.0,23.236155,0.026667
0.0,6.511664,21.447107,2.006139,0.566144,3.066664,2.047248,16.889877,8.581776,0.8496,0.0,3.112773
0.080531,71.764837,51.938168,57.492675,21.053965,70.518013,13.775533,52.485408,112.852803,0.32664,34.038653,0.0
