2482.107437
0.120301,1,2
0.358491,1,3
0.026667,1,4
0.026667,1,5
0.026667,1,9
0.139221,1,12
0.038824,2,1
17.686011,2,3
4.947339,2,4
21.651035,2,5
16.646032,2,6
0.417144,2,7
11.037745,2,8
1.738755,2,9
0.026732,2,10
4.391584,2,11
25.626387,2,12
0.635245,3,1
8.276931,3,2
19.738896,3,4
11.846125,3,5
44.171736,3,6
9.861872,3,7
69.754131,3,8
20.682976,3,9
3.465677,3,10
13.250576,3,11
32.586557,3,12
0.045067,4,1
9.874045,4,2
55.937024,4,3
24.089165,4,5
38.54004,4,6
11.929568,4,7
8.604541,4,8
15.030173,4,9
9.272248,4,10
11.865192,4,11
38.510952,4,12
0.105861,5,1
5.260608,5,2
14.123197,5,3
4.841131,5,4
3.534264,5,6
1.530997,5,7
4.945605,5,8
4.558667,5,9
1.051461,5,11
2.300005,5,12
0.026667,6,1
10.627715,6,2
59.162917,6,3
11.233259,6,4
6.140331,6,5
5.491619,6,7
42.299859,6,8
22.497384,6,9
1.033416,6,10
12.008435,6,11
45.891408,6,12
0.026667,7,1
1.169867,7,2
20.261616,7,3
4.207205,7,4
4.808245,7,5
17.91628,7,6
6.523363,7,8
2.761584,7,9
0.813632,7,10
1.196568,7,11
9.567875,7,12
0.779219,8,1
9.935525,8,2
88.456731,8,3
20.156259,8,4
10.497141,8,5
15.502739,8,6
7.662763,8,7
70.175573,8,9
21.422971,8,10
25.173432,8,11
109.24164,8,12
0.175477,9,1
17.919973,9,2
59.750955,9,3
28.295125,9,4
11.573917,9,5
38.949259,9,6
12.221565,9,7
81.968432,9,8
6.154933,9,10
30.828728,9,11
126.915976,9,12
8.231456,10,2
0.590253,10,3
0.503243,10,4
0.250328,10,5
3.052515,10,6
0.026667,10,7
46.539053,10,8
27.659651,10,9
39.203784,10,11
0.284544,10,12
7.439768,11,2
10.976483,11,3
2.808099,11,4
3.349568,11,5
7.491341,11,6
1.59324,11,7
26.802016,11,8
6.561509,11,9
4.60784,11,10
12.080624,11,12
0.098941,12,1
58.069315,12,2
76.252613,12,3
54.344115,12,4
11.102483,12,5
49.365149,12,6
30.818435,12,7
126.115085,12,8
148.223755,12,9
2.204691,12,10
30.910493,12,11
succeed
0.0,0.120301,0.358491,0.026667,0.026667,0.0,0.0,0.0,0.026667,0.0,0.0,0.139221
0.038824,0.0,17.686011,4.947339,21.651035,16.646032,0.417144,11.037745,1.738755,0.026732,4.391584,25.626387
0.635245,8.276931,0.0,19.738896,11.846125,44.171736,9.861872,69.754131,20.682976,3.465677,13.250576,32.586557
0.045067,9.874045,55.937024,0.0,24.089165,38.54004,11.929568,8.604541,15.030173,9.272248,11.865192,38.510952
0.105861,5.260608,14.123197,4.841131,0.0,3.534264,1.530997,4.945605,4.558667,0.0,1.051461,2.300005
0.026667,10.627715,59.162917,11.233259,6.140331,0.0,5.491619,42.299859,22.497384,1.033416,12.008435,45.891408
0.026667,1.169867,20.261616,4.207205,4.808245,17.91628,0.0,6.523363,2.761584,0.813632,1.196568,9.567875
0.779219,9.935525,88.456731,20.156259,10.497141,15.502739,7.662763,0.0,70.175573,21.422971,25.173432,109.24164
0.175477,17.919973,59.750955,28.295125,11.573917,38.949259,12.221565,81.968432,0.0,6.154933,30.828728,126.915976
0.0,8.231456,0.590253,0.503243,0.250328,3.052515,0.026667,46.539053,27.659651,0.0,39.203784,0.284544
0.0,7.439768,10.976483,2.808099,3.349568,7.491341,1.59324,26.802016,6.561509,4.60784,0.0,12.080624
0.098941,58.069315,76.252613,54.344115,11.102483,49.365149,30.818435,126.115085,148.223755,2.204691,30.910493,0.0
