2897.198112
0.111379,1,2
0.558848,1,3
0.026667,1,4
0.12036,1,5
0.164747,1,6
1.165187,1,7
0.162563,1,8
0.646931,1,9
0.681072,1,11
0.345248,1,12
0.026667,2,1
15.248485,2,3
4.666765,2,4
30.998571,2,5
10.629779,2,6
1.248517,2,7
9.499787,2,8
6.387056,2,9
0.06084,2,10
7.559451,2,11
38.946413,2,12
0.770019,3,1
8.625461,3,2
19.106339,3,4
12.045083,3,5
33.864939,3,6
19.059224,3,7
84.404357,3,8
21.355877,3,9
2.007683,3,10
12.286997,3,11
53.248947,3,12
0.026667,4,1
3.922363,4,2
64.589141,4,3
20.719389,4,5
27.580443,4,6
15.572803,4,7
23.930952,4,8
10.224493,4,9
13.406659,4,10
10.512056,4,11
40.367421,4,12
1.512997,5,2
15.94856,5,3
3.768493,5,4
2.612779,5,6
2.263328,5,7
11.195616,5,8
19.214099,5,9
3.499733,5,11
7.175909,5,12
0.053333,6,1
13.006339,6,2
60.209115,6,3
4.844077,6,4
3.446952,6,5
7.707667,6,7
46.931704,6,8
36.121147,6,9
1.069611,6,10
9.030344,6,11
17.540803,6,12
0.108,7,1
1.186285,7,2
26.092776,7,3
4.604845,7,4
2.977528,7,5
11.925675,7,6
10.248925,7,8
5.266549,7,9
0.261744,7,10
2.488491,7,11
20.120899,7,12
1.498411,8,1
15.739901,8,2
118.708485,8,3
36.912456,8,4
10.591205,8,5
45.0846,8,6
9.269408,8,7
122.827627,8,9
12.473405,8,10
51.352648,8,11
122.09992,8,12
5.335411,9,1
21.233619,9,2
70.895195,9,3
33.018515,9,4
18.077077,9,5
53.635893,9,6
11.914365,9,7
103.407379,9,8
5.281384,9,10
39.178891,9,11
97.435843,9,12
0.13004,10,2
1.017824,10,3
2.440499,10,4
0.36184,10,5
14.9262,10,6
0.107517,10,7
74.474387,10,8
3.256352,10,9
42.039013,10,11
0.192928,10,12
0.054011,11,1
7.616168,11,2
17.614451,11,3
3.810955,11,4
4.586157,11,5
10.55816,11,6
2.854835,11,7
41.198168,11,8
13.367736,11,9
4.353144,11,10
34.656355,11,12
0.379669,12,1
85.206659,12,2
88.03016,12,3
55.083101,12,4
7.406827,12,5
57.877419,12,6
22.990883,12,7
130.778757,12,8
129.408069,12,9
2.242493,12,10
52.888728,12,11
succeed
0.0,0.111379,0.558848,0.026667,0.12036,0.164747,1.165187,0.162563,0.646931,0.0,0.681072,0.345248
0.026667,0.0,15.248485,4.666765,30.998571,10.629779,1.248517,9.499787,6.387056,0.06084,7.559451,38.946413
0.770019,8.625461,0.0,19.106339,12.045083,33.864939,19.059224,84.404357,21.355877,2.007683,12.286997,53.248947
0.026667,3.922363,64.589141,0.0,20.719389,27.580443,15.572803,23.930952,10.224493,13.406659,10.512056,40.367421
0.0,1.512997,15.94856,3.768493,0.0,2.612779,2.263328,11.195616,19.214099,0.0,3.499733,7.175909
0.053333,13.006339,60.209115,4.844077,3.446952,0.0,7.707667,46.931704,36.121147,1.069611,9.030344,17.540803
0.108,1.186285,26.092776,4.604845,2.977528,11.925675,0.0,10.248925,5.266549,0.261744,2.488491,20.120899
1.498411,15.739901,118.708485,36.912456,10.591205,45.0846,9.269408,0.0,122.827627,12.473405,51.352648,122.09992
5.335411,21.233619,70.895195,33.018515,18.077077,53.635893,11.914365,103.407379,0.0,5.281384,39.178891,97.435843
0.0,0.13004,1.017824,2.440499,0.36184,14.9262,0.107517,74.474387,3.256352,0.0,42.039013,0.192928
0.054011,7.616168,17.614451,3.810955,4.586157,10.55816,2.854835,41.198168,13.367736,4.353144,0.0,34.656355
0.379669,85.206659,88.03016,55.083101,7.406827,57.877419,22.990883,130.778757,129.408069,2.242493,52.888728,0.0
