3722.4147629999998
0.464064,1,2
1.224659,1,3
0.026667,1,4
2.228979,1,5
0.209661,1,6
0.50644,1,7
0.239779,1,9
0.026667,1,11
3.838133,1,12
37.943957,2,3
0.64312,2,4
57.409133,2,5
23.123997,2,6
4.462115,2,7
21.170357,2,9
0.053333,2,10
0.767373,2,11
56.842144,2,12
48.066416,3,2
107.63376,3,4
40.165864,3,5
74.969424,3,6
25.637525,3,7
0.343925,3,8
78.794669,3,9
3.975832,3,11
68.639136,3,12
10.209747,4,2
6.378061,4,3
42.873872,4,5
51.930381,4,6
22.22792,4,7
0.13344,4,8
1.208659,4,9
176.974136,4,10
0.550899,4,11
23.920163,4,12
59.849307,5,2
0.195776,5,3
1.142507,5,4
0.04,5,8
8.512525,5,9
0.048107,5,11
105.635923,5,12
17.816341,6,2
110.372205,6,3
54.136341,6,4
24.841707,6,5
14.709141,6,7
0.053333,6,8
82.627709,6,9
0.447125,6,11
28.666992,6,12
7.176872,7,2
38.178701,7,3
25.654368,7,4
7.969427,7,5
14.9736,7,6
12.108669,7,9
0.131192,7,11
15.883352,7,12
40.698211,8,2
2.869139,8,3
1.161259,8,4
13.340184,8,5
0.053333,8,6
0.053333,8,7
2.638755,8,9
300.469013,8,10
22.611981,8,11
82.424483,8,12
67.655277,9,2
113.485176,9,3
167.846619,9,4
78.988493,9,5
70.354312,9,6
28.182355,9,7
0.091877,9,8
5.195829,9,11
168.418875,9,12
1.277808,10,2
0.053333,10,3
0.691704,10,5
0.035709,10,7
9.541915,10,8
0.437931,10,9
47.929544,10,11
1.286317,10,12
14.983779,11,2
1.977213,11,3
0.053333,11,4
6.363451,11,5
1.047523,11,7
16.910336,11,8
0.215285,11,9
116.356669,11,10
11.396491,11,12
85.071763,12,2
138.965987,12,3
10.498925,12,4
251.787427,12,5
44.15748,12,6
20.270992,12,7
0.053333,12,8
143.827208,12,9
3.699176,12,11
succeed
0.0,0.464064,1.224659,0.026667,2.228979,0.209661,0.50644,0.0,0.239779,0.0,0.026667,3.838133
0.0,0.0,37.943957,0.64312,57.409133,23.123997,4.462115,0.0,21.170357,0.053333,0.767373,56.842144
0.0,48.066416,0.0,107.63376,40.165864,74.969424,25.637525,0.343925,78.794669,0.0,3.975832,68.639136
0.0,10.209747,6.378061,0.0,42.873872,51.930381,22.22792,0.13344,1.208659,176.974136,0.550899,23.920163
0.0,59.849307,0.195776,1.142507,0.0,0.0,0.0,0.04,8.512525,0.0,0.048107,105.635923
0.0,17.816341,110.372205,54.136341,24.841707,0.0,14.709141,0.053333,82.627709,0.0,0.447125,28.666992
0.0,7.176872,38.178701,25.654368,7.969427,14.9736,0.0,0.0,12.108669,0.0,0.131192,15.883352
0.0,40.698211,2.869139,1.161259,13.340184,0.053333,0.053333,0.0,2.638755,300.469013,22.611981,82.424483
0.0,67.655277,113.485176,167.846619,78.988493,70.354312,28.182355,0.091877,0.0,0.0,5.195829,168.418875
0.0,1.277808,0.053333,0.0,0.691704,0.0,0.035709,9.541915,0.437931,0.0,47.929544,1.286317
0.0,14.983779,1.977213,0.053333,6.363451,0.0,1.047523,16.910336,0.215285,116.356669,0.0,11.396491
0.0,85.071763,138.965987,10.498925,251.787427,44.15748,20.270992,0.053333,143.827208,0.0,3.699176,0.0
