2855.887581
0.026667,1,2
0.545285,1,3
0.242203,1,4
1.085397,1,5
0.042861,1,6
0.881477,1,7
1.136512,1,8
0.057605,1,9
0.065939,1,11
0.232456,1,12
0.155765,2,1
14.514245,2,3
4.992059,2,4
3.224048,2,5
9.143987,2,6
2.585088,2,7
19.93178,2,8
5.20536,2,9
0.414879,2,10
6.775867,2,11
47.457787,2,12
0.26496,3,1
29.912088,3,2
17.777333,3,4
6.22132,3,5
52.220544,3,6
4.782088,3,7
84.528709,3,8
26.132523,3,9
7.633568,3,10
23.2606,3,11
43.075736,3,12
0.114384,4,1
5.662347,4,2
65.173536,4,3
13.639861,4,5
26.200496,4,6
14.064293,4,7
23.203075,4,8
15.364131,4,9
6.219059,4,10
15.990645,4,11
38.900515,4,12
0.177323,5,1
16.157024,5,2
8.629213,5,3
5.267424,5,4
3.234709,5,6
1.003891,5,7
11.495157,5,8
3.578709,5,9
0.053333,5,10
3.903387,5,11
2.528859,5,12
0.026667,6,1
16.993101,6,2
63.233043,6,3
19.005085,6,4
5.370603,6,5
13.767664,6,7
77.257861,6,8
22.362301,6,9
1.267525,6,10
11.285477,6,11
24.521315,6,12
0.784165,7,1
3.377187,7,2
19.374405,7,3
8.998048,7,4
6.415603,7,5
10.313448,7,6
8.554179,7,8
2.118096,7,9
3.583469,7,10
4.746021,7,11
10.993549,7,12
0.700341,8,1
32.490125,8,2
95.366763,8,3
19.554651,8,4
10.648589,8,5
42.519379,8,6
8.587728,8,7
55.110493,8,9
22.0682,8,10
60.372344,8,11
93.679955,8,12
0.287195,9,1
46.631963,9,2
47.918699,9,3
35.783483,9,4
12.487717,9,5
42.426901,9,6
14.151717,9,7
91.516344,9,8
2.778301,9,10
26.141984,9,11
150.35336,9,12
0.053056,10,1
8.468683,10,2
0.339696,10,3
12.563872,10,4
0.063253,10,5
6.248123,10,6
0.026667,10,7
47.273101,10,8
4.100104,10,9
31.540437,10,11
0.08,10,12
0.103819,11,1
10.921784,11,2
15.287253,11,3
5.091811,11,4
6.651696,11,5
14.480464,11,6
6.667304,11,7
47.755872,11,8
15.366677,11,9
8.127896,11,10
16.232595,11,12
0.331256,12,1
151.917243,12,2
64.170901,12,3
66.366933,12,4
13.637547,12,5
42.070827,12,6
9.052624,12,7
127.110963,12,8
149.5404,12,9
6.170213,12,10
27.06136,12,11
succeed
0.0,0.026667,0.545285,0.242203,1.085397,0.042861,0.881477,1.136512,0.057605,0.0,0.065939,0.232456
0.155765,0.0,14.514245,4.992059,3.224048,9.143987,2.585088,19.93178,5.20536,0.414879,6.775867,47.457787
0.26496,29.912088,0.0,17.777333,6.22132,52.220544,4.782088,84.528709,26.132523,7.633568,23.2606,43.075736
0.114384,5.662347,65.173536,0.0,13.639861,26.200496,14.064293,23.203075,15.364131,6.219059,15.990645,38.900515
0.177323,16.157024,8.629213,5.267424,0.0,3.234709,1.003891,11.495157,3.578709,0.053333,3.903387,2.528859
0.026667,16.993101,63.233043,19.005085,5.370603,0.0,13.767664,77.257861,22.362301,1.267525,11.285477,24.521315
0.784165,3.377187,19.374405,8.998048,6.415603,10.313448,0.0,8.554179,2.118096,3.583469,4.746021,10.993549
0.700341,32.490125,95.366763,19.554651,10.648589,42.519379,8.587728,0.0,55.110493,22.0682,60.372344,93.679955
0.287195,46.631963,47.918699,35.783483,12.487717,42.426901,14.151717,91.516344,0.0,2.778301,26.141984,150.35336
0.053056,8.468683,0.339696,12.563872,0.063253,6.248123,0.026667,47.273101,4.100104,0.0,31.540437,0.08
0.103819,10.921784,15.287253,5.091811,6.651696,14.480464,6.667304,47.755872,15.366677,8.127896,0.0,16.232595
0.331256,151.917243,64.170901,66.366933,13.637547,42.070827,9.052624,127.110963,149.5404,6.170213,27.06136,0.0
