3784.312627
0.248933,1,2
4.980325,1,3
0.498608,1,4
1.424069,1,5
0.52492,1,6
0.088059,1,7
0.238019,1,9
2.265475,1,12
28.793683,2,3
0.350587,2,4
48.657357,2,5
35.621803,2,6
4.083485,2,7
0.054669,2,8
12.26916,2,9
0.083907,2,10
1.907872,2,11
52.169269,2,12
33.811491,3,2
29.595533,3,4
101.518571,3,5
73.132136,3,6
15.103045,3,7
0.060171,3,8
74.91408,3,9
0.083189,3,10
0.628157,3,11
45.234675,3,12
7.105704,4,2
56.733032,4,3
58.192621,4,5
36.391235,4,6
25.924333,4,7
17.502192,4,9
13.753184,4,10
0.464131,4,11
48.157352,4,12
53.919152,5,2
1.434624,5,3
0.053333,5,4
0.068397,5,6
0.053333,5,7
0.026667,5,8
7.827317,5,9
0.12896,5,11
126.773269,5,12
21.708123,6,2
163.563635,6,3
17.198221,6,4
71.980173,6,5
27.995507,6,7
0.139912,6,8
67.735,6,9
0.440496,6,10
4.229429,6,11
58.780523,6,12
5.789075,7,2
25.491395,7,3
17.206576,7,4
15.118365,7,5
14.646107,7,6
12.861629,7,9
0.053333,7,10
0.106667,7,11
14.791368,7,12
49.870595,8,2
14.205781,8,3
35.194597,8,4
159.849587,8,5
0.454677,8,6
0.440376,8,7
82.794816,8,9
15.307405,8,10
22.884421,8,11
127.625637,8,12
42.561203,9,2
82.967576,9,3
45.177851,9,4
142.139928,9,5
84.070096,9,6
24.042208,9,7
0.200587,9,8
0.097739,9,10
4.065581,9,11
172.362819,9,12
0.889472,10,2
0.958667,10,3
15.932773,10,4
13.609077,10,5
3.917011,10,7
32.170477,10,8
8.669403,10,9
41.900245,10,11
1.004992,10,12
11.205325,11,2
4.141832,11,3
15.364184,11,4
47.450645,11,5
0.108384,11,6
7.371384,11,7
24.102112,11,8
17.004595,11,9
11.652592,11,10
16.178693,11,12
122.132248,12,2
94.803707,12,3
0.693232,12,4
268.828533,12,5
82.009821,12,6
49.423984,12,7
0.168661,12,8
214.374992,12,9
0.220784,12,10
9.025704,12,11
succeed
0.0,0.248933,4.980325,0.498608,1.424069,0.52492,0.088059,0.0,0.238019,0.0,0.0,2.265475
0.0,0.0,28.793683,0.350587,48.657357,35.621803,4.083485,0.054669,12.26916,0.083907,1.907872,52.169269
0.0,33.811491,0.0,29.595533,101.518571,73.132136,15.103045,0.060171,74.91408,0.083189,0.628157,45.234675
0.0,7.105704,56.733032,0.0,58.192621,36.391235,25.924333,0.0,17.502192,13.753184,0.464131,48.157352
0.0,53.919152,1.434624,0.053333,0.0,0.068397,0.053333,0.026667,7.827317,0.0,0.12896,126.773269
0.0,21.708123,163.563635,17.198221,71.980173,0.0,27.995507,0.139912,67.735,0.440496,4.229429,58.780523
0.0,5.789075,25.491395,17.206576,15.118365,14.646107,0.0,0.0,12.861629,0.053333,0.106667,14.791368
0.0,49.870595,14.205781,35.194597,159.849587,0.454677,0.440376,0.0,82.794816,15.307405,22.884421,127.625637
0.0,42.561203,82.967576,45.177851,142.139928,84.070096,24.042208,0.200587,0.0,0.097739,4.065581,172.362819
0.0,0.889472,0.958667,15.932773,13.609077,0.0,3.917011,32.170477,8.669403,0.0,41.900245,1.004992
0.0,11.205325,4.141832,15.364184,47.450645,0.108384,7.371384,24.102112,17.004595,11.652592,0.0,16.178693
0.0,122.132248,94.803707,0.693232,268.828533,82.009821,49.423984,0.168661,214.374992,0.220784,9.025704,0.0
