3204.081949
0.240637,1,2
0.307789,1,3
0.057899,1,4
0.200547,1,5
0.184928,1,6
0.053005,1,7
0.079851,1,8
0.026667,1,9
0.030573,1,10
0.053333,1,11
1.975547,1,12
0.888195,2,1
9.327045,2,3
6.339803,2,4
3.511427,2,5
25.294277,2,6
6.745149,2,7
20.060979,2,8
9.521368,2,9
1.578227,2,10
11.041661,2,11
45.578917,2,12
0.739283,3,1
32.950395,3,2
10.762416,3,4
9.545896,3,5
79.98612,3,6
38.848733,3,7
56.815624,3,8
19.527261,3,9
4.785928,3,10
13.453739,3,11
48.440853,3,12
0.158144,4,1
22.680539,4,2
76.907045,4,3
21.974371,4,5
69.067707,4,6
19.618309,4,7
34.267171,4,8
30.301005,4,9
27.769445,4,10
25.1844,4,11
55.906803,4,12
0.480936,5,1
26.409515,5,2
12.79036,5,3
2.232352,5,4
3.453035,5,6
1.891565,5,7
3.763496,5,8
2.533419,5,9
0.632648,5,10
1.880229,5,11
5.077323,5,12
0.140736,6,1
20.813307,6,2
110.459683,6,3
19.825784,6,4
1.9116,6,5
13.279077,6,7
12.531408,6,8
20.593397,6,9
13.186016,6,10
8.401888,6,11
35.049093,6,12
0.120155,7,1
4.986291,7,2
29.869893,7,3
7.031013,7,4
4.912352,7,5
15.491997,7,6
11.071832,7,8
4.6406,7,9
3.384053,7,10
4.702384,7,11
12.738915,7,12
0.114355,8,1
51.063653,8,2
93.79372,8,3
10.258355,8,4
11.627667,8,5
19.531848,8,6
9.937824,8,7
44.649336,8,9
43.635931,8,10
25.323184,8,11
99.485021,8,12
1.291253,9,1
32.496187,9,2
38.554371,9,3
47.256283,9,4
18.146192,9,5
33.305683,9,6
7.522376,9,7
75.210853,9,8
5.439829,9,10
24.126565,9,11
88.76756,9,12
0.026667,10,2
0.160176,10,3
14.970293,10,4
0.165232,10,5
0.359589,10,6
0.053333,10,7
33.441312,10,8
0.597472,10,9
40.908877,10,11
0.211923,10,12
0.159445,11,1
10.685645,11,2
35.964723,11,3
8.557659,11,4
3.770917,11,5
10.464653,11,6
5.873165,11,7
36.281611,11,8
14.450427,11,9
11.840144,11,10
18.768571,11,12
10.688227,12,1
153.753464,12,2
105.651885,12,3
54.880061,12,4
36.429933,12,5
99.2594,12,6
21.255363,12,7
120.80544,12,8
252.451469,12,9
12.189141,12,10
48.392323,12,11
succeed
0.0,0.240637,0.307789,0.057899,0.200547,0.184928,0.053005,0.079851,0.026667,0.030573,0.053333,1.975547
0.888195,0.0,9.327045,6.339803,3.511427,25.294277,6.745149,20.060979,9.521368,1.578227,11.041661,45.578917
0.739283,32.950395,0.0,10.762416,9.545896,79.98612,38.848733,56.815624,19.527261,4.785928,13.453739,48.440853
0.158144,22.680539,76.907045,0.0,21.974371,69.067707,19.618309,34.267171,30.301005,27.769445,25.1844,55.906803
0.480936,26.409515,12.79036,2.232352,0.0,3.453035,1.891565,3.763496,2.533419,0.632648,1.880229,5.077323
0.140736,20.813307,110.459683,19.825784,1.9116,0.0,13.279077,12.531408,20.593397,13.186016,8.401888,35.049093
0.120155,4.986291,29.869893,7.031013,4.912352,15.491997,0.0,11.071832,4.6406,3.384053,4.702384,12.738915
0.114355,51.063653,93.79372,10.258355,11.627667,19.531848,9.937824,0.0,44.649336,43.635931,25.323184,99.485021
1.291253,32.496187,38.554371,47.256283,18.146192,33.305683,7.522376,75.210853,0.0,5.439829,24.126565,88.76756
0.0,0.026667,0.160176,14.970293,0.165232,0.359589,0.053333,33.441312,0.597472,0.0,40.908877,0.211923
0.159445,10.685645,35.964723,8.557659,3.770917,10.464653,5.873165,36.281611,14.450427,11.840144,0.0,18.768571
10.688227,153.753464,105.651885,54.880061,36.429933,99.2594,21.255363,120.80544,252.451469,12.189141,48.392323,0.0
