2117.739323
0.128704,1,2
0.026667,1,5
0.026667,1,6
0.772597,1,7
0.641224,1,9
0.241773,1,11
0.282299,1,12
0.094693,2,1
22.363635,2,3
3.409701,2,4
19.602299,2,5
15.004613,2,6
0.628752,2,7
17.747677,2,8
5.947453,2,9
0.288485,2,10
2.89264,2,11
18.112083,2,12
0.423779,3,1
7.221283,3,2
7.764376,3,4
6.816555,3,5
26.410555,3,6
8.252744,3,7
35.616272,3,8
18.540453,3,9
0.916693,3,10
16.079315,3,11
16.601227,3,12
0.142507,4,1
2.340085,4,2
109.697229,4,3
21.1318,4,5
30.827307,4,6
27.037621,4,7
15.893059,4,8
11.505453,4,9
15.945024,4,10
20.705856,4,11
39.496445,4,12
1.515944,5,1
6.247693,5,2
7.627512,5,3
2.097416,5,4
0.825509,5,6
6.413944,5,7
4.938563,5,8
4.461949,5,9
0.053333,5,10
1.86364,5,11
1.591672,5,12
0.807704,6,1
10.111176,6,2
52.876832,6,3
5.872771,6,4
33.345288,6,5
7.44848,6,7
17.377101,6,8
14.435565,6,9
0.202517,6,10
8.582112,6,11
22.564099,6,12
0.026667,7,1
4.602803,7,2
10.724371,7,3
10.306136,7,4
3.088347,7,5
10.695944,7,6
6.672704,7,8
5.302912,7,9
2.400992,7,10
4.746064,7,11
6.769741,7,12
0.127739,8,1
15.758819,8,2
52.082653,8,3
13.471013,8,4
6.678379,8,5
15.635739,8,6
8.906051,8,7
53.648664,8,9
30.950477,8,10
26.293136,8,11
17.022307,8,12
1.716459,9,1
5.22272,9,2
13.326192,9,3
9.418661,9,4
7.428669,9,5
12.274397,9,6
7.974728,9,7
56.544525,9,8
1.646277,9,10
9.284125,9,11
31.114941,9,12
0.436203,10,2
0.134667,10,3
4.331832,10,4
0.358301,10,6
47.692909,10,8
0.287541,10,9
40.937968,10,11
0.183488,10,12
0.484325,11,1
8.437547,11,2
29.764197,11,3
2.548355,11,4
1.059392,11,5
6.777171,11,6
3.044211,11,7
15.536685,11,8
9.622973,11,9
9.703856,11,10
5.744352,11,12
0.080403,12,1
129.376688,12,2
75.091768,12,3
84.318349,12,4
28.284677,12,5
36.788512,12,6
18.369635,12,7
71.5978,12,8
213.812344,12,9
8.746205,12,10
43.485197,12,11
succeed
0.0,0.128704,0.0,0.0,0.026667,0.026667,0.772597,0.0,0.641224,0.0,0.241773,0.282299
0.094693,0.0,22.363635,3.409701,19.602299,15.004613,0.628752,17.747677,5.947453,0.288485,2.89264,18.112083
0.423779,7.221283,0.0,7.764376,6.816555,26.410555,8.252744,35.616272,18.540453,0.916693,16.079315,16.601227
0.142507,2.340085,109.697229,0.0,21.1318,30.827307,27.037621,15.893059,11.505453,15.945024,20.705856,39.496445
1.515944,6.247693,7.627512,2.097416,0.0,0.825509,6.413944,4.938563,4.461949,0.053333,1.86364,1.591672
0.807704,10.111176,52.876832,5.872771,33.345288,0.0,7.44848,17.377101,14.435565,0.202517,8.582112,22.564099
0.026667,4.602803,10.724371,10.306136,3.088347,10.695944,0.0,6.672704,5.302912,2.400992,4.746064,6.769741
0.127739,15.758819,52.082653,13.471013,6.678379,15.635739,8.906051,0.0,53.648664,30.950477,26.293136,17.022307
1.716459,5.22272,13.326192,9.418661,7.428669,12.274397,7.974728,56.544525,0.0,1.646277,9.284125,31.114941
0.0,0.436203,0.134667,4.331832,0.0,0.358301,0.0,47.692909,0.287541,0.0,40.937968,0.183488
0.484325,8.437547,29.764197,2.548355,1.059392,6.777171,3.044211,15.536685,9.622973,9.703856,0.0,5.744352
0.080403,129.376688,75.091768,84.318349,28.284677,36.788512,18.369635,71.5978,213.812344,8.746205,43.485197,0.0
