4202.657246
0.52408,1,2
3.011811,1,3
1.422139,1,5
1.358325,1,6
0.376357,1,7
0.279016,1,9
0.026667,1,11
0.740827,1,12
42.993461,2,3
1.948541,2,4
62.246645,2,5
46.763771,2,6
5.688168,2,7
16.942288,2,9
0.443083,2,11
56.575597,2,12
51.836216,3,2
34.917677,3,4
150.525128,3,5
61.634043,3,6
15.736152,3,7
0.165141,3,8
76.502997,3,9
0.026667,3,10
2.069283,3,11
60.873637,3,12
7.651747,4,2
66.318256,4,3
58.106099,4,5
28.451549,4,6
15.603664,4,7
0.026667,4,8
19.148395,4,9
10.237179,4,10
1.171541,4,11
43.751056,4,12
50.148976,5,2
1.252904,5,3
0.053333,5,4
0.053333,5,6
0.026667,5,7
9.198059,5,9
0.056256,5,10
0.08,5,11
132.457797,5,12
45.922955,6,2
181.863171,6,3
32.828584,6,4
97.089027,6,5
14.843411,6,7
0.264291,6,8
96.254965,6,9
0.281645,6,10
0.943949,6,11
73.045309,6,12
8.816864,7,2
27.784037,7,3
18.08464,7,4
23.635181,7,5
19.801656,7,6
0.049131,7,8
7.003797,7,9
0.310304,7,11
17.30532,7,12
41.446053,8,2
7.003789,8,3
15.527899,8,4
228.647451,8,5
0.225072,8,6
0.077757,8,7
98.646779,8,9
13.45308,8,10
37.025928,8,11
120.811307,8,12
62.32168,9,2
117.174336,9,3
41.020931,9,4
192.602008,9,5
73.980445,9,6
26.331456,9,7
0.174045,9,8
0.053333,9,10
3.634803,9,11
177.907499,9,12
0.351829,10,2
0.120299,10,3
8.238651,10,4
3.908755,10,5
0.026667,10,6
0.694859,10,7
58.572963,10,8
1.951323,10,9
61.404211,10,11
0.769859,10,12
11.577173,11,2
0.865344,11,3
7.064544,11,4
88.300189,11,5
0.228552,11,6
8.022621,11,7
30.945456,11,8
13.57044,11,9
7.283869,11,10
21.167539,11,12
106.376971,12,2
137.124155,12,3
17.254952,12,4
247.646448,12,5
42.077395,12,6
34.000336,12,7
0.053333,12,8
220.842552,12,9
2.343243,12,10
6.257635,12,11
succeed
0.0,0.52408,3.011811,0.0,1.422139,1.358325,0.376357,0.0,0.279016,0.0,0.026667,0.740827
0.0,0.0,42.993461,1.948541,62.246645,46.763771,5.688168,0.0,16.942288,0.0,0.443083,56.575597
0.0,51.836216,0.0,34.917677,150.525128,61.634043,15.736152,0.165141,76.502997,0.026667,2.069283,60.873637
0.0,7.651747,66.318256,0.0,58.106099,28.451549,15.603664,0.026667,19.148395,10.237179,1.171541,43.751056
0.0,50.148976,1.252904,0.053333,0.0,0.053333,0.026667,0.0,9.198059,0.056256,0.08,132.457797
0.0,45.922955,181.863171,32.828584,97.089027,0.0,14.843411,0.264291,96.254965,0.281645,0.943949,73.045309
0.0,8.816864,27.784037,18.08464,23.635181,19.801656,0.0,0.049131,7.003797,0.0,0.310304,17.30532
0.0,41.446053,7.003789,15.527899,228.647451,0.225072,0.077757,0.0,98.646779,13.45308,37.025928,120.811307
0.0,62.32168,117.174336,41.020931,192.602008,73.980445,26.331456,0.174045,0.0,0.053333,3.634803,177.907499
0.0,0.351829,0.120299,8.238651,3.908755,0.026667,0.694859,58.572963,1.951323,0.0,61.404211,0.769859
0.0,11.577173,0.865344,7.064544,88.300189,0.228552,8.022621,30.945456,13.57044,7.283869,0.0,21.167539
0.0,106.376971,137.124155,17.254952,247.646448,42.077395,34.000336,0.053333,220.842552,2.343243,6.257635,0.0
