3155.24878
0.182419,1,2
0.502915,1,3
0.903493,1,5
0.357755,1,6
0.53352,1,7
0.132083,1,9
1.942755,1,12
14.988629,2,3
0.053333,2,4
40.377643,2,5
22.734264,2,6
6.708875,2,7
0.026667,2,8
7.914176,2,9
2.936395,2,11
44.100419,2,12
30.503771,3,2
22.626803,3,4
129.610003,3,5
79.011907,3,6
13.912352,3,7
0.053333,3,8
55.797867,3,9
0.816872,3,11
37.847539,3,12
8.248835,4,2
53.74576,4,3
31.529736,4,5
31.198032,4,6
6.925752,4,7
0.045467,4,8
14.504496,4,9
9.05476,4,10
2.25932,4,11
45.692856,4,12
41.80168,5,2
2.288888,5,3
0.119221,5,6
0.026667,5,8
6.759725,5,9
0.053333,5,10
0.053333,5,11
102.641219,5,12
24.208856,6,2
128.976109,6,3
9.528413,6,4
67.655883,6,5
7.518768,6,7
1.008536,6,8
62.759893,6,9
0.186307,6,10
2.320976,6,11
41.643331,6,12
5.300635,7,2
34.960893,7,3
6.457056,7,4
14.575816,7,5
14.409744,7,6
0.026667,7,8
11.523747,7,9
0.08,7,11
15.968563,7,12
25.38832,8,2
9.040088,8,3
37.204189,8,4
171.968981,8,5
0.223149,8,6
0.132427,8,7
81.427448,8,9
6.565875,8,10
19.919576,8,11
94.847144,8,12
27.019253,9,2
49.348312,9,3
38.715773,9,4
122.188712,9,5
69.961203,9,6
18.472264,9,7
0.263885,9,8
0.026667,9,10
2.660176,9,11
135.992136,9,12
0.432605,10,2
0.247307,10,3
7.097917,10,4
3.502709,10,5
1.396899,10,7
46.597387,10,8
3.435469,10,9
46.440571,10,11
0.429619,10,12
9.669493,11,2
1.205451,11,3
6.004379,11,4
29.305197,11,5
5.285053,11,7
26.105376,11,8
8.019725,11,9
4.15848,11,10
10.062576,11,12
122.388645,12,2
67.156056,12,3
5.187875,12,4
236.567341,12,5
67.650819,12,6
15.487168,12,7
0.10824,12,8
184.463088,12,9
0.026667,12,10
14.816029,12,11
succeed
0.0,0.182419,0.502915,0.0,0.903493,0.357755,0.53352,0.0,0.132083,0.0,0.0,1.942755
0.0,0.0,14.988629,0.053333,40.377643,22.734264,6.708875,0.026667,7.914176,0.0,2.936395,44.100419
0.0,30.503771,0.0,22.626803,129.610003,79.011907,13.912352,0.053333,55.797867,0.0,0.816872,37.847539
0.0,8.248835,53.74576,0.0,31.529736,31.198032,6.925752,0.045467,14.504496,9.05476,2.25932,45.692856
0.0,41.80168,2.288888,0.0,0.0,0.119221,0.0,0.026667,6.759725,0.053333,0.053333,102.641219
0.0,24.208856,128.976109,9.528413,67.655883,0.0,7.518768,1.008536,62.759893,0.186307,2.320976,41.643331
0.0,5.300635,34.960893,6.457056,14.575816,14.409744,0.0,0.026667,11.523747,0.0,0.08,15.968563
0.0,25.38832,9.040088,37.204189,171.968981,0.223149,0.132427,0.0,81.427448,6.565875,19.919576,94.847144
0.0,27.019253,49.348312,38.715773,122.188712,69.961203,18.472264,0.263885,0.0,0.026667,2.660176,135.992136
0.0,0.432605,0.247307,7.097917,3.502709,0.0,1.396899,46.597387,3.435469,0.0,46.440571,0.429619
0.0,9.669493,1.205451,6.004379,29.305197,0.0,5.285053,26.105376,8.019725,4.15848,0.0,10.062576
0.0,122.388645,67.156056,5.187875,236.567341,67.650819,15.487168,0.10824,184.463088,0.026667,14.816029,0.0
