2376.931137
0.053333,1,2
0.397285,1,3
0.108,1,4
0.053333,1,5
0.595109,1,6
0.026667,1,7
0.188129,1,8
0.558069,1,9
0.056001,1,10
0.270643,1,11
0.140573,1,12
0.322315,2,1
12.047112,2,3
7.019355,2,4
25.317613,2,5
17.339293,2,6
2.828875,2,7
12.752279,2,8
15.533307,2,9
4.338129,2,10
3.813541,2,11
30.468635,2,12
0.473616,3,1
12.490912,3,2
13.296227,3,4
9.557744,3,5
33.749496,3,6
5.311133,3,7
23.201496,3,8
19.232037,3,9
27.497896,3,10
6.540059,3,11
23.718219,3,12
0.178859,4,1
12.629315,4,2
48.944736,4,3
14.862152,4,5
24.661208,4,6
13.762429,4,7
5.805035,4,8
11.05608,4,9
12.141819,4,10
13.991016,4,11
35.909581,4,12
0.471267,5,1
6.112243,5,2
11.533997,5,3
2.014181,5,4
21.728587,5,6
1.608963,5,7
11.751893,5,8
1.725808,5,9
0.250243,5,10
2.995837,5,11
16.55688,5,12
0.217765,6,1
24.591829,6,2
70.919219,6,3
11.949405,6,4
1.963968,6,5
11.660077,6,7
20.43008,6,8
21.876861,6,9
10.801603,6,10
15.479184,6,11
22.396485,6,12
0.083373,7,1
7.234968,7,2
22.342768,7,3
11.063893,7,4
3.027883,7,5
11.768077,7,6
4.683813,7,8
5.874059,7,9
5.311573,7,10
5.212571,7,11
6.984331,7,12
0.398392,8,1
36.243827,8,2
91.400315,8,3
37.646093,8,4
20.192376,8,5
24.630739,8,6
5.588408,8,7
23.721533,8,9
24.676229,8,10
50.628813,8,11
33.244165,8,12
0.944635,9,1
37.420293,9,2
22.353075,9,3
31.74152,9,4
14.617792,9,5
41.221531,9,6
12.056184,9,7
39.642595,9,8
26.666512,9,10
26.981685,9,11
60.909307,9,12
0.070869,10,1
0.203859,10,2
0.156531,10,3
6.975205,10,4
0.026667,10,5
0.212349,10,6
0.047205,10,7
9.596571,10,8
0.199691,10,9
26.053373,10,11
0.192741,10,12
0.065539,11,1
7.94992,11,2
11.694771,11,3
4.555285,11,4
5.815208,11,5
8.892232,11,6
5.607168,11,7
10.491952,11,8
14.848309,11,9
21.732453,11,10
11.089792,11,12
0.202552,12,1
175.007123,12,2
44.098933,12,3
64.953899,12,4
75.837251,12,5
43.067941,12,6
13.580819,12,7
116.264939,12,8
103.468648,12,9
25.488021,12,10
29.694957,12,11
succeed
0.0,0.053333,0.397285,0.108,0.053333,0.595109,0.026667,0.188129,0.558069,0.056001,0.270643,0.140573
0.322315,0.0,12.047112,7.019355,25.317613,17.339293,2.828875,12.752279,15.533307,4.338129,3.813541,30.468635
0.473616,12.490912,0.0,13.296227,9.557744,33.749496,5.311133,23.201496,19.232037,27.497896,6.540059,23.718219
0.178859,12.629315,48.944736,0.0,14.862152,24.661208,13.762429,5.805035,11.05608,12.141819,13.991016,35.909581
0.471267,6.112243,11.533997,2.014181,0.0,21.728587,1.608963,11.751893,1.725808,0.250243,2.995837,16.55688
0.217765,24.591829,70.919219,11.949405,1.963968,0.0,11.660077,20.43008,21.876861,10.801603,15.479184,22.396485
0.083373,7.234968,22.342768,11.063893,3.027883,11.768077,0.0,4.683813,5.874059,5.311573,5.212571,6.984331
0.398392,36.243827,91.400315,37.646093,20.192376,24.630739,5.588408,0.0,23.721533,24.676229,50.628813,33.244165
0.944635,37.420293,22.353075,31.74152,14.617792,41.221531,12.056184,39.642595,0.0,26.666512,26.981685,60.909307
0.070869,0.203859,0.156531,6.975205,0.026667,0.212349,0.047205,9.596571,0.199691,0.0,26.053373,0.192741
0.065539,7.94992,11.694771,4.555285,5.815208,8.892232,5.607168,10.491952,14.848309,21.732453,0.0,11.089792
0.202552,175.007123,44.098933,64.953899,75.837251,43.067941,13.580819,116.264939,103.468648,25.488021,29.694957,0.0
