1649.0017500000001
0.029,1,2
0.105776,1,3
0.370989,1,4
0.086419,1,5
0.536515,1,6
0.026667,1,7
0.979219,1,8
0.504907,1,9
0.026667,1,11
0.534621,1,12
2.944277,2,3
3.339549,2,4
1.011333,2,5
11.185909,2,6
0.569203,2,7
12.671397,2,8
4.350621,2,9
0.307288,2,10
2.830792,2,11
20.950939,2,12
0.194307,3,1
13.793301,3,2
4.752731,3,4
7.566856,3,5
14.826349,3,6
5.998235,3,7
40.305611,3,8
9.243152,3,9
3.032045,3,10
5.490357,3,11
11.615995,3,12
0.154715,4,1
2.234821,4,2
38.351384,4,3
18.557717,4,5
26.557128,4,6
25.653949,4,7
8.183432,4,8
16.571701,4,9
8.964656,4,10
14.692432,4,11
36.488557,4,12
3.656979,5,1
11.689099,5,2
3.499619,5,3
1.324443,5,4
5.824307,5,6
0.501213,5,7
18.858176,5,8
1.545725,5,9
0.375824,5,11
5.306005,5,12
0.379003,6,1
12.072861,6,2
124.451904,6,3
9.870768,6,4
0.816205,6,5
3.001789,6,7
12.273267,6,8
18.759627,6,9
0.771067,6,10
5.955808,6,11
9.021872,6,12
0.760811,7,2
11.15568,7,3
7.652747,7,4
3.029603,7,5
9.816608,7,6
5.82932,7,8
0.986984,7,9
2.551109,7,10
3.098883,7,11
15.917376,7,12
0.788568,8,1
13.655621,8,2
54.316045,8,3
4.775699,8,4
6.090717,8,5
9.496067,8,6
6.870888,8,7
60.965413,8,9
14.334024,8,10
18.820357,8,11
14.56264,8,12
1.7356,9,1
24.290229,9,2
10.279299,9,3
26.189309,9,4
8.994771,9,5
17.780339,9,6
3.691269,9,7
56.673923,9,8
0.739733,9,10
7.711496,9,11
22.270811,9,12
0.053333,10,2
4.303448,10,4
0.033429,10,5
0.301197,10,6
33.468075,10,8
0.254283,10,9
32.321259,10,11
0.026667,10,12
0.069347,11,1
5.901232,11,2
8.39476,11,3
2.577213,11,4
1.788435,11,5
7.712024,11,6
1.586325,11,7
16.866635,11,8
7.049128,11,9
3.052141,11,10
2.83084,11,12
0.272037,12,1
86.324333,12,2
55.132339,12,3
42.024651,12,4
19.845408,12,5
33.195936,12,6
9.819739,12,7
62.483197,12,8
124.468275,12,9
0.692944,12,10
13.774101,12,11
succeed
0.0,0.029,0.105776,0.370989,0.086419,0.536515,0.026667,0.979219,0.504907,0.0,0.026667,0.534621
0.0,0.0,2.944277,3.339549,1.011333,11.185909,0.569203,12.671397,4.350621,0.307288,2.830792,20.950939
0.194307,13.793301,0.0,4.752731,7.566856,14.826349,5.998235,40.305611,9.243152,3.032045,5.490357,11.615995
0.154715,2.234821,38.351384,0.0,18.557717,26.557128,25.653949,8.183432,16.571701,8.964656,14.692432,36.488557
3.656979,11.689099,3.499619,1.324443,0.0,5.824307,0.501213,18.858176,1.545725,0.0,0.375824,5.306005
0.379003,12.072861,124.451904,9.870768,0.816205,0.0,3.001789,12.273267,18.759627,0.771067,5.955808,9.021872
0.0,0.760811,11.15568,7.652747,3.029603,9.816608,0.0,5.82932,0.986984,2.551109,3.098883,15.917376
0.788568,13.655621,54.316045,4.775699,6.090717,9.496067,6.870888,0.0,60.965413,14.334024,18.820357,14.56264
1.7356,24.290229,10.279299,26.189309,8.994771,17.780339,3.691269,56.673923,0.0,0.739733,7.711496,22.270811
0.0,0.053333,0.0,4.303448,0.033429,0.301197,0.0,33.468075,0.254283,0.0,32.321259,0.026667
0.069347,5.901232,8.39476,2.577213,1.788435,7.712024,1.586325,16.866635,7.049128,3.052141,0.0,2.83084
0.272037,86.324333,55.132339,42.024651,19.845408,33.195936,9.819739,62.483197,124.468275,0.692944,13.774101,0.0
