1985.008832
0.045019,1,2
0.469533,1,3
0.102744,1,5
0.026667,1,6
0.028131,1,7
0.073112,1,11
0.349749,1,12
0.572027,2,1
12.572547,2,3
19.220035,2,4
1.220523,2,5
17.54904,2,6
5.043981,2,7
24.234355,2,8
3.262605,2,9
1.536051,2,10
3.402752,2,11
37.363384,2,12
0.250499,3,1
17.564656,3,2
6.062848,3,4
7.569648,3,5
15.639939,3,6
7.753093,3,7
29.594715,3,8
10.242576,3,9
6.120133,3,10
8.980213,3,11
39.197816,3,12
0.140208,4,1
4.037429,4,2
59.200856,4,3
19.153741,4,5
20.435787,4,6
8.184349,4,7
3.83404,4,8
7.139925,4,9
9.705155,4,10
21.423064,4,11
31.794536,4,12
3.253141,5,1
1.365763,5,2
8.354131,5,3
1.709328,5,4
2.217731,5,6
7.469749,5,7
4.432144,5,8
1.589835,5,9
0.053333,5,10
2.775032,5,11
2.355088,5,12
0.047456,6,1
5.995776,6,2
44.752125,6,3
5.769371,6,4
0.730725,6,5
4.351315,6,7
12.746299,6,8
7.697923,6,9
0.413939,6,10
20.289888,6,11
26.648424,6,12
0.026667,7,1
2.899488,7,2
14.632837,7,3
4.031368,7,4
2.209691,7,5
10.598184,7,6
3.988472,7,8
2.627755,7,9
1.754299,7,10
3.155536,7,11
11.296181,7,12
0.026667,8,1
5.86356,8,2
144.214613,8,3
11.14592,8,4
5.951856,8,5
125.969027,8,6
3.22172,8,7
29.381883,8,9
27.191432,8,10
15.607837,8,11
46.806936,8,12
0.659331,9,1
15.000528,9,2
86.329429,9,3
27.373685,9,4
7.201171,9,5
9.540363,9,6
7.711021,9,7
50.143027,9,8
1.643795,9,10
18.833368,9,11
51.389392,9,12
0.026667,10,2
0.026667,10,3
2.162227,10,4
0.145368,10,6
35.293333,10,8
2.679808,10,9
30.045245,10,11
0.080288,10,12
6.232229,11,2
60.904864,11,3
1.482584,11,4
2.195107,11,5
7.102395,11,6
1.034968,11,7
10.429664,11,8
9.203355,11,9
1.680336,11,10
4.776627,11,12
0.390064,12,1
66.546605,12,2
94.108939,12,3
54.264909,12,4
22.775365,12,5
28.80504,12,6
7.268224,12,7
41.358883,12,8
95.003437,12,9
1.093795,12,10
23.348803,12,11
succeed
0.0,0.045019,0.469533,0.0,0.102744,0.026667,0.028131,0.0,0.0,0.0,0.073112,0.349749
0.572027,0.0,12.572547,19.220035,1.220523,17.54904,5.043981,24.234355,3.262605,1.536051,3.402752,37.363384
0.250499,17.564656,0.0,6.062848,7.569648,15.639939,7.753093,29.594715,10.242576,6.120133,8.980213,39.197816
0.140208,4.037429,59.200856,0.0,19.153741,20.435787,8.184349,3.83404,7.139925,9.705155,21.423064,31.794536
3.253141,1.365763,8.354131,1.709328,0.0,2.217731,7.469749,4.432144,1.589835,0.053333,2.775032,2.355088
0.047456,5.995776,44.752125,5.769371,0.730725,0.0,4.351315,12.746299,7.697923,0.413939,20.289888,26.648424
0.026667,2.899488,14.632837,4.031368,2.209691,10.598184,0.0,3.988472,2.627755,1.754299,3.155536,11.296181
0.026667,5.86356,144.214613,11.14592,5.951856,125.969027,3.22172,0.0,29.381883,27.191432,15.607837,46.806936
0.659331,15.000528,86.329429,27.373685,7.201171,9.540363,7.711021,50.143027,0.0,1.643795,18.833368,51.389392
0.0,0.026667,0.026667,2.162227,0.0,0.145368,0.0,35.293333,2.679808,0.0,30.045245,0.080288
0.0,6.232229,60.904864,1.482584,2.195107,7.102395,1.034968,10.429664,9.203355,1.680336,0.0,4.776627
0.390064,66.546605,94.108939,54.264909,22.775365,28.80504,7.268224,41.358883,95.003437,1.093795,23.348803,0.0
