1806.82375
0.027019,1,2
6.964,1,3
0.026667,1,4
0.043485,1,5
1.352552,1,6
0.065472,1,8
2.23448,1,9
0.026667,1,11
11.428459,1,12
0.064784,2,1
20.675472,2,3
7.421395,2,4
1.333072,2,5
15.556504,2,6
1.080307,2,7
20.131701,2,8
3.897573,2,9
0.061032,2,10
3.065811,2,11
24.551307,2,12
0.690448,3,1
7.640067,3,2
8.571352,3,4
12.684144,3,5
53.199152,3,6
5.505371,3,7
32.088955,3,8
8.25524,3,9
0.226587,3,10
4.282608,3,11
27.837048,3,12
0.204693,4,1
12.673973,4,2
48.781437,4,3
13.507227,4,5
27.816621,4,6
11.977328,4,7
16.30428,4,8
10.311987,4,9
2.895723,4,10
5.87964,4,11
48.139544,4,12
0.053333,5,1
2.298093,5,2
8.472293,5,3
1.042152,5,4
9.683211,5,6
2.449813,5,7
3.078757,5,8
5.037203,5,9
0.068459,5,10
0.782691,5,11
2.711235,5,12
1.213301,6,1
14.268563,6,2
53.882029,6,3
10.344341,6,4
29.993608,6,5
4.989155,6,7
8.407205,6,8
7.666416,6,9
0.990101,6,10
14.848283,6,11
20.601499,6,12
1.364309,7,2
9.173144,7,3
9.248283,7,4
4.077664,7,5
11.544445,7,6
2.572845,7,8
1.701621,7,9
2.525683,7,10
3.288685,7,11
11.812384,7,12
0.026667,8,1
11.068955,8,2
39.898597,8,3
6.961283,8,4
5.967941,8,5
15.183723,8,6
3.914875,8,7
26.306747,8,9
14.447712,8,10
34.695256,8,11
17.542843,8,12
1.272237,9,1
15.833024,9,2
19.431987,9,3
28.638069,9,4
4.454275,9,5
27.22988,9,6
6.889397,9,7
54.259173,9,8
1.959771,9,10
13.71208,9,11
59.923965,9,12
2.749637,10,2
2.658099,10,4
0.026667,10,5
0.303539,10,6
29.287605,10,8
0.225824,10,9
28.353677,10,11
0.1672,11,1
9.076248,11,2
28.350533,11,3
4.188821,11,4
3.561752,11,5
11.367787,11,6
2.986901,11,7
16.220667,11,8
10.966936,11,9
2.425205,11,10
7.029923,11,12
0.423733,12,1
101.252565,12,2
53.067896,12,3
50.040904,12,4
22.278883,12,5
33.782589,12,6
12.468584,12,7
33.688141,12,8
130.701901,12,9
3.468371,12,10
56.412717,12,11
succeed
0.0,0.027019,6.964,0.026667,0.043485,1.352552,0.0,0.065472,2.23448,0.0,0.026667,11.428459
0.064784,0.0,20.675472,7.421395,1.333072,15.556504,1.080307,20.131701,3.897573,0.061032,3.065811,24.551307
0.690448,7.640067,0.0,8.571352,12.684144,53.199152,5.505371,32.088955,8.25524,0.226587,4.282608,27.837048
0.204693,12.673973,48.781437,0.0,13.507227,27.816621,11.977328,16.30428,10.311987,2.895723,5.87964,48.139544
0.053333,2.298093,8.472293,1.042152,0.0,9.683211,2.449813,3.078757,5.037203,0.068459,0.782691,2.711235
1.213301,14.268563,53.882029,10.344341,29.993608,0.0,4.989155,8.407205,7.666416,0.990101,14.848283,20.601499
0.0,1.364309,9.173144,9.248283,4.077664,11.544445,0.0,2.572845,1.701621,2.525683,3.288685,11.812384
0.026667,11.068955,39.898597,6.961283,5.967941,15.183723,3.914875,0.0,26.306747,14.447712,34.695256,17.542843
1.272237,15.833024,19.431987,28.638069,4.454275,27.22988,6.889397,54.259173,0.0,1.959771,13.71208,59.923965
0.0,2.749637,0.0,2.658099,0.026667,0.303539,0.0,29.287605,0.225824,0.0,28.353677,0.0
0.1672,9.076248,28.350533,4.188821,3.561752,11.367787,2.986901,16.220667,10.966936,2.425205,0.0,7.029923
0.423733,101.252565,53.067896,50.040904,22.278883,33.782589,12.468584,33.688141,130.701901,3.468371,56.412717,0.0
