5884.172623
0.577627,1,2
1.596592,1,3
0.819461,1,5
0.760797,1,6
0.293605,1,7
1.082032,1,9
0.234667,1,10
0.053333,1,11
3.161168,1,12
53.667419,2,3
0.141227,2,4
90.854408,2,5
33.833803,2,6
9.634997,2,7
29.448128,2,9
0.444149,2,10
0.627328,2,11
75.215933,2,12
44.254592,3,2
54.070109,3,4
135.093493,3,5
82.76172,3,6
20.203403,3,7
2.36048,3,8
49.094376,3,9
0.364149,3,10
1.393765,3,11
143.841472,3,12
18.952528,4,2
76.570933,4,3
78.912203,4,5
51.746453,4,6
25.526339,4,7
0.053333,4,8
23.174099,4,9
34.94152,4,10
1.098349,4,11
52.628568,4,12
49.091947,5,2
5.146557,5,3
0.122744,5,4
0.084624,5,6
0.129477,5,7
14.672101,5,9
0.134211,5,10
0.287112,5,11
132.194984,5,12
28.445427,6,2
155.258472,6,3
21.801317,6,4
178.220997,6,5
22.613171,6,7
0.026667,6,8
97.151435,6,9
0.351157,6,10
15.693339,6,11
64.460824,6,12
9.157403,7,2
32.874768,7,3
13.839981,7,4
21.203021,7,5
21.390568,7,6
14.53616,7,9
0.45252,7,10
0.186443,7,11
21.569021,7,12
51.322976,8,2
13.100253,8,3
37.570408,8,4
1316.532267,8,5
1.614931,8,6
3.135435,8,7
93.145523,8,9
20.844803,8,10
26.037944,8,11
112.179875,8,12
81.032992,9,2
179.844923,9,3
48.469888,9,4
204.404261,9,5
76.780883,9,6
30.754744,9,7
0.686264,9,8
0.302096,9,10
8.054728,9,11
186.06076,9,12
1.207043,10,2
0.053333,10,3
6.619208,10,4
8.697424,10,5
0.739083,10,7
29.418304,10,8
5.29332,10,9
47.543907,10,11
2.074613,10,12
23.952184,11,2
3.495613,11,3
9.673029,11,4
68.880152,11,5
0.303037,11,6
7.961368,11,7
32.723037,11,8
14.870365,11,9
15.404629,11,10
23.663171,11,12
147.280901,12,2
147.861024,12,3
15.64152,12,4
309.151067,12,5
75.044581,12,6
29.044387,12,7
0.08,12,8
236.773984,12,9
0.610699,12,10
7.65068,12,11
succeed
0.0,0.577627,1.596592,0.0,0.819461,0.760797,0.293605,0.0,1.082032,0.234667,0.053333,3.161168
0.0,0.0,53.667419,0.141227,90.854408,33.833803,9.634997,0.0,29.448128,0.444149,0.627328,75.215933
0.0,44.254592,0.0,54.070109,135.093493,82.76172,20.203403,2.36048,49.094376,0.364149,1.393765,143.841472
0.0,18.952528,76.570933,0.0,78.912203,51.746453,25.526339,0.053333,23.174099,34.94152,1.098349,52.628568
0.0,49.091947,5.146557,0.122744,0.0,0.084624,0.129477,0.0,14.672101,0.134211,0.287112,132.194984
0.0,28.445427,155.258472,21.801317,178.220997,0.0,22.613171,0.026667,97.151435,0.351157,15.693339,64.460824
0.0,9.157403,32.874768,13.839981,21.203021,21.390568,0.0,0.0,14.53616,0.45252,0.186443,21.569021
0.0,51.322976,13.100253,37.570408,1316.532267,1.614931,3.135435,0.0,93.145523,20.844803,26.037944,112.179875
0.0,81.032992,179.844923,48.469888,204.404261,76.780883,30.754744,0.686264,0.0,0.302096,8.054728,186.06076
0.0,1.207043,0.053333,6.619208,8.697424,0.0,0.739083,29.418304,5.29332,0.0,47.543907,2.074613
0.0,23.952184,3.495613,9.673029,68.880152,0.303037,7.961368,32.723037,14.870365,15.404629,0.0,23.663171
0.0,147.280901,147.861024,15.64152,309.151067,75.044581,29.044387,0.08,236.773984,0.610699,7.65068,0.0
