2939.530225
0.026667,1,2
0.423467,1,3
0.211259,1,4
0.026667,1,6
0.640213,1,7
0.443813,1,8
0.053333,1,9
0.013333,1,10
0.221973,1,11
0.405029,1,12
0.100149,2,1
12.646152,2,3
3.691325,2,4
34.852893,2,5
9.322525,2,6
0.835928,2,7
11.594809,2,8
6.987763,2,9
0.039079,2,10
6.924112,2,11
36.486309,2,12
1.195323,3,1
14.688643,3,2
21.178363,3,4
12.242696,3,5
37.676661,3,6
8.869461,3,7
88.775221,3,8
26.793176,3,9
2.0016,3,10
14.427733,3,11
42.297507,3,12
0.08,4,1
4.826864,4,2
70.039757,4,3
21.509627,4,5
26.644653,4,6
10.949115,4,7
53.395728,4,8
16.052955,4,9
8.981472,4,10
8.35896,4,11
51.216733,4,12
3.325941,5,2
25.296888,5,3
2.540544,5,4
5.430283,5,6
3.250003,5,7
14.185195,5,8
8.026811,5,9
2.368685,5,11
6.333232,5,12
0.098005,6,1
11.787624,6,2
63.156043,6,3
5.7452,6,4
8.359571,6,5
7.64544,6,7
35.069232,6,8
45.295672,6,9
1.053512,6,10
6.543499,6,11
19.398325,6,12
3.106779,7,2
22.30632,7,3
5.127395,7,4
5.220811,7,5
12.667595,7,6
9.572091,7,8
4.031115,7,9
0.431696,7,10
1.879384,7,11
14.78156,7,12
1.407419,8,1
17.187565,8,2
113.737765,8,3
37.453819,8,4
17.260277,8,5
44.501395,8,6
16.193621,8,7
134.570525,8,9
14.003387,8,10
40.514277,8,11
125.851563,8,12
0.335197,9,1
40.544461,9,2
62.388293,9,3
28.731029,9,4
18.582552,9,5
57.884832,9,6
12.12392,9,7
119.565872,9,8
7.681736,9,10
41.760525,9,11
94.658048,9,12
2.203104,10,2
0.724125,10,3
3.046653,10,4
0.104352,10,5
0.572384,10,6
0.133333,10,7
40.632029,10,8
2.229808,10,9
37.840571,10,11
0.173216,10,12
0.144672,11,1
7.710131,11,2
18.898803,11,3
4.788685,11,4
3.614723,11,5
16.411021,11,6
3.741675,11,7
38.972019,11,8
12.550077,11,9
6.389603,11,10
29.017928,11,12
0.253568,12,1
73.86464,12,2
76.593432,12,3
57.095179,12,4
35.972595,12,5
63.380157,12,6
9.733989,12,7
136.144328,12,8
145.299368,12,9
3.707861,12,10
38.464621,12,11
succeed
0.0,0.026667,0.423467,0.211259,0.0,0.026667,0.640213,0.443813,0.053333,0.013333,0.221973,0.405029
0.100149,0.0,12.646152,3.691325,34.852893,9.322525,0.835928,11.594809,6.987763,0.039079,6.924112,36.486309
1.195323,14.688643,0.0,21.178363,12.242696,37.676661,8.869461,88.775221,26.793176,2.0016,14.427733,42.297507
0.08,4.826864,70.039757,0.0,21.509627,26.644653,10.949115,53.395728,16.052955,8.981472,8.35896,51.216733
0.0,3.325941,25.296888,2.540544,0.0,5.430283,3.250003,14.185195,8.026811,0.0,2.368685,6.333232
0.098005,11.787624,63.156043,5.7452,8.359571,0.0,7.64544,35.069232,45.295672,1.053512,6.543499,19.398325
0.0,3.106779,22.30632,5.127395,5.220811,12.667595,0.0,9.572091,4.031115,0.431696,1.879384,14.78156
1.407419,17.187565,113.737765,37.453819,17.260277,44.501395,16.193621,0.0,134.570525,14.003387,40.514277,125.851563
0.335197,40.544461,62.388293,28.731029,18.582552,57.884832,12.12392,119.565872,0.0,7.681736,41.760525,94.658048
0.0,2.203104,0.724125,3.046653,0.104352,0.572384,0.133333,40.632029,2.229808,0.0,37.840571,0.173216
0.144672,7.710131,18.898803,4.788685,3.614723,16.411021,3.741675,38.972019,12.550077,6.389603,0.0,29.017928
0.253568,73.86464,76.593432,57.095179,35.972595,63.380157,9.733989,136.144328,145.299368,3.707861,38.464621,0.0
