4216.584218
0.255856,1,2
3.952592,1,3
0.365637,1,4
0.431987,1,5
2.125424,1,6
1.427189,1,7
0.631925,1,8
1.344485,1,9
0.243587,1,11
1.358779,1,12
0.564349,2,1
31.292699,2,3
12.010152,2,4
32.628736,2,5
23.63156,2,6
12.873637,2,7
27.443941,2,8
25.914629,2,9
3.919663,2,10
8.89088,2,11
56.860952,2,12
2.242864,3,1
22.603709,3,2
24.511624,3,4
17.899405,3,5
94.087949,3,6
17.897307,3,7
81.486333,3,8
31.688256,3,9
4.056853,3,10
13.776813,3,11
53.47616,3,12
1.222752,4,1
7.692341,4,2
79.021848,4,3
15.919168,4,5
29.894891,4,6
26.676323,4,7
25.627059,4,8
18.495331,4,9
14.817379,4,10
17.810629,4,11
47.762728,4,12
0.266917,5,1
6.705979,5,2
35.722584,5,3
2.919395,5,4
7.831341,5,6
7.270387,5,7
11.538944,5,8
11.478667,5,9
3.674896,5,10
3.338344,5,11
12.193819,5,12
1.870261,6,1
31.027979,6,2
130.873632,6,3
26.079101,6,4
20.68684,6,5
21.115333,6,7
50.483571,6,8
70.122123,6,9
3.928085,6,10
22.117701,6,11
60.487989,6,12
0.926133,7,1
4.351245,7,2
38.189168,7,3
18.702701,7,4
11.157747,7,5
25.953757,7,6
9.170168,7,8
16.371264,7,9
3.044883,7,10
4.026413,7,11
19.047267,7,12
1.573325,8,1
32.524592,8,2
143.192763,8,3
39.525661,8,4
25.22016,8,5
61.010403,8,6
30.830139,8,7
103.545096,8,9
25.325235,8,10
39.177979,8,11
152.255819,8,12
3.051421,9,1
49.974029,9,2
82.880859,9,3
40.288501,9,4
24.958909,9,5
97.441043,9,6
30.509787,9,7
106.961477,9,8
13.803763,9,10
31.141629,9,11
215.402133,9,12
0.08572,10,1
1.120283,10,2
3.5006,10,3
20.184171,10,4
3.832099,10,5
1.941984,10,6
1.7868,10,7
57.839253,10,8
5.807603,10,9
59.711435,10,11
3.447872,10,12
0.473008,11,1
16.052549,11,2
33.011003,11,3
14.204336,11,4
7.637688,11,5
17.780485,11,6
5.289181,11,7
24.457696,11,8
12.562323,11,9
6.72908,11,10
22.534549,11,12
1.237115,12,1
127.073928,12,2
134.918613,12,3
101.962347,12,4
35.888451,12,5
94.118808,12,6
33.284467,12,7
150.212659,12,8
222.271803,12,9
9.372595,12,10
46.147976,12,11
succeed
0.0,0.255856,3.952592,0.365637,0.431987,2.125424,1.427189,0.631925,1.344485,0.0,0.243587,1.358779
0.564349,0.0,31.292699,12.010152,32.628736,23.63156,12.873637,27.443941,25.914629,3.919663,8.89088,56.860952
2.242864,22.603709,0.0,24.511624,17.899405,94.087949,17.897307,81.486333,31.688256,4.056853,13.776813,53.47616
1.222752,7.692341,79.021848,0.0,15.919168,29.894891,26.676323,25.627059,18.495331,14.817379,17.810629,47.762728
0.266917,6.705979,35.722584,2.919395,0.0,7.831341,7.270387,11.538944,11.478667,3.674896,3.338344,12.193819
1.870261,31.027979,130.873632,26.079101,20.68684,0.0,21.115333,50.483571,70.122123,3.928085,22.117701,60.487989
0.926133,4.351245,38.189168,18.702701,11.157747,25.953757,0.0,9.170168,16.371264,3.044883,4.026413,19.047267
1.573325,32.524592,143.192763,39.525661,25.22016,61.010403,30.830139,0.0,103.545096,25.325235,39.177979,152.255819
3.051421,49.974029,82.880859,40.288501,24.958909,97.441043,30.509787,106.961477,0.0,13.803763,31.141629,215.402133
0.08572,1.120283,3.5006,20.184171,3.832099,1.941984,1.7868,57.839253,5.807603,0.0,59.711435,3.447872
0.473008,16.052549,33.011003,14.204336,7.637688,17.780485,5.289181,24.457696,12.562323,6.72908,0.0,22.534549
1.237115,127.073928,134.918613,101.962347,35.888451,94.118808,33.284467,150.212659,222.271803,9.372595,46.147976,0.0
