1914.909743
0.16652,1,3
0.111979,1,5
0.053333,1,6
0.069939,1,7
1.016035,1,8
0.574421,1,9
0.19476,1,11
0.235192,1,12
0.172845,2,1
14.586816,2,3
7.682003,2,4
4.094875,2,5
11.243781,2,6
1.568365,2,7
17.283373,2,8
4.083317,2,9
0.369683,2,10
5.45768,2,11
46.762469,2,12
1.677187,3,1
4.097629,3,2
20.353699,3,4
8.247245,3,5
26.055005,3,6
10.399277,3,7
54.711128,3,8
12.633339,3,9
1.502293,3,10
11.548696,3,11
15.222664,3,12
0.32096,4,1
3.021939,4,2
44.639475,4,3
18.103344,4,5
26.320075,4,6
9.183488,4,7
23.140499,4,8
17.452016,4,9
4.044901,4,10
5.474637,4,11
35.016763,4,12
3.173504,5,1
1.964115,5,2
8.855024,5,3
1.303453,5,4
4.251459,5,6
1.979563,5,7
5.024085,5,8
2.282515,5,9
7.882861,5,11
2.320443,5,12
0.190733,6,1
11.042024,6,2
45.307808,6,3
12.527624,6,4
2.061832,6,5
2.734128,6,7
29.968141,6,8
28.864736,6,9
6.569472,6,10
7.451371,6,11
17.287669,6,12
0.026667,7,1
2.379147,7,2
10.609955,7,3
9.654979,7,4
3.086616,7,5
8.94912,7,6
10.221707,7,8
3.632259,7,9
2.148784,7,10
9.162933,7,11
12.65152,7,12
0.608509,8,1
24.737621,8,2
69.313483,8,3
6.050603,8,4
7.003563,8,5
12.744221,8,6
6.289829,8,7
38.798379,8,9
20.032981,8,10
33.583419,8,11
21.036549,8,12
0.329736,9,1
17.592941,9,2
11.780024,9,3
27.613365,9,4
8.474661,9,5
22.684429,9,6
8.544336,9,7
80.323915,9,8
1.751667,9,10
22.4538,9,11
38.491171,9,12
0.026667,10,1
1.241936,10,2
0.026667,10,3
1.802661,10,4
0.071979,10,5
0.269917,10,6
40.356248,10,8
8.402112,10,9
24.733859,10,11
0.026667,10,12
3.987669,11,2
10.116117,11,3
2.484341,11,4
1.419616,11,5
6.270136,11,6
2.729581,11,7
21.82144,11,8
5.461157,11,9
2.598232,11,10
38.661819,11,12
1.181435,12,1
86.938475,12,2
95.767131,12,3
50.844715,12,4
16.151477,12,5
43.746187,12,6
7.495576,12,7
76.194267,12,8
107.288448,12,9
2.620725,12,10
29.473392,12,11
succeed
0.0,0.0,0.16652,0.0,0.111979,0.053333,0.069939,1.016035,0.574421,0.0,0.19476,0.235192
0.172845,0.0,14.586816,7.682003,4.094875,11.243781,1.568365,17.283373,4.083317,0.369683,5.45768,46.762469
1.677187,4.097629,0.0,20.353699,8.247245,26.055005,10.399277,54.711128,12.633339,1.502293,11.548696,15.222664
0.32096,3.021939,44.639475,0.0,18.103344,26.320075,9.183488,23.140499,17.452016,4.044901,5.474637,35.016763
3.173504,1.964115,8.855024,1.303453,0.0,4.251459,1.979563,5.024085,2.282515,0.0,7.882861,2.320443
0.190733,11.042024,45.307808,12.527624,2.061832,0.0,2.734128,29.968141,28.864736,6.569472,7.451371,17.287669
0.026667,2.379147,10.609955,9.654979,3.086616,8.94912,0.0,10.221707,3.632259,2.148784,9.162933,12.65152
0.608509,24.737621,69.313483,6.050603,7.003563,12.744221,6.289829,0.0,38.798379,20.032981,33.583419,21.036549
0.329736,17.592941,11.780024,27.613365,8.474661,22.684429,8.544336,80.323915,0.0,1.751667,22.4538,38.491171
0.026667,1.241936,0.026667,1.802661,0.071979,0.269917,0.0,40.356248,8.402112,0.0,24.733859,0.026667
0.0,3.987669,10.116117,2.484341,1.419616,6.270136,2.729581,21.82144,5.461157,2.598232,0.0,38.661819
1.181435,86.938475,95.767131,50.844715,16.151477,43.746187,7.495576,76.194267,107.288448,2.620725,29.473392,0.0
