3392.726949
0.133333,1,2
0.369264,1,3
2.202659,1,5
1.653627,1,6
0.332941,1,7
0.827837,1,9
1.294293,1,12
19.572808,2,3
0.033928,2,4
37.455971,2,5
24.52348,2,6
4.569691,2,7
0.515819,2,8
13.967813,2,9
0.477891,2,11
58.895419,2,12
72.956939,3,2
29.836616,3,4
107.92848,3,5
70.417216,3,6
17.317331,3,7
0.836875,3,8
48.010587,3,9
0.08,3,10
1.121603,3,11
45.754323,3,12
14.691376,4,2
61.02028,4,3
40.244309,4,5
32.330181,4,6
17.732891,4,7
23.475504,4,9
9.904821,4,10
0.326195,4,11
37.41828,4,12
40.058027,5,2
0.668096,5,3
0.026667,5,4
0.026667,5,6
0.026667,5,8
8.944765,5,9
0.113533,5,11
118.315443,5,12
33.280899,6,2
179.278685,6,3
18.245344,6,4
76.970299,6,5
21.501304,6,7
0.379435,6,8
75.367104,6,9
0.150293,6,10
0.358272,6,11
47.730376,6,12
9.2138,7,2
27.47764,7,3
10.307411,7,4
16.734565,7,5
17.308387,7,6
8.128173,7,9
0.167768,7,11
15.759107,7,12
29.157101,8,2
11.617424,8,3
24.381157,8,4
184.090085,8,5
0.226568,8,6
0.380792,8,7
51.026413,8,9
7.397219,8,10
12.788469,8,11
106.821013,8,12
40.494787,9,2
68.1092,9,3
38.285579,9,4
141.546253,9,5
73.870048,9,6
19.607621,9,7
0.424363,9,8
0.053333,9,10
6.952747,9,11
129.686419,9,12
1.682427,10,2
0.345685,10,3
7.21836,10,4
3.711213,10,5
0.400981,10,7
44.22596,10,8
4.130272,10,9
45.6202,10,11
1.700848,10,12
11.132395,11,2
0.707307,11,3
9.486011,11,4
33.387867,11,5
0.039504,11,6
3.816155,11,7
27.618645,11,8
7.180517,11,9
3.880683,11,10
11.930421,11,12
84.971168,12,2
111.890752,12,3
10.748421,12,4
243.956152,12,5
71.790077,12,6
21.709227,12,7
0.212173,12,8
152.080899,12,9
0.057253,12,10
5.409477,12,11
succeed
0.0,0.133333,0.369264,0.0,2.202659,1.653627,0.332941,0.0,0.827837,0.0,0.0,1.294293
0.0,0.0,19.572808,0.033928,37.455971,24.52348,4.569691,0.515819,13.967813,0.0,0.477891,58.895419
0.0,72.956939,0.0,29.836616,107.92848,70.417216,17.317331,0.836875,48.010587,0.08,1.121603,45.754323
0.0,14.691376,61.02028,0.0,40.244309,32.330181,17.732891,0.0,23.475504,9.904821,0.326195,37.41828
0.0,40.058027,0.668096,0.026667,0.0,0.026667,0.0,0.026667,8.944765,0.0,0.113533,118.315443
0.0,33.280899,179.278685,18.245344,76.970299,0.0,21.501304,0.379435,75.367104,0.150293,0.358272,47.730376
0.0,9.2138,27.47764,10.307411,16.734565,17.308387,0.0,0.0,8.128173,0.0,0.167768,15.759107
0.0,29.157101,11.617424,24.381157,184.090085,0.226568,0.380792,0.0,51.026413,7.397219,12.788469,106.821013
0.0,40.494787,68.1092,38.285579,141.546253,73.870048,19.607621,0.424363,0.0,0.053333,6.952747,129.686419
0.0,1.682427,0.345685,7.21836,3.711213,0.0,0.400981,44.22596,4.130272,0.0,45.6202,1.700848
0.0,11.132395,0.707307,9.486011,33.387867,0.039504,3.816155,27.618645,7.180517,3.880683,0.0,11.930421
0.0,84.971168,111.890752,10.748421,243.956152,71.790077,21.709227,0.212173,152.080899,0.057253,5.409477,0.0
