2019.995583
0.374741,1,2
0.282632,1,3
0.216661,1,4
0.983947,1,7
0.236611,1,8
0.053333,1,9
0.736181,1,11
0.185904,1,12
13.114763,2,3
3.347277,2,4
2.659373,2,5
14.816176,2,6
1.770003,2,7
11.762989,2,8
4.371491,2,9
0.026667,2,10
3.961837,2,11
16.070613,2,12
1.338309,3,1
9.405776,3,2
9.89224,3,4
5.412453,3,5
19.423651,3,6
12.593275,3,7
40.795883,3,8
6.698235,3,9
1.064133,3,10
3.486576,3,11
20.233355,3,12
0.200336,4,1
3.573237,4,2
50.286088,4,3
16.302792,4,5
31.547845,4,6
28.689579,4,7
11.593939,4,8
15.781259,4,9
12.23624,4,10
13.811405,4,11
44.927931,4,12
0.176715,5,1
4.326789,5,2
8.432997,5,3
2.17112,5,4
2.133661,5,6
4.178584,5,7
10.838283,5,8
1.966429,5,9
0.026667,5,10
2.779699,5,11
3.403595,5,12
0.026667,6,1
10.222845,6,2
61.625107,6,3
10.105099,6,4
2.422181,6,5
10.07536,6,7
27.702875,6,8
17.930347,6,9
0.453293,6,10
9.83456,6,11
30.660795,6,12
0.026667,7,1
4.080357,7,2
7.895147,7,3
13.848728,7,4
4.402301,7,5
16.661819,7,6
6.341536,7,8
2.575955,7,9
2.610632,7,10
3.610149,7,11
11.948125,7,12
0.147667,8,1
12.20312,8,2
62.793371,8,3
9.222221,8,4
13.237123,8,5
20.619205,8,6
6.786253,8,7
25.779301,8,9
12.650608,8,10
22.867499,8,11
83.60248,8,12
1.099213,9,1
9.126224,9,2
13.201499,9,3
32.047208,9,4
11.527264,9,5
21.682387,9,6
6.394149,9,7
44.817907,9,8
1.912104,9,10
8.540661,9,11
53.832733,9,12
0.026667,10,2
0.600739,10,4
0.053333,10,5
0.219656,10,6
35.864619,10,8
0.22752,10,9
35.174451,10,11
1.992416,10,12
0.026667,11,1
8.899837,11,2
13.167555,11,3
2.1782,11,4
1.664243,11,5
4.243501,11,6
4.245011,11,7
25.447179,11,8
10.972981,11,9
4.05288,11,10
11.644725,11,12
0.225173,12,1
109.137984,12,2
63.991419,12,3
59.690203,12,4
25.305107,12,5
42.333971,12,6
16.096856,12,7
215.574467,12,8
100.980915,12,9
1.331139,12,10
20.775152,12,11
succeed
0.0,0.374741,0.282632,0.216661,0.0,0.0,0.983947,0.236611,0.053333,0.0,0.736181,0.185904
0.0,0.0,13.114763,3.347277,2.659373,14.816176,1.770003,11.762989,4.371491,0.026667,3.961837,16.070613
1.338309,9.405776,0.0,9.89224,5.412453,19.423651,12.593275,40.795883,6.698235,1.064133,3.486576,20.233355
0.200336,3.573237,50.286088,0.0,16.302792,31.547845,28.689579,11.593939,15.781259,12.23624,13.811405,44.927931
0.176715,4.326789,8.432997,2.17112,0.0,2.133661,4.178584,10.838283,1.966429,0.026667,2.779699,3.403595
0.026667,10.222845,61.625107,10.105099,2.422181,0.0,10.07536,27.702875,17.930347,0.453293,9.83456,30.660795
0.026667,4.080357,7.895147,13.848728,4.402301,16.661819,0.0,6.341536,2.575955,2.610632,3.610149,11.948125
0.147667,12.20312,62.793371,9.222221,13.237123,20.619205,6.786253,0.0,25.779301,12.650608,22.867499,83.60248
1.099213,9.126224,13.201499,32.047208,11.527264,21.682387,6.394149,44.817907,0.0,1.912104,8.540661,53.832733
0.0,0.026667,0.0,0.600739,0.053333,0.219656,0.0,35.864619,0.22752,0.0,35.174451,1.992416
0.026667,8.899837,13.167555,2.1782,1.664243,4.243501,4.245011,25.447179,10.972981,4.05288,0.0,11.644725
0.225173,109.137984,63.991419,59.690203,25.305107,42.333971,16.096856,215.574467,100.980915,1.331139,20.775152,0.0
