2290.476352
0.026667,1,2
0.344536,1,3
0.033792,1,5
0.026667,1,6
0.066403,1,7
0.565843,1,8
0.026667,1,9
0.026667,1,11
0.991661,1,12
0.026667,2,1
9.040699,2,3
2.821309,2,4
14.214565,2,5
11.285627,2,6
2.457184,2,7
12.603568,2,8
4.909792,2,9
0.029333,2,10
3.19284,2,11
17.830864,2,12
0.026667,3,1
11.951792,3,2
24.377064,3,4
4.946245,3,5
25.679808,3,6
13.861024,3,7
54.286368,3,8
8.964203,3,9
0.219773,3,10
3.553123,3,11
28.943496,3,12
0.11776,4,1
9.375883,4,2
39.035309,4,3
21.281347,4,5
42.178392,4,6
16.972661,4,7
6.023947,4,8
14.684221,4,9
6.145976,4,10
14.115552,4,11
32.798504,4,12
0.090795,5,1
21.193616,5,2
6.250507,5,3
1.820096,5,4
0.404187,5,6
1.011128,5,7
7.766013,5,8
2.506861,5,9
1.928616,5,11
4.084571,5,12
0.07824,6,1
18.26836,6,2
45.790123,6,3
9.51108,6,4
0.430992,6,5
2.663445,6,7
28.839141,6,8
17.634909,6,9
0.608109,6,10
7.517624,6,11
21.953675,6,12
0.026667,7,1
2.106464,7,2
10.571605,7,3
5.288189,7,4
6.997104,7,5
15.252939,7,6
7.470581,7,8
2.779091,7,9
3.264923,7,10
4.596592,7,11
9.693456,7,12
0.399565,8,1
13.964373,8,2
51.739075,8,3
6.777456,8,4
13.713715,8,5
24.202269,8,6
7.558211,8,7
42.960352,8,9
11.871579,8,10
34.017557,8,11
290.548187,8,12
0.685595,9,1
24.070739,9,2
18.720651,9,3
25.462595,9,4
11.760763,9,5
15.629235,9,6
5.196216,9,7
70.763576,9,8
0.138211,9,10
19.543,9,11
54.926269,9,12
0.10532,10,2
0.150667,10,3
15.839565,10,4
0.034688,10,5
10.739896,10,6
0.08,10,7
18.951059,10,8
0.472045,10,9
23.81644,10,11
0.23716,10,12
0.128784,11,1
7.627952,11,2
15.719829,11,3
2.852709,11,4
5.601853,11,5
6.215424,11,6
3.37704,11,7
189.931144,11,8
7.012853,11,9
3.915573,11,10
6.618579,11,12
0.056443,12,1
113.29116,12,2
52.868597,12,3
38.864304,12,4
11.825893,12,5
62.658909,12,6
22.821741,12,7
53.562195,12,8
119.355088,12,9
1.301267,12,10
21.332821,12,11
succeed
0.0,0.026667,0.344536,0.0,0.033792,0.026667,0.066403,0.565843,0.026667,0.0,0.026667,0.991661
0.026667,0.0,9.040699,2.821309,14.214565,11.285627,2.457184,12.603568,4.909792,0.029333,3.19284,17.830864
0.026667,11.951792,0.0,24.377064,4.946245,25.679808,13.861024,54.286368,8.964203,0.219773,3.553123,28.943496
0.11776,9.375883,39.035309,0.0,21.281347,42.178392,16.972661,6.023947,14.684221,6.145976,14.115552,32.798504
0.090795,21.193616,6.250507,1.820096,0.0,0.404187,1.011128,7.766013,2.506861,0.0,1.928616,4.084571
0.07824,18.26836,45.790123,9.51108,0.430992,0.0,2.663445,28.839141,17.634909,0.608109,7.517624,21.953675
0.026667,2.106464,10.571605,5.288189,6.997104,15.252939,0.0,7.470581,2.779091,3.264923,4.596592,9.693456
0.399565,13.964373,51.739075,6.777456,13.713715,24.202269,7.558211,0.0,42.960352,11.871579,34.017557,290.548187
0.685595,24.070739,18.720651,25.462595,11.760763,15.629235,5.196216,70.763576,0.0,0.138211,19.543,54.926269
0.0,0.10532,0.150667,15.839565,0.034688,10.739896,0.08,18.951059,0.472045,0.0,23.81644,0.23716
0.128784,7.627952,15.719829,2.852709,5.601853,6.215424,3.37704,189.931144,7.012853,3.915573,0.0,6.618579
0.056443,113.29116,52.868597,38.864304,11.825893,62.658909,22.821741,53.562195,119.355088,1.301267,21.332821,0.0
