3158.504138
1.956605,1,2
0.680885,1,3
0.770309,1,5
0.358088,1,6
0.063877,1,7
0.200371,1,8
0.08,1,9
1.298032,1,11
4.575883,1,12
0.304629,2,1
18.119725,2,3
4.714992,2,4
46.211925,2,5
25.381267,2,6
3.667243,2,7
32.225955,2,8
9.053003,2,9
4.38972,2,10
30.660275,2,11
65.301832,2,12
0.389165,3,1
41.497757,3,2
8.014963,3,4
8.356301,3,5
29.293269,3,6
17.512341,3,7
22.032224,3,8
19.271776,3,9
1.593173,3,10
44.758011,3,11
27.189595,3,12
0.151371,4,1
8.579621,4,2
64.553091,4,3
18.605293,4,5
17.040443,4,6
31.496176,4,7
7.703504,4,8
7.875757,4,9
20.629661,4,10
38.908085,4,11
38.29532,4,12
3.413805,5,1
4.314003,5,2
24.678653,5,3
1.275755,5,4
4.078693,5,6
2.322048,5,7
3.214429,5,8
2.659307,5,9
0.264643,5,10
20.06648,5,11
12.8814,5,12
0.20332,6,1
8.241229,6,2
44.290736,6,3
3.900963,6,4
2.375771,6,5
4.692744,6,7
4.971947,6,8
16.854779,6,9
1.041064,6,10
20.931128,6,11
13.018608,6,12
0.747165,7,1
5.134208,7,2
43.915427,7,3
12.255365,7,4
4.813765,7,5
24.912333,7,6
4.832187,7,8
6.370069,7,9
2.258269,7,10
18.067243,7,11
14.745861,7,12
0.255147,8,1
42.170632,8,2
119.593557,8,3
16.868056,8,4
15.582349,8,5
20.142459,8,6
9.699021,8,7
31.166243,8,9
19.001984,8,10
83.975371,8,11
57.120523,8,12
1.7964,9,1
45.471021,9,2
37.623355,9,3
18.898395,9,4
10.688669,9,5
36.050184,9,6
18.722224,9,7
66.168864,9,8
2.265773,9,10
28.420283,9,11
110.302693,9,12
0.083133,10,2
0.053333,10,3
7.75184,10,4
0.093877,10,5
0.661496,10,6
0.118515,10,7
8.039749,10,8
2.149232,10,9
23.111155,10,11
3.534603,10,12
3.427656,11,1
54.914408,11,2
79.550651,11,3
27.254784,11,4
27.794288,11,5
79.048109,11,6
45.055445,11,7
21.68672,11,8
27.658944,11,9
7.284939,11,10
82.456803,11,12
1.262277,12,1
125.989357,12,2
103.571304,12,3
69.076749,12,4
19.779189,12,5
69.036981,12,6
21.654544,12,7
66.182883,12,8
248.834971,12,9
3.187773,12,10
74.710317,12,11
succeed
0.0,1.956605,0.680885,0.0,0.770309,0.358088,0.063877,0.200371,0.08,0.0,1.298032,4.575883
0.304629,0.0,18.119725,4.714992,46.211925,25.381267,3.667243,32.225955,9.053003,4.38972,30.660275,65.301832
0.389165,41.497757,0.0,8.014963,8.356301,29.293269,17.512341,22.032224,19.271776,1.593173,44.758011,27.189595
0.151371,8.579621,64.553091,0.0,18.605293,17.040443,31.496176,7.703504,7.875757,20.629661,38.908085,38.29532
3.413805,4.314003,24.678653,1.275755,0.0,4.078693,2.322048,3.214429,2.659307,0.264643,20.06648,12.8814
0.20332,8.241229,44.290736,3.900963,2.375771,0.0,4.692744,4.971947,16.854779,1.041064,20.931128,13.018608
0.747165,5.134208,43.915427,12.255365,4.813765,24.912333,0.0,4.832187,6.370069,2.258269,18.067243,14.745861
0.255147,42.170632,119.593557,16.868056,15.582349,20.142459,9.699021,0.0,31.166243,19.001984,83.975371,57.120523
1.7964,45.471021,37.623355,18.898395,10.688669,36.050184,18.722224,66.168864,0.0,2.265773,28.420283,110.302693
0.0,0.083133,0.053333,7.75184,0.093877,0.661496,0.118515,8.039749,2.149232,0.0,23.111155,3.534603
3.427656,54.914408,79.550651,27.254784,27.794288,79.048109,45.055445,21.68672,27.658944,7.284939,0.0,82.456803
1.262277,125.989357,103.571304,69.076749,19.779189,69.036981,21.654544,66.182883,248.834971,3.187773,74.710317,0.0
