3100.83879
0.636187,1,2
0.451805,1,3
0.049437,1,4
0.217304,1,5
0.053392,1,6
0.107488,1,7
0.175419,1,8
0.053333,1,9
0.166277,1,10
0.057115,1,11
0.572203,1,12
1.78448,2,1
21.474133,2,3
5.41288,2,4
3.248859,2,5
31.934216,2,6
5.427971,2,7
14.630857,2,8
9.707539,2,9
1.235713,2,10
4.982373,2,11
59.844736,2,12
0.345523,3,1
51.12568,3,2
13.743251,3,4
10.431723,3,5
49.039088,3,6
14.940093,3,7
35.38716,3,8
21.861496,3,9
6.305368,3,10
11.049776,3,11
34.858664,3,12
0.622445,4,1
10.336885,4,2
55.455992,4,3
19.339629,4,5
30.185341,4,6
36.263659,4,7
32.529693,4,8
27.726403,4,9
25.35032,4,10
32.610104,4,11
45.668997,4,12
1.564077,5,1
22.540264,5,2
15.560667,5,3
2.428341,5,4
6.819563,5,6
2.728381,5,7
6.403829,5,8
6.539195,5,9
0.896843,5,10
1.912827,5,11
7.221712,5,12
0.175413,6,1
27.794403,6,2
68.391029,6,3
13.605077,6,4
4.477171,6,5
6.296832,6,7
15.973456,6,8
16.716205,6,9
4.941768,6,10
9.473547,6,11
38.659752,6,12
0.373448,7,1
3.866821,7,2
23.359547,7,3
7.941608,7,4
6.559712,7,5
15.980085,7,6
4.288779,7,8
5.748957,7,9
3.421107,7,10
6.8532,7,11
14.834125,7,12
0.673088,8,1
60.329456,8,2
91.752672,8,3
12.458733,8,4
11.526368,8,5
33.104568,8,6
13.159613,8,7
66.724912,8,9
30.853387,8,10
17.409445,8,11
92.922443,8,12
2.038707,9,1
37.147277,9,2
33.982907,9,3
34.550637,9,4
23.661304,9,5
43.354976,9,6
15.530592,9,7
71.182509,9,8
7.900792,9,10
19.393397,9,11
95.333795,9,12
0.699296,10,2
9.39484,10,4
0.123845,10,5
0.415565,10,6
0.151736,10,7
41.15388,10,8
4.505296,10,9
41.819643,10,11
4.071288,10,12
0.042051,11,1
13.47088,11,2
25.644875,11,3
16.792968,11,4
4.465037,11,5
24.94716,11,6
8.956899,11,7
18.797507,11,8
21.124712,11,9
7.495291,11,10
30.501515,11,12
6.123224,12,1
154.561456,12,2
129.312277,12,3
94.368645,12,4
41.515101,12,5
79.997624,12,6
27.470789,12,7
130.327125,12,8
182.183827,12,9
21.221565,12,10
42.442547,12,11
succeed
0.0,0.636187,0.451805,0.049437,0.217304,0.053392,0.107488,0.175419,0.053333,0.166277,0.057115,0.572203
1.78448,0.0,21.474133,5.41288,3.248859,31.934216,5.427971,14.630857,9.707539,1.235713,4.982373,59.844736
0.345523,51.12568,0.0,13.743251,10.431723,49.039088,14.940093,35.38716,21.861496,6.305368,11.049776,34.858664
0.622445,10.336885,55.455992,0.0,19.339629,30.185341,36.263659,32.529693,27.726403,25.35032,32.610104,45.668997
1.564077,22.540264,15.560667,2.428341,0.0,6.819563,2.728381,6.403829,6.539195,0.896843,1.912827,7.221712
0.175413,27.794403,68.391029,13.605077,4.477171,0.0,6.296832,15.973456,16.716205,4.941768,9.473547,38.659752
0.373448,3.866821,23.359547,7.941608,6.559712,15.980085,0.0,4.288779,5.748957,3.421107,6.8532,14.834125
0.673088,60.329456,91.752672,12.458733,11.526368,33.104568,13.159613,0.0,66.724912,30.853387,17.409445,92.922443
2.038707,37.147277,33.982907,34.550637,23.661304,43.354976,15.530592,71.182509,0.0,7.900792,19.393397,95.333795
0.0,0.699296,0.0,9.39484,0.123845,0.415565,0.151736,41.15388,4.505296,0.0,41.819643,4.071288
0.042051,13.47088,25.644875,16.792968,4.465037,24.94716,8.956899,18.797507,21.124712,7.495291,0.0,30.501515
6.123224,154.561456,129.312277,94.368645,41.515101,79.997624,27.470789,130.327125,182.183827,21.221565,42.442547,0.0
