2877.983102
0.175797,1,2
6.236867,1,3
0.12564,1,4
0.130883,1,5
2.172416,1,6
0.846965,1,7
0.769184,1,8
0.726893,1,9
0.501533,1,10
0.053333,1,11
3.382165,1,12
0.255216,2,1
16.738213,2,3
6.750867,2,4
3.144368,2,5
11.346584,2,6
4.004629,2,7
7.546992,2,8
9.745477,2,9
0.787867,2,10
2.154968,2,11
78.561328,2,12
1.443539,3,1
5.143333,3,2
6.863779,3,4
19.659819,3,5
12.291997,3,6
8.429888,3,7
16.634435,3,8
6.925035,3,9
6.400907,3,10
8.883181,3,11
6.002504,3,12
0.193331,4,1
5.857504,4,2
78.894432,4,3
13.80268,4,5
24.246549,4,6
19.690627,4,7
19.883419,4,8
18.713955,4,9
12.507184,4,10
42.563867,4,11
63.423195,4,12
1.081416,5,1
5.531469,5,2
35.768885,5,3
2.353723,5,4
9.396965,5,6
1.471389,5,7
187.053496,5,8
3.011944,5,9
2.614797,5,10
2.679901,5,11
10.140403,5,12
0.221283,6,1
22.760709,6,2
126.849264,6,3
15.835091,6,4
11.63052,6,5
13.658171,6,7
44.34248,6,8
28.41624,6,9
3.111571,6,10
11.78432,6,11
35.205933,6,12
0.704387,7,1
3.008288,7,2
37.027371,7,3
11.430493,7,4
5.178765,7,5
9.337557,7,6
5.835755,7,8
5.070051,7,9
1.16824,7,10
2.952992,7,11
12.892571,7,12
0.30768,8,1
9.283533,8,2
109.620611,8,3
12.974872,8,4
7.189403,8,5
18.945653,8,6
2.777749,8,7
43.459557,8,9
7.319808,8,10
17.658267,8,11
41.710355,8,12
4.465976,9,1
26.747589,9,2
63.268616,9,3
30.284016,9,4
20.2186,9,5
30.021736,9,6
19.250573,9,7
58.918299,9,8
4.150331,9,10
32.589736,9,11
103.471699,9,12
0.053333,10,1
0.296765,10,2
2.343264,10,3
6.010632,10,4
0.620893,10,5
1.086168,10,6
0.576995,10,7
37.039344,10,8
1.284384,10,9
78.102899,10,11
0.489584,10,12
0.302152,11,1
6.372757,11,2
79.517819,11,3
2.48372,11,4
3.14056,11,5
7.849843,11,6
2.599536,11,7
38.907653,11,8
19.211325,11,9
7.611824,11,10
10.146219,11,12
0.197613,12,1
172.21472,12,2
113.788197,12,3
41.112421,12,4
19.710005,12,5
33.569205,12,6
22.370803,12,7
84.565099,12,8
143.804251,12,9
8.493059,12,10
43.335616,12,11
succeed
0.0,0.175797,6.236867,0.12564,0.130883,2.172416,0.846965,0.769184,0.726893,0.501533,0.053333,3.382165
0.255216,0.0,16.738213,6.750867,3.144368,11.346584,4.004629,7.546992,9.745477,0.787867,2.154968,78.561328
1.443539,5.143333,0.0,6.863779,19.659819,12.291997,8.429888,16.634435,6.925035,6.400907,8.883181,6.002504
0.193331,5.857504,78.894432,0.0,13.80268,24.246549,19.690627,19.883419,18.713955,12.507184,42.563867,63.423195
1.081416,5.531469,35.768885,2.353723,0.0,9.396965,1.471389,187.053496,3.011944,2.614797,2.679901,10.140403
0.221283,22.760709,126.849264,15.835091,11.63052,0.0,13.658171,44.34248,28.41624,3.111571,11.78432,35.205933
0.704387,3.008288,37.027371,11.430493,5.178765,9.337557,0.0,5.835755,5.070051,1.16824,2.952992,12.892571
0.30768,9.283533,109.620611,12.974872,7.189403,18.945653,2.777749,0.0,43.459557,7.319808,17.658267,41.710355
4.465976,26.747589,63.268616,30.284016,20.2186,30.021736,19.250573,58.918299,0.0,4.150331,32.589736,103.471699
0.053333,0.296765,2.343264,6.010632,0.620893,1.086168,0.576995,37.039344,1.284384,0.0,78.102899,0.489584
0.302152,6.372757,79.517819,2.48372,3.14056,7.849843,2.599536,38.907653,19.211325,7.611824,0.0,10.146219
0.197613,172.21472,113.788197,41.112421,19.710005,33.569205,22.370803,84.565099,143.804251,8.493059,43.335616,0.0
