2962.366751
1.037627,1,2
0.213333,1,3
0.113675,1,5
0.08,1,6
0.041019,1,7
0.191213,1,8
0.438667,1,9
0.026667,1,11
1.175637,1,12
0.68996,2,1
13.206077,2,3
4.158533,2,4
3.569195,2,5
16.723773,2,6
5.158363,2,7
11.249192,2,8
7.579355,2,9
0.906931,2,10
6.763053,2,11
69.162795,2,12
1.494293,3,1
34.605003,3,2
11.585123,3,4
12.631411,3,5
51.653115,3,6
9.763192,3,7
42.528339,3,8
7.999456,3,9
0.579325,3,10
7.714504,3,11
62.272149,3,12
0.111157,4,1
8.471925,4,2
132.955613,4,3
23.112781,4,5
24.438635,4,6
22.043829,4,7
7.030885,4,8
10.133947,4,9
14.837379,4,10
11.326979,4,11
47.354619,4,12
2.177219,5,1
3.827717,5,2
19.532917,5,3
6.673616,5,4
1.475163,5,6
6.072419,5,7
8.906176,5,8
3.591195,5,9
0.199299,5,10
1.909939,5,11
7.421232,5,12
0.262856,6,1
30.003891,6,2
101.927373,6,3
4.353736,6,4
9.733912,6,5
10.426891,6,7
23.73376,6,8
27.651331,6,9
1.777005,6,10
9.704475,6,11
26.849845,6,12
0.35448,7,1
3.098573,7,2
30.734331,7,3
15.930149,7,4
3.460192,7,5
14.874627,7,6
6.58436,7,8
6.537133,7,9
0.279037,7,10
1.103725,7,11
22.248123,7,12
0.966704,8,1
33.331317,8,2
130.334187,8,3
12.445459,8,4
40.00016,8,5
53.070141,8,6
9.523197,8,7
52.328637,8,9
17.898459,8,10
34.972248,8,11
106.926656,8,12
0.508131,9,1
56.248704,9,2
65.142096,9,3
25.166373,9,4
10.998445,9,5
47.313952,9,6
14.978163,9,7
55.098848,9,8
2.872323,9,10
23.092227,9,11
81.32084,9,12
0.117389,10,1
0.234203,10,2
0.514128,10,3
2.740963,10,4
0.169168,10,5
0.820176,10,6
0.123981,10,7
28.019981,10,8
1.035307,10,9
23.645368,10,11
0.280509,10,12
0.341344,11,1
14.986475,11,2
34.086909,11,3
2.802867,11,4
3.539821,11,5
17.057555,11,6
4.478973,11,7
46.318728,11,8
11.528251,11,9
4.552896,11,10
15.044939,11,12
1.646573,12,1
94.064173,12,2
117.041741,12,3
60.666672,12,4
33.148925,12,5
79.450947,12,6
45.069872,12,7
106.591323,12,8
204.501589,12,9
5.494,12,10
27.168317,12,11
succeed
0.0,1.037627,0.213333,0.0,0.113675,0.08,0.041019,0.191213,0.438667,0.0,0.026667,1.175637
0.68996,0.0,13.206077,4.158533,3.569195,16.723773,5.158363,11.249192,7.579355,0.906931,6.763053,69.162795
1.494293,34.605003,0.0,11.585123,12.631411,51.653115,9.763192,42.528339,7.999456,0.579325,7.714504,62.272149
0.111157,8.471925,132.955613,0.0,23.112781,24.438635,22.043829,7.030885,10.133947,14.837379,11.326979,47.354619
2.177219,3.827717,19.532917,6.673616,0.0,1.475163,6.072419,8.906176,3.591195,0.199299,1.909939,7.421232
0.262856,30.003891,101.927373,4.353736,9.733912,0.0,10.426891,23.73376,27.651331,1.777005,9.704475,26.849845
0.35448,3.098573,30.734331,15.930149,3.460192,14.874627,0.0,6.58436,6.537133,0.279037,1.103725,22.248123
0.966704,33.331317,130.334187,12.445459,40.00016,53.070141,9.523197,0.0,52.328637,17.898459,34.972248,106.926656
0.508131,56.248704,65.142096,25.166373,10.998445,47.313952,14.978163,55.098848,0.0,2.872323,23.092227,81.32084
0.117389,0.234203,0.514128,2.740963,0.169168,0.820176,0.123981,28.019981,1.035307,0.0,23.645368,0.280509
0.341344,14.986475,34.086909,2.802867,3.539821,17.057555,4.478973,46.318728,11.528251,4.552896,0.0,15.044939
1.646573,94.064173,117.041741,60.666672,33.148925,79.450947,45.069872,106.591323,204.501589,5.494,27.168317,0.0
