1680.87974
0.08,1,2
0.04064,1,3
0.696608,1,4
0.146584,1,6
0.026667,1,7
0.052509,1,8
4.616701,1,9
0.013333,1,10
0.054491,1,12
0.167587,2,1
6.8904,2,3
4.482837,2,4
19.233949,2,5
10.108624,2,6
0.851045,2,7
13.419011,2,8
3.236909,2,9
0.101784,2,10
3.678589,2,11
19.691032,2,12
0.756456,3,1
13.838749,3,2
4.630861,3,4
4.026827,3,5
26.562707,3,6
4.390872,3,7
36.510312,3,8
7.754955,3,9
0.519384,3,10
2.169109,3,11
26.716189,3,12
0.286133,4,1
3.123549,4,2
41.487581,4,3
15.808485,4,5
25.221837,4,6
6.90972,4,7
3.888272,4,8
20.998408,4,9
2.459581,4,10
4.077611,4,11
31.622808,4,12
0.141675,5,1
10.123067,5,2
16.188523,5,3
1.013387,5,4
3.921475,5,6
2.267824,5,7
3.872379,5,8
3.627315,5,9
0.053333,5,10
0.731363,5,11
1.843224,5,12
0.290669,6,1
25.020896,6,2
34.570576,6,3
5.881016,6,4
24.776483,6,5
1.711491,6,7
19.052051,6,8
5.518811,6,9
0.245032,6,10
7.236901,6,11
8.089059,6,12
0.783304,7,1
5.722984,7,2
10.113656,7,3
17.265376,7,4
2.362824,7,5
8.949776,7,6
3.829437,7,8
14.126272,7,9
2.247261,7,10
8.241693,7,11
9.77736,7,12
0.103872,8,1
13.945683,8,2
43.750843,8,3
5.314453,8,4
3.337371,8,5
6.810283,8,6
1.670867,8,7
62.735203,8,9
31.352592,8,10
14.954387,8,11
13.240003,8,12
0.501299,9,1
14.428064,9,2
15.528715,9,3
25.099088,9,4
17.528651,9,5
21.751496,9,6
6.866413,9,7
49.905629,9,8
1.111795,9,10
10.057533,9,11
37.079872,9,12
0.026667,10,2
0.026667,10,3
2.06576,10,4
0.228136,10,6
34.162291,10,8
0.278101,10,9
32.302587,10,11
0.053333,10,12
0.276877,11,1
12.174539,11,2
39.562517,11,3
3.797459,11,4
1.856157,11,5
5.367928,11,6
1.224128,11,7
12.476219,11,8
11.122344,11,9
2.540299,11,10
59.033027,11,12
0.100107,12,1
86.712845,12,2
41.971539,12,3
52.00008,12,4
13.867243,12,5
30.995413,12,6
11.814811,12,7
37.93172,12,8
133.750952,12,9
3.368184,12,10
21.771499,12,11
succeed
0.0,0.08,0.04064,0.696608,0.0,0.146584,0.026667,0.052509,4.616701,0.013333,0.0,0.054491
0.167587,0.0,6.8904,4.482837,19.233949,10.108624,0.851045,13.419011,3.236909,0.101784,3.678589,19.691032
0.756456,13.838749,0.0,4.630861,4.026827,26.562707,4.390872,36.510312,7.754955,0.519384,2.169109,26.716189
0.286133,3.123549,41.487581,0.0,15.808485,25.221837,6.90972,3.888272,20.998408,2.459581,4.077611,31.622808
0.141675,10.123067,16.188523,1.013387,0.0,3.921475,2.267824,3.872379,3.627315,0.053333,0.731363,1.843224
0.290669,25.020896,34.570576,5.881016,24.776483,0.0,1.711491,19.052051,5.518811,0.245032,7.236901,8.089059
0.783304,5.722984,10.113656,17.265376,2.362824,8.949776,0.0,3.829437,14.126272,2.247261,8.241693,9.77736
0.103872,13.945683,43.750843,5.314453,3.337371,6.810283,1.670867,0.0,62.735203,31.352592,14.954387,13.240003
0.501299,14.428064,15.528715,25.099088,17.528651,21.751496,6.866413,49.905629,0.0,1.111795,10.057533,37.079872
0.0,0.026667,0.026667,2.06576,0.0,0.228136,0.0,34.162291,0.278101,0.0,32.302587,0.053333
0.276877,12.174539,39.562517,3.797459,1.856157,5.367928,1.224128,12.476219,11.122344,2.540299,0.0,59.033027
0.100107,86.712845,41.971539,52.00008,13.867243,30.995413,11.814811,37.93172,133.750952,3.368184,21.771499,0.0
