3499.552115
0.262427,1,2
0.591107,1,3
0.058469,1,4
0.057099,1,5
0.496995,1,6
0.652389,1,7
0.207421,1,8
2.408496,1,9
1.474053,1,11
1.470851,1,12
2.336603,2,1
20.963933,2,3
4.282312,2,4
42.677923,2,5
18.898005,2,6
5.562568,2,7
20.068957,2,8
8.858552,2,9
3.806592,2,10
23.4386,2,11
72.143464,2,12
8.965547,3,1
28.466197,3,2
34.912907,3,4
30.097067,3,5
44.586421,3,6
16.51848,3,7
50.934053,3,8
23.286768,3,9
2.449531,3,10
33.838944,3,11
37.852736,3,12
0.369757,4,1
11.837923,4,2
130.317043,4,3
16.310637,4,5
17.887128,4,6
21.546381,4,7
11.487299,4,8
10.895709,4,9
19.318699,4,10
27.031568,4,11
30.306696,4,12
0.498317,5,1
4.165557,5,2
12.166008,5,3
1.134573,5,4
6.399456,5,6
2.189832,5,7
6.419365,5,8
3.562669,5,9
0.334443,5,10
12.16628,5,11
8.479147,5,12
0.441037,6,1
18.288805,6,2
66.591048,6,3
6.453704,6,4
4.362163,6,5
6.524099,6,7
22.236861,6,8
22.977104,6,9
1.625864,6,10
30.984163,6,11
37.205029,6,12
0.448787,7,1
11.806189,7,2
21.702301,7,3
10.683309,7,4
7.786816,7,5
25.133653,7,6
4.930597,7,8
7.299949,7,9
2.019365,7,10
15.706699,7,11
19.376547,7,12
0.880797,8,1
20.871717,8,2
120.820509,8,3
18.099779,8,4
8.283157,8,5
21.442347,8,6
8.010552,8,7
73.091603,8,9
17.938379,8,10
73.684536,8,11
90.84988,8,12
4.862477,9,1
42.693541,9,2
40.627277,9,3
20.534605,9,4
11.979885,9,5
35.611797,9,6
12.016085,9,7
69.752795,9,8
1.857656,9,10
29.786952,9,11
90.026683,9,12
0.106667,10,2
0.053333,10,3
8.721816,10,4
0.582781,10,5
0.646555,10,6
0.026667,10,7
17.387768,10,8
0.136861,10,9
31.980755,10,11
0.225643,10,12
3.965176,11,1
76.450435,11,2
115.804595,11,3
26.804699,11,4
39.538853,11,5
92.857899,11,6
53.565949,11,7
27.348515,11,8
30.150845,11,9
11.685757,11,10
83.241501,11,12
0.780949,12,1
130.540643,12,2
123.407616,12,3
49.538173,12,4
31.735635,12,5
64.260984,12,6
25.148723,12,7
93.283275,12,8
233.471259,12,9
2.516357,12,10
67.828379,12,11
succeed
0.0,0.262427,0.591107,0.058469,0.057099,0.496995,0.652389,0.207421,2.408496,0.0,1.474053,1.470851
2.336603,0.0,20.963933,4.282312,42.677923,18.898005,5.562568,20.068957,8.858552,3.806592,23.4386,72.143464
8.965547,28.466197,0.0,34.912907,30.097067,44.586421,16.51848,50.934053,23.286768,2.449531,33.838944,37.852736
0.369757,11.837923,130.317043,0.0,16.310637,17.887128,21.546381,11.487299,10.895709,19.318699,27.031568,30.306696
0.498317,4.165557,12.166008,1.134573,0.0,6.399456,2.189832,6.419365,3.562669,0.334443,12.16628,8.479147
0.441037,18.288805,66.591048,6.453704,4.362163,0.0,6.524099,22.236861,22.977104,1.625864,30.984163,37.205029
0.448787,11.806189,21.702301,10.683309,7.786816,25.133653,0.0,4.930597,7.299949,2.019365,15.706699,19.376547
0.880797,20.871717,120.820509,18.099779,8.283157,21.442347,8.010552,0.0,73.091603,17.938379,73.684536,90.84988
4.862477,42.693541,40.627277,20.534605,11.979885,35.611797,12.016085,69.752795,0.0,1.857656,29.786952,90.026683
0.0,0.106667,0.053333,8.721816,0.582781,0.646555,0.026667,17.387768,0.136861,0.0,31.980755,0.225643
3.965176,76.450435,115.804595,26.804699,39.538853,92.857899,53.565949,27.348515,30.150845,11.685757,0.0,83.241501
0.780949,130.540643,123.407616,49.538173,31.735635,64.260984,25.148723,93.283275,233.471259,2.516357,67.828379,0.0
