2146.100435
0.256456,1,2
0.227995,1,3
0.038296,1,5
0.026667,1,7
0.337525,1,8
0.465261,1,9
0.026667,1,10
0.510504,1,12
0.750192,2,1
5.680272,2,3
4.366451,2,4
2.837968,2,5
21.430864,2,6
2.156741,2,7
21.4195,2,8
4.406448,2,9
0.946849,2,10
3.246787,2,11
35.277683,2,12
0.963333,3,1
13.936536,3,2
8.657467,3,4
9.434259,3,5
24.759227,3,6
5.686619,3,7
51.285941,3,8
16.463176,3,9
5.753901,3,10
8.004333,3,11
55.944891,3,12
0.101547,4,1
5.428853,4,2
48.626515,4,3
24.592381,4,5
30.645797,4,6
11.798424,4,7
5.553776,4,8
9.279315,4,9
10.254075,4,10
14.385819,4,11
34.492629,4,12
1.162749,5,1
18.57096,5,2
6.443307,5,3
2.335981,5,4
1.526027,5,6
7.092104,5,7
5.380781,5,8
1.527176,5,9
1.604984,5,11
4.115331,5,12
0.165888,6,1
11.157771,6,2
38.761768,6,3
6.814101,6,4
2.291915,6,5
4.56232,6,7
10.618968,6,8
12.927685,6,9
0.367483,6,10
9.698243,6,11
9.646813,6,12
0.116768,7,1
3.846805,7,2
9.146827,7,3
5.46496,7,4
3.246637,7,5
15.885109,7,6
4.34144,7,8
1.491933,7,9
2.521605,7,10
4.6286,7,11
14.087917,7,12
0.241077,8,1
10.588155,8,2
63.612224,8,3
6.6826,8,4
4.232171,8,5
8.421363,8,6
6.402656,8,7
31.076685,8,9
22.467216,8,10
24.644987,8,11
73.739389,8,12
1.000723,9,1
18.160541,9,2
18.457485,9,3
23.306944,9,4
8.862523,9,5
11.599453,9,6
14.477357,9,7
74.268965,9,8
1.291397,9,10
22.681365,9,11
86.283752,9,12
0.059904,10,2
11.760064,10,4
0.192048,10,6
25.624085,10,8
0.026667,10,9
41.049416,10,11
0.053333,10,12
0.106963,11,1
11.170344,11,2
48.777192,11,3
2.673379,11,4
2.67104,11,5
3.557547,11,6
2.69012,11,7
170.472432,11,8
5.429072,11,9
3.520952,11,10
4.255539,11,12
0.550173,12,1
84.093008,12,2
64.060808,12,3
52.057997,12,4
37.910576,12,5
38.468643,12,6
22.1928,12,7
93.736816,12,8
135.962771,12,9
0.707819,12,10
27.761003,12,11
succeed
0.0,0.256456,0.227995,0.0,0.038296,0.0,0.026667,0.337525,0.465261,0.026667,0.0,0.510504
0.750192,0.0,5.680272,4.366451,2.837968,21.430864,2.156741,21.4195,4.406448,0.946849,3.246787,35.277683
0.963333,13.936536,0.0,8.657467,9.434259,24.759227,5.686619,51.285941,16.463176,5.753901,8.004333,55.944891
0.101547,5.428853,48.626515,0.0,24.592381,30.645797,11.798424,5.553776,9.279315,10.254075,14.385819,34.492629
1.162749,18.57096,6.443307,2.335981,0.0,1.526027,7.092104,5.380781,1.527176,0.0,1.604984,4.115331
0.165888,11.157771,38.761768,6.814101,2.291915,0.0,4.56232,10.618968,12.927685,0.367483,9.698243,9.646813
0.116768,3.846805,9.146827,5.46496,3.246637,15.885109,0.0,4.34144,1.491933,2.521605,4.6286,14.087917
0.241077,10.588155,63.612224,6.6826,4.232171,8.421363,6.402656,0.0,31.076685,22.467216,24.644987,73.739389
1.000723,18.160541,18.457485,23.306944,8.862523,11.599453,14.477357,74.268965,0.0,1.291397,22.681365,86.283752
0.0,0.059904,0.0,11.760064,0.0,0.192048,0.0,25.624085,0.026667,0.0,41.049416,0.053333
0.106963,11.170344,48.777192,2.673379,2.67104,3.557547,2.69012,170.472432,5.429072,3.520952,0.0,4.255539
0.550173,84.093008,64.060808,52.057997,37.910576,38.468643,22.1928,93.736816,135.962771,0.707819,27.761003,0.0
