1648.514085
0.081464,1,3
0.092891,1,4
0.495829,1,6
0.053848,1,7
0.053333,1,8
0.053333,1,9
0.276792,1,12
0.096883,2,1
3.012147,2,3
5.073267,2,4
0.943507,2,5
13.184955,2,6
1.882488,2,7
12.601169,2,8
2.852085,2,9
0.024439,2,10
4.596573,2,11
26.580245,2,12
0.053333,3,1
5.25076,3,2
8.297997,3,4
3.45004,3,5
48.391456,3,6
3.232136,3,7
33.893187,3,8
4.944163,3,9
0.435576,3,10
4.331675,3,11
20.959637,3,12
0.116845,4,1
4.033219,4,2
45.202187,4,3
13.846243,4,5
24.511565,4,6
16.039869,4,7
5.128909,4,8
14.607344,4,9
6.36504,4,10
13.031555,4,11
33.383283,4,12
0.218475,5,1
1.736309,5,2
7.703459,5,3
2.694104,5,4
1.167421,5,6
1.263344,5,7
9.733197,5,8
5.266379,5,9
0.026667,5,10
0.834427,5,11
2.309477,5,12
0.073752,6,1
12.058005,6,2
46.516379,6,3
12.196277,6,4
1.615821,6,5
2.9264,6,7
32.080528,6,8
17.068192,6,9
0.064755,6,10
12.854963,6,11
19.355736,6,12
0.136531,7,1
1.063555,7,2
6.581501,7,3
7.524928,7,4
3.739232,7,5
10.160869,7,6
8.537499,7,8
4.555341,7,9
1.9888,7,10
2.520397,7,11
11.327768,7,12
0.026667,8,1
8.612125,8,2
45.917072,8,3
5.662413,8,4
10.835885,8,5
11.316848,8,6
7.162848,8,7
17.337781,8,9
8.265869,8,10
25.569269,8,11
78.215181,8,12
1.334304,9,1
12.773963,9,2
7.047064,9,3
21.973997,9,4
10.446499,9,5
21.609053,9,6
5.247525,9,7
44.113928,9,8
0.574787,9,10
13.86384,9,11
40.716109,9,12
0.026667,10,2
3.914856,10,4
0.026667,10,5
0.131515,10,6
31.034781,10,8
0.142315,10,9
20.916885,10,11
6.458485,11,2
6.83,11,3
2.976765,11,4
1.63064,11,5
6.299448,11,6
0.532709,11,7
28.725392,11,8
6.189835,11,9
2.395461,11,10
6.564509,11,12
0.154667,12,1
69.713459,12,2
46.376171,12,3
58.949453,12,4
9.53668,12,5
28.291181,12,6
26.043224,12,7
107.361619,12,8
122.620629,12,9
2.018197,12,10
24.667093,12,11
succeed
0.0,0.0,0.081464,0.092891,0.0,0.495829,0.053848,0.053333,0.053333,0.0,0.0,0.276792
0.096883,0.0,3.012147,5.073267,0.943507,13.184955,1.882488,12.601169,2.852085,0.024439,4.596573,26.580245
0.053333,5.25076,0.0,8.297997,3.45004,48.391456,3.232136,33.893187,4.944163,0.435576,4.331675,20.959637
0.116845,4.033219,45.202187,0.0,13.846243,24.511565,16.039869,5.128909,14.607344,6.36504,13.031555,33.383283
0.218475,1.736309,7.703459,2.694104,0.0,1.167421,1.263344,9.733197,5.266379,0.026667,0.834427,2.309477
0.073752,12.058005,46.516379,12.196277,1.615821,0.0,2.9264,32.080528,17.068192,0.064755,12.854963,19.355736
0.136531,1.063555,6.581501,7.524928,3.739232,10.160869,0.0,8.537499,4.555341,1.9888,2.520397,11.327768
0.026667,8.612125,45.917072,5.662413,10.835885,11.316848,7.162848,0.0,17.337781,8.265869,25.569269,78.215181
1.334304,12.773963,7.047064,21.973997,10.446499,21.609053,5.247525,44.113928,0.0,0.574787,13.86384,40.716109
0.0,0.026667,0.0,3.914856,0.026667,0.131515,0.0,31.034781,0.142315,0.0,20.916885,0.0
0.0,6.458485,6.83,2.976765,1.63064,6.299448,0.532709,28.725392,6.189835,2.395461,0.0,6.564509
0.154667,69.713459,46.376171,58.949453,9.53668,28.291181,26.043224,107.361619,122.620629,2.018197,24.667093,0.0
