1950.607338
0.053333,1,2
0.053333,1,3
0.094117,1,4
0.047781,1,5
0.467571,1,6
0.224413,1,8
0.44576,1,9
0.102773,1,11
1.090184,1,12
0.158229,2,1
11.813624,2,3
5.040424,2,4
4.667251,2,5
11.223427,2,6
0.549992,2,7
13.707887,2,8
6.715072,2,9
0.851972,2,10
4.403819,2,11
21.528835,2,12
0.10992,3,1
13.36144,3,2
12.548464,3,4
8.452992,3,5
48.032397,3,6
11.502563,3,7
36.830563,3,8
5.26216,3,9
1.272733,3,10
9.040387,3,11
20.651093,3,12
0.05296,4,1
4.238027,4,2
42.170344,4,3
22.666179,4,5
19.244037,4,6
15.864192,4,7
8.13196,4,8
12.987624,4,9
9.027987,4,10
17.624717,4,11
40.039627,4,12
3.013333,5,1
1.104421,5,2
11.677957,5,3
1.493427,5,4
2.119,5,6
0.895117,5,7
5.227941,5,8
0.977867,5,9
3.277275,5,10
1.985285,5,11
5.584899,5,12
0.858637,6,1
6.677549,6,2
54.306949,6,3
6.222029,6,4
0.909979,6,5
3.371107,6,7
30.887157,6,8
16.542544,6,9
0.232333,6,10
20.234507,6,11
19.824099,6,12
1.830419,7,2
12.623181,7,3
4.669603,7,4
2.9904,7,5
12.438379,7,6
7.322853,7,8
2.60988,7,9
2.046677,7,10
3.451669,7,11
8.523731,7,12
0.073456,8,1
13.450541,8,2
64.891947,8,3
6.86556,8,4
3.051371,8,5
8.663491,8,6
3.843544,8,7
38.422805,8,9
23.042189,8,10
42.597755,8,11
42.731035,8,12
1.671664,9,1
14.684384,9,2
17.497104,9,3
24.223771,9,4
9.597405,9,5
13.806296,9,6
14.414461,9,7
70.042797,9,8
1.091888,9,10
27.479179,9,11
41.520613,9,12
0.026667,10,3
0.317019,10,4
0.144405,10,6
35.851672,10,8
0.053333,10,9
35.996296,10,11
0.099811,10,12
5.970403,11,2
19.323205,11,3
2.368739,11,4
5.186909,11,5
2.270419,11,6
1.315232,11,7
27.483168,11,8
6.928056,11,9
10.339675,11,10
3.47308,11,12
0.470093,12,1
87.494819,12,2
80.270053,12,3
59.593944,12,4
14.911923,12,5
33.123552,12,6
40.17832,12,7
124.063917,12,8
114.044331,12,9
0.935405,12,10
56.427269,12,11
succeed
0.0,0.053333,0.053333,0.094117,0.047781,0.467571,0.0,0.224413,0.44576,0.0,0.102773,1.090184
0.158229,0.0,11.813624,5.040424,4.667251,11.223427,0.549992,13.707887,6.715072,0.851972,4.403819,21.528835
0.10992,13.36144,0.0,12.548464,8.452992,48.032397,11.502563,36.830563,5.26216,1.272733,9.040387,20.651093
0.05296,4.238027,42.170344,0.0,22.666179,19.244037,15.864192,8.13196,12.987624,9.027987,17.624717,40.039627
3.013333,1.104421,11.677957,1.493427,0.0,2.119,0.895117,5.227941,0.977867,3.277275,1.985285,5.584899
0.858637,6.677549,54.306949,6.222029,0.909979,0.0,3.371107,30.887157,16.542544,0.232333,20.234507,19.824099
0.0,1.830419,12.623181,4.669603,2.9904,12.438379,0.0,7.322853,2.60988,2.046677,3.451669,8.523731
0.073456,13.450541,64.891947,6.86556,3.051371,8.663491,3.843544,0.0,38.422805,23.042189,42.597755,42.731035
1.671664,14.684384,17.497104,24.223771,9.597405,13.806296,14.414461,70.042797,0.0,1.091888,27.479179,41.520613
0.0,0.0,0.026667,0.317019,0.0,0.144405,0.0,35.851672,0.053333,0.0,35.996296,0.099811
0.0,5.970403,19.323205,2.368739,5.186909,2.270419,1.315232,27.483168,6.928056,10.339675,0.0,3.47308
0.470093,87.494819,80.270053,59.593944,14.911923,33.123552,40.17832,124.063917,114.044331,0.935405,56.427269,0.0
