9145.623409
0.813005,1,2
1.230155,1,3
1.239336,1,4
0.505221,1,5
1.628235,1,6
0.504107,1,7
0.136349,1,8
1.308208,1,9
0.026667,1,10
0.637416,1,11
1.242352,1,12
1.58644,2,1
15.702459,2,3
7.79784,2,4
8.017875,2,5
22.564605,2,6
6.131096,2,7
22.687568,2,8
19.655496,2,9
0.629992,2,10
12.339576,2,11
34.379357,2,12
2.254613,3,1
19.883435,3,2
21.72244,3,4
15.723627,3,5
70.091395,3,6
13.658629,3,7
51.678429,3,8
11.944229,3,9
12.659912,3,10
21.993416,3,11
41.050088,3,12
0.904829,4,1
6.961677,4,2
32.678163,4,3
11.011251,4,5
15.469773,4,6
9.735317,4,7
18.057219,4,8
18.895717,4,9
11.550563,4,10
24.147003,4,11
20.583856,4,12
1.844485,5,1
4.647021,5,2
12.0466,5,3
2.750888,5,4
7.007725,5,6
6.718605,5,7
2.113549,5,8
2.619632,5,9
0.246784,5,10
6.051613,5,11
14.241933,5,12
0.750267,6,1
17.411192,6,2
62.189632,6,3
11.728304,6,4
4.651211,6,5
14.355877,6,7
18.958859,6,8
11.048891,6,9
1.8268,6,10
35.274957,6,11
29.314581,6,12
0.239989,7,1
15.599043,7,2
28.012901,7,3
9.256333,7,4
4.310939,7,5
17.259784,7,6
4.932267,7,8
8.102024,7,9
2.614888,7,10
14.024216,7,11
14.739493,7,12
0.264424,8,1
17.096547,8,2
6434.562933,8,3
8.341339,8,4
5.453339,8,5
45.126059,8,6
7.674453,8,7
48.980325,8,9
21.224211,8,10
65.738277,8,11
58.180541,8,12
6.458741,9,1
33.728037,9,2
26.806,9,3
18.852533,9,4
10.340117,9,5
47.915773,9,6
14.990685,9,7
72.710408,9,8
3.515283,9,10
29.985368,9,11
138.161648,9,12
0.026667,10,2
0.053333,10,3
10.381163,10,4
0.599376,10,6
0.15176,10,7
12.590448,10,8
0.152744,10,9
24.386315,10,11
2.559733,10,12
1.237552,11,1
30.690587,11,2
54.577653,11,3
23.669752,11,4
10.415763,11,5
42.788211,11,6
30.773531,11,7
48.030376,11,8
11.12032,11,9
4.842808,11,10
50.387813,11,12
3.703715,12,1
104.749779,12,2
69.212155,12,3
53.398933,12,4
29.946637,12,5
51.315888,12,6
25.166549,12,7
114.824811,12,8
168.818195,12,9
4.274043,12,10
44.359539,12,11
succeed
0.0,0.813005,1.230155,1.239336,0.505221,1.628235,0.504107,0.136349,1.308208,0.026667,0.637416,1.242352
1.58644,0.0,15.702459,7.79784,8.017875,22.564605,6.131096,22.687568,19.655496,0.629992,12.339576,34.379357
2.254613,19.883435,0.0,21.72244,15.723627,70.091395,13.658629,51.678429,11.944229,12.659912,21.993416,41.050088
0.904829,6.961677,32.678163,0.0,11.011251,15.469773,9.735317,18.057219,18.895717,11.550563,24.147003,20.583856
1.844485,4.647021,12.0466,2.750888,0.0,7.007725,6.718605,2.113549,2.619632,0.246784,6.051613,14.241933
0.750267,17.411192,62.189632,11.728304,4.651211,0.0,14.355877,18.958859,11.048891,1.8268,35.274957,29.314581
0.239989,15.599043,28.012901,9.256333,4.310939,17.259784,0.0,4.932267,8.102024,2.614888,14.024216,14.739493
0.264424,17.096547,6434.562933,8.341339,5.453339,45.126059,7.674453,0.0,48.980325,21.224211,65.738277,58.180541
6.458741,33.728037,26.806,18.852533,10.340117,47.915773,14.990685,72.710408,0.0,3.515283,29.985368,138.161648
0.0,0.026667,0.053333,10.381163,0.0,0.599376,0.15176,12.590448,0.152744,0.0,24.386315,2.559733
1.237552,30.690587,54.577653,23.669752,10.415763,42.788211,30.773531,48.030376,11.12032,4.842808,0.0,50.387813
3.703715,104.749779,69.212155,53.398933,29.946637,51.315888,25.166549,114.824811,168.818195,4.274043,44.359539,0.0
