4593.903017
0.986147,1,2
0.676557,1,3
0.226749,1,4
0.377376,1,5
1.167955,1,6
1.15416,1,7
0.042805,1,8
1.440509,1,9
1.057421,1,11
2.824611,1,12
0.527821,2,1
43.394691,2,3
4.580957,2,4
12.382184,2,5
24.006331,2,6
7.740272,2,7
13.825636,2,8
29.490771,2,9
0.788567,2,10
22.002893,2,11
71.217592,2,12
2.722536,3,1
34.006043,3,2
28.875805,3,4
22.041909,3,5
67.613984,3,6
22.724987,3,7
148.768883,3,8
22.682509,3,9
5.742475,3,10
43.505536,3,11
73.049995,3,12
0.314493,4,1
16.665533,4,2
92.605845,4,3
18.422029,4,5
17.036288,4,6
30.666651,4,7
14.672936,4,8
13.230653,4,9
22.423003,4,10
22.090573,4,11
35.55156,4,12
6.743421,5,1
2.835837,5,2
19.754952,5,3
2.371765,5,4
9.27692,5,6
10.698323,5,7
3.421232,5,8
4.698909,5,9
0.166189,5,10
14.935317,5,11
14.491067,5,12
0.166915,6,1
11.115373,6,2
100.346232,6,3
6.977221,6,4
5.755045,6,5
16.174803,6,7
16.847013,6,8
34.002371,6,9
0.909325,6,10
36.844965,6,11
36.744139,6,12
0.187904,7,1
4.924715,7,2
39.316797,7,3
12.779283,7,4
5.224893,7,5
50.333056,7,6
3.88324,7,8
9.778203,7,9
2.426277,7,10
16.142579,7,11
18.056053,7,12
0.121275,8,1
25.452669,8,2
129.0998,8,3
7.3274,8,4
10.873448,8,5
38.481067,8,6
10.045307,8,7
47.021104,8,9
16.643779,8,10
52.950424,8,11
117.441429,8,12
1.812853,9,1
46.395496,9,2
48.298163,9,3
22.199872,9,4
18.067083,9,5
52.670589,9,6
25.214837,9,7
60.494584,9,8
6.903211,9,10
36.854933,9,11
111.318387,9,12
3.656277,10,2
0.08,10,3
73.226664,10,4
0.151901,10,5
0.607973,10,6
12.275931,10,8
0.065595,10,9
30.330035,10,11
0.168365,10,12
8.479627,11,1
113.870325,11,2
258.753312,11,3
108.503728,11,4
70.393693,11,5
229.871576,11,6
148.869936,11,7
18.234499,11,8
54.320043,11,9
33.668,11,10
196.216699,11,12
7.38212,12,1
110.096389,12,2
91.91608,12,3
55.933427,12,4
46.883888,12,5
64.728189,12,6
27.730371,12,7
112.657488,12,8
249.315115,12,9
3.361344,12,10
62.810152,12,11
succeed
0.0,0.986147,0.676557,0.226749,0.377376,1.167955,1.15416,0.042805,1.440509,0.0,1.057421,2.824611
0.527821,0.0,43.394691,4.580957,12.382184,24.006331,7.740272,13.825636,29.490771,0.788567,22.002893,71.217592
2.722536,34.006043,0.0,28.875805,22.041909,67.613984,22.724987,148.768883,22.682509,5.742475,43.505536,73.049995
0.314493,16.665533,92.605845,0.0,18.422029,17.036288,30.666651,14.672936,13.230653,22.423003,22.090573,35.55156
6.743421,2.835837,19.754952,2.371765,0.0,9.27692,10.698323,3.421232,4.698909,0.166189,14.935317,14.491067
0.166915,11.115373,100.346232,6.977221,5.755045,0.0,16.174803,16.847013,34.002371,0.909325,36.844965,36.744139
0.187904,4.924715,39.316797,12.779283,5.224893,50.333056,0.0,3.88324,9.778203,2.426277,16.142579,18.056053
0.121275,25.452669,129.0998,7.3274,10.873448,38.481067,10.045307,0.0,47.021104,16.643779,52.950424,117.441429
1.812853,46.395496,48.298163,22.199872,18.067083,52.670589,25.214837,60.494584,0.0,6.903211,36.854933,111.318387
0.0,3.656277,0.08,73.226664,0.151901,0.607973,0.0,12.275931,0.065595,0.0,30.330035,0.168365
8.479627,113.870325,258.753312,108.503728,70.393693,229.871576,148.869936,18.234499,54.320043,33.668,0.0,196.216699
7.38212,110.096389,91.91608,55.933427,46.883888,64.728189,27.730371,112.657488,249.315115,3.361344,62.810152,0.0
