2316.019842
1.371288,1,3
1.03584,1,5
0.026667,1,6
0.026667,1,7
0.640053,1,9
0.029112,1,11
0.896565,1,12
12.492603,2,3
0.053333,2,4
42.728621,2,5
13.042877,2,6
2.979267,2,7
0.026667,2,8
5.028397,2,9
0.026667,2,10
0.601349,2,11
31.888323,2,12
16.998485,3,2
17.111864,3,4
82.634917,3,5
28.034565,3,6
10.018536,3,7
0.147469,3,8
24.798296,3,9
0.401581,3,10
1.545392,3,11
14.029547,3,12
3.265427,4,2
40.635651,4,3
21.764808,4,5
43.339603,4,6
10.439677,4,7
19.737147,4,9
5.540608,4,10
0.053333,4,11
36.80596,4,12
25.393536,5,2
0.445979,5,3
0.053333,5,4
0.026667,5,7
7.550328,5,9
0.072603,5,10
0.053333,5,11
90.208037,5,12
17.355,6,2
82.18556,6,3
12.510536,6,4
48.199469,6,5
17.01272,6,7
0.079568,6,8
24.21832,6,9
0.113163,6,10
3.069021,6,11
30.234491,6,12
1.719493,7,2
19.206104,7,3
9.784672,7,4
14.531328,7,5
5.028576,7,6
6.733795,7,9
0.211765,7,11
10.210755,7,12
30.946672,8,2
8.036293,8,3
23.629531,8,4
80.589872,8,5
0.288245,8,6
0.325096,8,7
42.862987,8,9
12.569704,8,10
20.155304,8,11
81.276549,8,12
15.345219,9,2
47.994909,9,3
35.839133,9,4
102.972323,9,5
22.559283,9,6
11.591203,9,7
0.737093,9,8
0.236112,9,10
5.901365,9,11
60.270949,9,12
0.176992,10,2
0.703371,10,3
1.950792,10,4
2.789917,10,5
0.026667,10,6
0.870824,10,7
28.066387,10,8
6.010872,10,9
46.718115,10,11
0.186667,10,12
8.298149,11,2
3.919957,11,3
1.762208,11,4
26.513093,11,5
0.348219,11,6
3.890336,11,7
17.710501,11,8
8.0742,11,9
2.455635,11,10
8.361245,11,12
141.088451,12,2
68.184667,12,3
5.461392,12,4
196.829755,12,5
44.616472,12,6
15.743123,12,7
0.133333,12,8
142.435381,12,9
0.168328,12,10
11.991637,12,11
succeed
0.0,0.0,1.371288,0.0,1.03584,0.026667,0.026667,0.0,0.640053,0.0,0.029112,0.896565
0.0,0.0,12.492603,0.053333,42.728621,13.042877,2.979267,0.026667,5.028397,0.026667,0.601349,31.888323
0.0,16.998485,0.0,17.111864,82.634917,28.034565,10.018536,0.147469,24.798296,0.401581,1.545392,14.029547
0.0,3.265427,40.635651,0.0,21.764808,43.339603,10.439677,0.0,19.737147,5.540608,0.053333,36.80596
0.0,25.393536,0.445979,0.053333,0.0,0.0,0.026667,0.0,7.550328,0.072603,0.053333,90.208037
0.0,17.355,82.18556,12.510536,48.199469,0.0,17.01272,0.079568,24.21832,0.113163,3.069021,30.234491
0.0,1.719493,19.206104,9.784672,14.531328,5.028576,0.0,0.0,6.733795,0.0,0.211765,10.210755
0.0,30.946672,8.036293,23.629531,80.589872,0.288245,0.325096,0.0,42.862987,12.569704,20.155304,81.276549
0.0,15.345219,47.994909,35.839133,102.972323,22.559283,11.591203,0.737093,0.0,0.236112,5.901365,60.270949
0.0,0.176992,0.703371,1.950792,2.789917,0.026667,0.870824,28.066387,6.010872,0.0,46.718115,0.186667
0.0,8.298149,3.919957,1.762208,26.513093,0.348219,3.890336,17.710501,8.0742,2.455635,0.0,8.361245
0.0,141.088451,68.184667,5.461392,196.829755,44.616472,15.743123,0.133333,142.435381,0.168328,11.991637,0.0
