2009.961348
0.121787,1,2
0.204517,1,3
0.026667,1,4
0.053333,1,6
0.122539,1,8
0.225005,1,9
0.362093,1,12
0.110384,2,1
8.023968,2,3
6.277571,2,4
10.900333,2,5
17.721621,2,6
2.336197,2,7
14.304088,2,8
5.010368,2,9
0.576432,2,10
9.247829,2,11
41.455405,2,12
0.117557,3,1
17.171848,3,2
3.706987,3,4
6.646864,3,5
28.896013,3,6
15.248139,3,7
16.332485,3,8
11.328368,3,9
0.523613,3,10
4.263984,3,11
15.300928,3,12
0.17792,4,1
3.665363,4,2
50.858832,4,3
20.914237,4,5
28.774683,4,6
18.770771,4,7
7.479115,4,8
12.379483,4,9
8.017285,4,10
8.938917,4,11
39.780037,4,12
0.927328,5,1
30.524587,5,2
13.458685,5,3
0.939795,5,4
2.516707,5,6
0.857613,5,7
2.800517,5,8
2.557125,5,9
0.045645,5,10
0.618872,5,11
2.211413,5,12
0.035275,6,1
9.4616,6,2
58.053251,6,3
5.456925,6,4
1.556424,6,5
7.337283,6,7
34.502283,6,8
15.335872,6,9
0.693965,6,10
4.772616,6,11
28.535093,6,12
0.026667,7,1
3.896584,7,2
24.386845,7,3
4.366733,7,4
3.127912,7,5
11.914587,7,6
3.908496,7,8
3.049712,7,9
1.655643,7,10
2.996973,7,11
5.589827,7,12
0.074531,8,1
12.301829,8,2
88.794597,8,3
10.214408,8,4
2.487123,8,5
8.302283,8,6
1.278219,8,7
35.076277,8,9
18.732949,8,10
15.712232,8,11
79.727536,8,12
0.771315,9,1
34.540195,9,2
44.754416,9,3
29.194933,9,4
3.351165,9,5
15.299557,9,6
17.729427,9,7
58.79208,9,8
0.470376,9,10
18.866656,9,11
70.330811,9,12
0.198667,10,2
8.479432,10,4
0.026667,10,5
0.294944,10,6
0.053333,10,7
31.431955,10,8
0.053333,10,9
41.003195,10,11
0.08,10,12
0.039792,11,1
8.931864,11,2
33.379077,11,3
1.100688,11,4
1.91824,11,5
11.881787,11,6
3.173085,11,7
12.530067,11,8
10.083461,11,9
2.394403,11,10
9.588899,11,12
0.362731,12,1
103.233112,12,2
91.336565,12,3
24.6612,12,4
8.302235,12,5
30.187616,12,6
8.234277,12,7
85.452693,12,8
162.234541,12,9
1.160667,12,10
26.857488,12,11
succeed
0.0,0.121787,0.204517,0.026667,0.0,0.053333,0.0,0.122539,0.225005,0.0,0.0,0.362093
0.110384,0.0,8.023968,6.277571,10.900333,17.721621,2.336197,14.304088,5.010368,0.576432,9.247829,41.455405
0.117557,17.171848,0.0,3.706987,6.646864,28.896013,15.248139,16.332485,11.328368,0.523613,4.263984,15.300928
0.17792,3.665363,50.858832,0.0,20.914237,28.774683,18.770771,7.479115,12.379483,8.017285,8.938917,39.780037
0.927328,30.524587,13.458685,0.939795,0.0,2.516707,0.857613,2.800517,2.557125,0.045645,0.618872,2.211413
0.035275,9.4616,58.053251,5.456925,1.556424,0.0,7.337283,34.502283,15.335872,0.693965,4.772616,28.535093
0.026667,3.896584,24.386845,4.366733,3.127912,11.914587,0.0,3.908496,3.049712,1.655643,2.996973,5.589827
0.074531,12.301829,88.794597,10.214408,2.487123,8.302283,1.278219,0.0,35.076277,18.732949,15.712232,79.727536
0.771315,34.540195,44.754416,29.194933,3.351165,15.299557,17.729427,58.79208,0.0,0.470376,18.866656,70.330811
0.0,0.198667,0.0,8.479432,0.026667,0.294944,0.053333,31.431955,0.053333,0.0,41.003195,0.08
0.039792,8.931864,33.379077,1.100688,1.91824,11.881787,3.173085,12.530067,10.083461,2.394403,0.0,9.588899
0.362731,103.233112,91.336565,24.6612,8.302235,30.187616,8.234277,85.452693,162.234541,1.160667,26.857488,0.0
