2001.995097
0.088677,1,3
0.026667,1,4
0.112107,1,5
0.185093,1,8
0.078667,1,11
0.081568,1,12
5.586933,2,3
4.228051,2,4
0.6426,2,5
14.78164,2,6
3.011323,2,7
14.160825,2,8
4.747653,2,9
0.155639,2,10
4.332837,2,11
34.841619,2,12
0.126149,3,1
21.52876,3,2
11.756299,3,4
4.543509,3,5
29.739656,3,6
2.680216,3,7
48.408579,3,8
11.246395,3,9
3.978125,3,10
5.061915,3,11
110.613245,3,12
0.06096,4,1
5.296411,4,2
38.541736,4,3
19.478299,4,5
15.575563,4,6
10.654888,4,7
12.159379,4,8
6.507869,4,9
4.146629,4,10
15.122171,4,11
34.091331,4,12
4.466837,5,1
6.708205,5,2
8.132648,5,3
1.567016,5,4
0.689808,5,6
1.183352,5,7
8.358867,5,8
1.054325,5,9
1.555096,5,11
1.536293,5,12
10.088832,6,2
41.788563,6,3
3.272349,6,4
2.179667,6,5
4.163429,6,7
54.687336,6,8
27.893144,6,9
0.165051,6,10
9.051819,6,11
8.822256,6,12
1.297667,7,2
11.024931,7,3
8.338083,7,4
2.217309,7,5
3.840811,7,6
8.3168,7,8
2.766605,7,9
0.094659,7,10
1.381488,7,11
10.644211,7,12
0.053376,8,1
16.866555,8,2
68.861781,8,3
4.455837,8,4
5.388075,8,5
25.131757,8,6
3.068368,8,7
68.709027,8,9
23.819632,8,10
38.08012,8,11
110.396923,8,12
0.182632,9,1
28.321387,9,2
32.840008,9,3
22.512725,9,4
3.383973,9,5
27.838797,9,6
5.623085,9,7
75.073392,9,8
1.46588,9,10
21.727525,9,11
56.171627,9,12
0.133333,10,2
0.519008,10,3
0.797232,10,4
0.029227,10,5
0.290576,10,6
0.08,10,7
32.459755,10,8
0.176128,10,9
23.910109,10,11
0.053333,10,12
7.508405,11,2
13.610517,11,3
5.750115,11,4
2.967008,11,5
7.521461,11,6
1.629341,11,7
23.993195,11,8
7.395829,11,9
4.949208,11,10
3.864085,11,12
0.026667,12,1
88.120448,12,2
33.925795,12,3
57.672664,12,4
16.797261,12,5
15.800123,12,6
4.895147,12,7
115.315109,12,8
117.057672,12,9
0.339787,12,10
28.766637,12,11
succeed
0.0,0.0,0.088677,0.026667,0.112107,0.0,0.0,0.185093,0.0,0.0,0.078667,0.081568
0.0,0.0,5.586933,4.228051,0.6426,14.78164,3.011323,14.160825,4.747653,0.155639,4.332837,34.841619
0.126149,21.52876,0.0,11.756299,4.543509,29.739656,2.680216,48.408579,11.246395,3.978125,5.061915,110.613245
0.06096,5.296411,38.541736,0.0,19.478299,15.575563,10.654888,12.159379,6.507869,4.146629,15.122171,34.091331
4.466837,6.708205,8.132648,1.567016,0.0,0.689808,1.183352,8.358867,1.054325,0.0,1.555096,1.536293
0.0,10.088832,41.788563,3.272349,2.179667,0.0,4.163429,54.687336,27.893144,0.165051,9.051819,8.822256
0.0,1.297667,11.024931,8.338083,2.217309,3.840811,0.0,8.3168,2.766605,0.094659,1.381488,10.644211
0.053376,16.866555,68.861781,4.455837,5.388075,25.131757,3.068368,0.0,68.709027,23.819632,38.08012,110.396923
0.182632,28.321387,32.840008,22.512725,3.383973,27.838797,5.623085,75.073392,0.0,1.46588,21.727525,56.171627
0.0,0.133333,0.519008,0.797232,0.029227,0.290576,0.08,32.459755,0.176128,0.0,23.910109,0.053333
0.0,7.508405,13.610517,5.750115,2.967008,7.521461,1.629341,23.993195,7.395829,4.949208,0.0,3.864085
0.026667,88.120448,33.925795,57.672664,16.797261,15.800123,4.895147,115.315109,117.057672,0.339787,28.766637,0.0
