4569.616691
0.721493,1,2
0.241592,1,3
0.026667,1,4
0.12672,1,5
0.02832,1,6
0.06704,1,7
0.134261,1,8
0.412331,1,9
0.148069,1,12
0.214269,2,1
12.873245,2,3
3.63252,2,4
7.359091,2,5
13.502427,2,6
0.620909,2,7
103.086832,2,8
13.78668,2,9
0.050804,2,10
3.597067,2,11
18.31248,2,12
0.303432,3,1
23.061619,3,2
15.669245,3,4
7.386373,3,5
22.265733,3,6
11.148085,3,7
1601.3456,3,8
7.140525,3,9
3.095771,3,10
11.415739,3,11
21.742933,3,12
0.10096,4,1
5.193707,4,2
37.159424,4,3
22.572688,4,5
29.573213,4,6
22.248811,4,7
15.520824,4,8
9.389576,4,9
19.879963,4,10
8.362475,4,11
28.250155,4,12
2.881435,5,1
4.778475,5,2
7.869787,5,3
1.916056,5,4
1.39048,5,6
3.743669,5,7
13.436339,5,8
2.825469,5,9
1.298952,5,11
11.469147,5,12
1.435005,6,1
17.477011,6,2
69.380571,6,3
7.350189,6,4
2.150155,6,5
7.014443,6,7
55.039637,6,8
13.746992,6,9
2.321896,6,10
10.34668,6,11
19.635648,6,12
3.332531,7,2
21.593501,7,3
16.421981,7,4
4.124688,7,5
13.355707,7,6
7.18836,7,8
3.0138,7,9
0.026667,7,10
2.491045,7,11
14.289064,7,12
0.683651,8,1
58.054059,8,2
95.269037,8,3
32.831485,8,4
8.256123,8,5
38.902819,8,6
3.272248,8,7
56.610413,8,9
10.648112,8,10
59.333421,8,11
89.732963,8,12
6.204744,9,1
45.702533,9,2
53.798899,9,3
34.336976,9,4
9.309277,9,5
37.447979,9,6
13.072717,9,7
92.095784,9,8
2.066672,9,10
37.170573,9,11
76.649605,9,12
0.078624,10,2
0.959952,10,3
10.949568,10,4
0.106667,10,5
1.737845,10,6
0.026667,10,7
37.417392,10,8
0.359901,10,9
21.523712,10,11
0.053333,10,12
0.026667,11,1
7.482619,11,2
13.64708,11,3
3.497893,11,4
1.221896,11,5
5.280259,11,6
4.98868,11,7
589.98328,11,8
9.517515,11,9
3.499019,11,10
6.827821,11,12
0.282621,12,1
88.040643,12,2
60.167037,12,3
57.826965,12,4
29.847309,12,5
34.503267,12,6
15.613021,12,7
129.160837,12,8
94.118421,12,9
0.414341,12,10
33.890701,12,11
succeed
0.0,0.721493,0.241592,0.026667,0.12672,0.02832,0.06704,0.134261,0.412331,0.0,0.0,0.148069
0.214269,0.0,12.873245,3.63252,7.359091,13.502427,0.620909,103.086832,13.78668,0.050804,3.597067,18.31248
0.303432,23.061619,0.0,15.669245,7.386373,22.265733,11.148085,1601.3456,7.140525,3.095771,11.415739,21.742933
0.10096,5.193707,37.159424,0.0,22.572688,29.573213,22.248811,15.520824,9.389576,19.879963,8.362475,28.250155
2.881435,4.778475,7.869787,1.916056,0.0,1.39048,3.743669,13.436339,2.825469,0.0,1.298952,11.469147
1.435005,17.477011,69.380571,7.350189,2.150155,0.0,7.014443,55.039637,13.746992,2.321896,10.34668,19.635648
0.0,3.332531,21.593501,16.421981,4.124688,13.355707,0.0,7.18836,3.0138,0.026667,2.491045,14.289064
0.683651,58.054059,95.269037,32.831485,8.256123,38.902819,3.272248,0.0,56.610413,10.648112,59.333421,89.732963
6.204744,45.702533,53.798899,34.336976,9.309277,37.447979,13.072717,92.095784,0.0,2.066672,37.170573,76.649605
0.0,0.078624,0.959952,10.949568,0.106667,1.737845,0.026667,37.417392,0.359901,0.0,21.523712,0.053333
0.026667,7.482619,13.64708,3.497893,1.221896,5.280259,4.98868,589.98328,9.517515,3.499019,0.0,6.827821
0.282621,88.040643,60.167037,57.826965,29.847309,34.503267,15.613021,129.160837,94.118421,0.414341,33.890701,0.0
