4023.809095
0.542552,1,2
1.199421,1,3
1.083067,1,5
0.466549,1,6
0.175477,1,7
1.110611,1,9
5.298792,1,12
23.615475,2,3
0.026667,2,4
56.445661,2,5
35.631963,2,6
7.690912,2,7
24.922605,2,9
0.037995,2,10
0.540544,2,11
80.454696,2,12
42.998059,3,2
21.275037,3,4
119.823709,3,5
69.303821,3,6
21.326107,3,7
0.548443,3,8
65.141669,3,9
0.053333,3,10
1.260251,3,11
55.642915,3,12
21.919072,4,2
62.720181,4,3
56.654963,4,5
31.676733,4,6
16.38984,4,7
20.293064,4,9
9.779779,4,10
0.334027,4,11
49.602067,4,12
44.062611,5,2
2.909291,5,3
0.08,5,6
1.382264,5,7
8.371656,5,9
0.026667,5,10
0.13696,5,11
121.340352,5,12
16.554928,6,2
156.730107,6,3
10.292619,6,4
82.622189,6,5
40.695659,6,7
0.189525,6,8
62.101885,6,9
0.168427,6,10
2.145853,6,11
43.747448,6,12
6.320363,7,2
33.974968,7,3
9.324429,7,4
14.060355,7,5
27.719616,7,6
13.714301,7,9
0.026667,7,10
0.387843,7,11
20.489877,7,12
35.501029,8,2
16.380715,8,3
27.88508,8,4
211.126024,8,5
0.226243,8,6
0.202013,8,7
77.190968,8,9
15.721544,8,10
32.074427,8,11
105.055517,8,12
53.286907,9,2
103.695741,9,3
36.541131,9,4
171.79804,9,5
90.278728,9,6
31.171499,9,7
1.622771,9,8
0.053333,9,10
6.109944,9,11
164.915373,9,12
1.648864,10,2
0.652723,10,3
22.891083,10,4
6.234605,10,5
0.026667,10,6
1.251667,10,7
37.266555,10,8
7.300792,10,9
52.821211,10,11
1.912645,10,12
12.018365,11,2
23.222661,11,3
7.971053,11,4
45.506683,11,5
0.296275,11,6
3.903957,11,7
28.930947,11,8
15.814469,11,9
14.06,11,10
31.616523,11,12
80.069624,12,2
97.856725,12,3
3.899427,12,4
360.585227,12,5
83.544712,12,6
33.033083,12,7
0.104968,12,8
236.760909,12,9
0.258112,12,10
5.948619,12,11
succeed
0.0,0.542552,1.199421,0.0,1.083067,0.466549,0.175477,0.0,1.110611,0.0,0.0,5.298792
0.0,0.0,23.615475,0.026667,56.445661,35.631963,7.690912,0.0,24.922605,0.037995,0.540544,80.454696
0.0,42.998059,0.0,21.275037,119.823709,69.303821,21.326107,0.548443,65.141669,0.053333,1.260251,55.642915
0.0,21.919072,62.720181,0.0,56.654963,31.676733,16.38984,0.0,20.293064,9.779779,0.334027,49.602067
0.0,44.062611,2.909291,0.0,0.0,0.08,1.382264,0.0,8.371656,0.026667,0.13696,121.340352
0.0,16.554928,156.730107,10.292619,82.622189,0.0,40.695659,0.189525,62.101885,0.168427,2.145853,43.747448
0.0,6.320363,33.974968,9.324429,14.060355,27.719616,0.0,0.0,13.714301,0.026667,0.387843,20.489877
0.0,35.501029,16.380715,27.88508,211.126024,0.226243,0.202013,0.0,77.190968,15.721544,32.074427,105.055517
0.0,53.286907,103.695741,36.541131,171.79804,90.278728,31.171499,1.622771,0.0,0.053333,6.109944,164.915373
0.0,1.648864,0.652723,22.891083,6.234605,0.026667,1.251667,37.266555,7.300792,0.0,52.821211,1.912645
0.0,12.018365,23.222661,7.971053,45.506683,0.296275,3.903957,28.930947,15.814469,14.06,0.0,31.616523
0.0,80.069624,97.856725,3.899427,360.585227,83.544712,33.033083,0.104968,236.760909,0.258112,5.948619,0.0
