3104.456709
0.152016,1,2
0.345376,1,3
0.171995,1,4
0.534197,1,5
0.679333,1,7
0.087541,1,8
0.244181,1,9
0.026667,1,11
1.848941,1,12
0.323861,2,1
19.138531,2,3
4.577483,2,4
16.113475,2,5
19.433021,2,6
24.128667,2,7
16.096569,2,8
18.410256,2,9
1.857799,2,10
6.108888,2,11
44.576139,2,12
0.578083,3,1
22.961995,3,2
34.387344,3,4
7.323213,3,5
41.475819,3,6
13.910112,3,7
77.125653,3,8
38.192595,3,9
1.184629,3,10
6.536643,3,11
41.718773,3,12
5.687376,4,1
21.485048,4,2
60.090488,4,3
16.090792,4,5
36.977048,4,6
33.179571,4,7
19.904477,4,8
17.783696,4,9
27.393395,4,10
23.106211,4,11
35.14352,4,12
3.68828,5,1
30.058896,5,2
17.962992,5,3
1.491832,5,4
6.063181,5,6
2.927037,5,7
7.807096,5,8
3.224571,5,9
0.43696,5,10
3.33668,5,11
5.176485,5,12
0.226997,6,1
15.610717,6,2
69.212395,6,3
12.57036,6,4
5.64028,6,5
18.477192,6,7
15.718021,6,8
40.45052,6,9
1.139309,6,10
17.660915,6,11
34.729485,6,12
0.563587,7,1
3.406107,7,2
25.894192,7,3
10.478283,7,4
9.891456,7,5
16.865563,7,6
6.349848,7,8
6.675099,7,9
3.874091,7,10
3.987733,7,11
13.818272,7,12
0.183547,8,1
30.956925,8,2
197.764512,8,3
28.379355,8,4
11.283976,8,5
27.328496,8,6
6.440899,8,7
51.375005,8,9
14.954616,8,10
53.613965,8,11
38.812189,8,12
10.394792,9,1
51.758051,9,2
87.062661,9,3
32.68268,9,4
18.072859,9,5
37.515552,9,6
14.393301,9,7
82.366051,9,8
2.232955,9,10
28.401269,9,11
141.143651,9,12
0.050427,10,1
0.615387,10,2
0.821291,10,3
10.165248,10,4
0.180651,10,5
3.353107,10,6
0.508051,10,7
36.127957,10,8
2.861309,10,9
31.479661,10,11
0.414245,10,12
0.201107,11,1
18.100397,11,2
31.192939,11,3
5.177347,11,4
4.454536,11,5
15.396605,11,6
5.553301,11,7
19.140747,11,8
14.120104,11,9
4.719944,11,10
19.146333,11,12
11.877285,12,1
171.940821,12,2
101.815376,12,3
56.470192,12,4
70.883403,12,5
52.128448,12,6
23.660355,12,7
46.698965,12,8
160.830819,12,9
2.719547,12,10
42.027648,12,11
succeed
0.0,0.152016,0.345376,0.171995,0.534197,0.0,0.679333,0.087541,0.244181,0.0,0.026667,1.848941
0.323861,0.0,19.138531,4.577483,16.113475,19.433021,24.128667,16.096569,18.410256,1.857799,6.108888,44.576139
0.578083,22.961995,0.0,34.387344,7.323213,41.475819,13.910112,77.125653,38.192595,1.184629,6.536643,41.718773
5.687376,21.485048,60.090488,0.0,16.090792,36.977048,33.179571,19.904477,17.783696,27.393395,23.106211,35.14352
3.68828,30.058896,17.962992,1.491832,0.0,6.063181,2.927037,7.807096,3.224571,0.43696,3.33668,5.176485
0.226997,15.610717,69.212395,12.57036,5.64028,0.0,18.477192,15.718021,40.45052,1.139309,17.660915,34.729485
0.563587,3.406107,25.894192,10.478283,9.891456,16.865563,0.0,6.349848,6.675099,3.874091,3.987733,13.818272
0.183547,30.956925,197.764512,28.379355,11.283976,27.328496,6.440899,0.0,51.375005,14.954616,53.613965,38.812189
10.394792,51.758051,87.062661,32.68268,18.072859,37.515552,14.393301,82.366051,0.0,2.232955,28.401269,141.143651
0.050427,0.615387,0.821291,10.165248,0.180651,3.353107,0.508051,36.127957,2.861309,0.0,31.479661,0.414245
0.201107,18.100397,31.192939,5.177347,4.454536,15.396605,5.553301,19.140747,14.120104,4.719944,0.0,19.146333
11.877285,171.940821,101.815376,56.470192,70.883403,52.128448,23.660355,46.698965,160.830819,2.719547,42.027648,0.0
