2282.059294
0.439344,1,2
1.867821,1,3
0.084355,1,4
0.251933,1,5
0.217723,1,6
0.357205,1,7
0.079509,1,8
0.258405,1,9
0.028091,1,10
0.122144,1,11
0.824579,1,12
0.403155,2,1
12.431693,2,3
6.968245,2,4
4.289869,2,5
7.337901,2,6
3.939677,2,7
8.350887,2,8
11.242693,2,9
0.484345,2,10
3.928037,2,11
27.651005,2,12
0.065261,3,1
8.684024,3,2
9.117467,3,4
14.994499,3,5
10.94372,3,6
7.023957,3,7
23.744688,3,8
6.291605,3,9
1.758232,3,10
4.108557,3,11
9.297373,3,12
0.026667,4,1
6.059403,4,2
65.711645,4,3
12.967045,4,5
23.890912,4,6
15.881528,4,7
6.333712,4,8
15.225541,4,9
8.041859,4,10
9.884411,4,11
56.038747,4,12
2.057355,5,1
5.415925,5,2
19.428765,5,3
1.760816,5,4
4.045165,5,6
1.427235,5,7
43.959392,5,8
5.447309,5,9
1.949285,5,10
1.096616,5,11
6.690968,5,12
0.693451,6,1
8.209728,6,2
74.595784,6,3
16.073944,6,4
5.044933,6,5
9.783104,6,7
83.169883,6,8
16.700659,6,9
1.884157,6,10
8.615123,6,11
29.014493,6,12
0.540584,7,1
6.175293,7,2
25.700848,7,3
8.774075,7,4
2.471856,7,5
12.565163,7,6
4.822699,7,8
7.589696,7,9
0.458944,7,10
2.441827,7,11
11.278493,7,12
0.419832,8,1
31.425373,8,2
66.35908,8,3
10.573667,8,4
44.185248,8,5
23.789941,8,6
9.432435,8,7
37.751344,8,9
8.099992,8,10
16.291072,8,11
40.34476,8,12
1.464435,9,1
20.580149,9,2
72.321573,9,3
34.92976,9,4
21.395179,9,5
41.981477,9,6
13.85296,9,7
51.150669,9,8
3.161008,9,10
21.128336,9,11
61.813648,9,12
0.12764,10,1
0.232123,10,2
1.937472,10,3
8.739635,10,4
0.268299,10,5
0.649331,10,6
0.330115,10,7
47.034896,10,8
1.178083,10,9
56.635296,10,11
1.355557,10,12
0.182043,11,1
7.922291,11,2
53.974779,11,3
5.084251,11,4
3.257064,11,5
18.254715,11,6
5.084837,11,7
25.528165,11,8
16.162987,11,9
11.484992,11,10
9.558115,11,12
0.067765,12,1
75.091949,12,2
73.854653,12,3
41.701059,12,4
17.419056,12,5
31.555573,12,6
18.610005,12,7
60.257168,12,8
171.120885,12,9
1.744952,12,10
45.668568,12,11
succeed
0.0,0.439344,1.867821,0.084355,0.251933,0.217723,0.357205,0.079509,0.258405,0.028091,0.122144,0.824579
0.403155,0.0,12.431693,6.968245,4.289869,7.337901,3.939677,8.350887,11.242693,0.484345,3.928037,27.651005
0.065261,8.684024,0.0,9.117467,14.994499,10.94372,7.023957,23.744688,6.291605,1.758232,4.108557,9.297373
0.026667,6.059403,65.711645,0.0,12.967045,23.890912,15.881528,6.333712,15.225541,8.041859,9.884411,56.038747
2.057355,5.415925,19.428765,1.760816,0.0,4.045165,1.427235,43.959392,5.447309,1.949285,1.096616,6.690968
0.693451,8.209728,74.595784,16.073944,5.044933,0.0,9.783104,83.169883,16.700659,1.884157,8.615123,29.014493
0.540584,6.175293,25.700848,8.774075,2.471856,12.565163,0.0,4.822699,7.589696,0.458944,2.441827,11.278493
0.419832,31.425373,66.35908,10.573667,44.185248,23.789941,9.432435,0.0,37.751344,8.099992,16.291072,40.34476
1.464435,20.580149,72.321573,34.92976,21.395179,41.981477,13.85296,51.150669,0.0,3.161008,21.128336,61.813648
0.12764,0.232123,1.937472,8.739635,0.268299,0.649331,0.330115,47.034896,1.178083,0.0,56.635296,1.355557
0.182043,7.922291,53.974779,5.084251,3.257064,18.254715,5.084837,25.528165,16.162987,11.484992,0.0,9.558115
0.067765,75.091949,73.854653,41.701059,17.419056,31.555573,18.610005,60.257168,171.120885,1.744952,45.668568,0.0
