2166.27482
0.063659,1,2
0.026667,1,3
0.117765,1,5
0.028363,1,7
0.08,1,8
0.503968,1,12
0.257112,2,1
7.464589,2,3
1.458995,2,4
28.671704,2,5
11.190653,2,6
0.666765,2,7
12.898885,2,8
4.602045,2,9
0.042781,2,10
1.461741,2,11
27.333688,2,12
0.036048,3,1
18.482931,3,2
9.02712,3,4
6.879152,3,5
43.179059,3,6
5.538477,3,7
29.203069,3,8
104.006373,3,9
0.616643,3,10
3.331629,3,11
16.914056,3,12
0.04896,4,1
7.980496,4,2
46.805096,4,3
25.106472,4,5
27.603291,4,6
21.190733,4,7
16.387056,4,8
30.847555,4,9
13.504075,4,10
19.25996,4,11
43.205365,4,12
4.013771,5,1
24.131405,5,2
12.898355,5,3
2.166288,5,4
1.997507,5,6
1.069957,5,7
1.962189,5,8
2.322936,5,9
0.132453,5,10
3.939915,5,11
6.510608,5,12
0.026667,6,1
19.79568,6,2
23.336141,6,3
3.303139,6,4
0.869917,6,5
1.579432,6,7
27.428605,6,8
45.56652,6,9
0.238499,6,10
9.368939,6,11
14.050475,6,12
1.046256,7,2
8.271877,7,3
9.738416,7,4
17.269792,7,5
9.469864,7,6
6.055379,7,8
10.349819,7,9
1.052736,7,10
1.566744,7,11
5.727227,7,12
0.435629,8,1
15.120936,8,2
35.289392,8,3
7.625453,8,4
6.717728,8,5
30.252136,8,6
6.690883,8,7
101.278435,8,9
9.295389,8,10
22.897779,8,11
82.921173,8,12
0.085629,9,1
14.212909,9,2
56.728411,9,3
23.510523,9,4
7.740352,9,5
29.85244,9,6
9.867075,9,7
40.981288,9,8
1.681456,9,10
15.001379,9,11
71.682483,9,12
0.026667,10,2
0.308005,10,3
0.300539,10,4
9.305592,10,5
0.185397,10,6
34.435029,10,8
0.487925,10,9
39.216336,10,11
0.087341,10,12
0.026667,11,1
6.308459,11,2
5.338056,11,3
1.466661,11,4
3.187403,11,5
5.794195,11,6
1.931853,11,7
16.296059,11,8
24.666859,11,9
3.490451,11,10
11.94232,11,12
0.053547,12,1
102.065629,12,2
66.356416,12,3
51.864947,12,4
6.845645,12,5
50.648171,12,6
16.098221,12,7
95.780477,12,8
125.818403,12,9
4.443637,12,10
28.348531,12,11
succeed
0.0,0.063659,0.026667,0.0,0.117765,0.0,0.028363,0.08,0.0,0.0,0.0,0.503968
0.257112,0.0,7.464589,1.458995,28.671704,11.190653,0.666765,12.898885,4.602045,0.042781,1.461741,27.333688
0.036048,18.482931,0.0,9.02712,6.879152,43.179059,5.538477,29.203069,104.006373,0.616643,3.331629,16.914056
0.04896,7.980496,46.805096,0.0,25.106472,27.603291,21.190733,16.387056,30.847555,13.504075,19.25996,43.205365
4.013771,24.131405,12.898355,2.166288,0.0,1.997507,1.069957,1.962189,2.322936,0.132453,3.939915,6.510608
0.026667,19.79568,23.336141,3.303139,0.869917,0.0,1.579432,27.428605,45.56652,0.238499,9.368939,14.050475
0.0,1.046256,8.271877,9.738416,17.269792,9.469864,0.0,6.055379,10.349819,1.052736,1.566744,5.727227
0.435629,15.120936,35.289392,7.625453,6.717728,30.252136,6.690883,0.0,101.278435,9.295389,22.897779,82.921173
0.085629,14.212909,56.728411,23.510523,7.740352,29.85244,9.867075,40.981288,0.0,1.681456,15.001379,71.682483
0.0,0.026667,0.308005,0.300539,9.305592,0.185397,0.0,34.435029,0.487925,0.0,39.216336,0.087341
0.026667,6.308459,5.338056,1.466661,3.187403,5.794195,1.931853,16.296059,24.666859,3.490451,0.0,11.94232
0.053547,102.065629,66.356416,51.864947,6.845645,50.648171,16.098221,95.780477,125.818403,4.443637,28.348531,0.0
