2163.186404
1.224608,1,2
0.095605,1,3
0.026667,1,4
0.060616,1,5
0.705157,1,6
1.697893,1,7
0.94208,1,8
1.166365,1,9
0.026667,1,11
1.416296,1,12
0.162117,2,1
87.023,2,3
3.852355,2,4
6.397856,2,5
11.311925,2,6
0.611224,2,7
10.347327,2,8
6.745093,2,9
0.438228,2,10
4.218901,2,11
26.374157,2,12
0.053333,3,1
6.994915,3,2
32.154536,3,4
8.361613,3,5
27.240059,3,6
2.490205,3,7
37.287339,3,8
5.012387,3,9
1.707624,3,10
10.854355,3,11
38.814827,3,12
0.069067,4,1
2.249192,4,2
47.990736,4,3
14.820208,4,5
34.009597,4,6
14.736768,4,7
7.459483,4,8
15.509915,4,9
22.404243,4,10
26.518576,4,11
39.701939,4,12
0.392672,5,1
15.414693,5,2
9.080917,5,3
0.655544,5,4
1.226035,5,6
1.025835,5,7
18.51,5,8
2.467824,5,9
0.026667,5,10
3.03188,5,11
4.1104,5,12
0.058259,6,1
9.94492,6,2
57.092861,6,3
7.360016,6,4
16.024117,6,5
9.68324,6,7
20.945085,6,8
17.934349,6,9
1.866293,6,10
9.315024,6,11
17.818907,6,12
0.441867,7,1
2.523413,7,2
11.712925,7,3
8.580035,7,4
3.490296,7,5
12.485469,7,6
4.437133,7,8
2.432469,7,9
2.511701,7,10
4.825701,7,11
8.874341,7,12
0.18236,8,1
19.9584,8,2
73.898931,8,3
9.358008,8,4
17.313469,8,5
23.555499,8,6
5.143827,8,7
55.199845,8,9
15.253259,8,10
31.431459,8,11
102.091725,8,12
2.387667,9,1
19.208776,9,2
56.385763,9,3
21.598011,9,4
6.635779,9,5
25.7356,9,6
6.273539,9,7
52.095245,9,8
2.816576,9,10
12.844915,9,11
57.106472,9,12
0.040704,10,3
8.630603,10,4
0.026667,10,5
0.147389,10,6
35.58812,10,8
0.090517,10,9
28.576019,10,11
0.079813,10,12
0.250296,11,1
6.320925,11,2
11.206293,11,3
4.625091,11,4
2.085971,11,5
3.034653,11,6
1.634637,11,7
29.777069,11,8
6.926488,11,9
3.363728,11,10
11.666184,11,12
1.231661,12,1
106.131285,12,2
34.36488,12,3
69.035152,12,4
15.146053,12,5
39.22528,12,6
12.018528,12,7
114.117165,12,8
112.033627,12,9
3.091944,12,10
38.658595,12,11
succeed
0.0,1.224608,0.095605,0.026667,0.060616,0.705157,1.697893,0.94208,1.166365,0.0,0.026667,1.416296
0.162117,0.0,87.023,3.852355,6.397856,11.311925,0.611224,10.347327,6.745093,0.438228,4.218901,26.374157
0.053333,6.994915,0.0,32.154536,8.361613,27.240059,2.490205,37.287339,5.012387,1.707624,10.854355,38.814827
0.069067,2.249192,47.990736,0.0,14.820208,34.009597,14.736768,7.459483,15.509915,22.404243,26.518576,39.701939
0.392672,15.414693,9.080917,0.655544,0.0,1.226035,1.025835,18.51,2.467824,0.026667,3.03188,4.1104
0.058259,9.94492,57.092861,7.360016,16.024117,0.0,9.68324,20.945085,17.934349,1.866293,9.315024,17.818907
0.441867,2.523413,11.712925,8.580035,3.490296,12.485469,0.0,4.437133,2.432469,2.511701,4.825701,8.874341
0.18236,19.9584,73.898931,9.358008,17.313469,23.555499,5.143827,0.0,55.199845,15.253259,31.431459,102.091725
2.387667,19.208776,56.385763,21.598011,6.635779,25.7356,6.273539,52.095245,0.0,2.816576,12.844915,57.106472
0.0,0.0,0.040704,8.630603,0.026667,0.147389,0.0,35.58812,0.090517,0.0,28.576019,0.079813
0.250296,6.320925,11.206293,4.625091,2.085971,3.034653,1.634637,29.777069,6.926488,3.363728,0.0,11.666184
1.231661,106.131285,34.36488,69.035152,15.146053,39.22528,12.018528,114.117165,112.033627,3.091944,38.658595,0.0
