3434.040257
1.505587,1,2
3.826683,1,3
0.380933,1,4
0.349133,1,5
0.865179,1,6
3.03984,1,7
0.478269,1,8
4.592392,1,9
0.026667,1,10
0.247613,1,11
3.57436,1,12
1.365747,2,1
22.722469,2,3
6.01288,2,4
7.818411,2,5
24.04268,2,6
11.619467,2,7
18.881657,2,8
20.954392,2,9
2.119108,2,10
7.232504,2,11
88.65748,2,12
0.178432,3,1
15.701707,3,2
14.529085,3,4
19.934435,3,5
19.007984,3,6
14.380795,3,7
19.735053,3,8
6.385043,3,9
10.717051,3,10
7.915627,3,11
20.12968,3,12
0.541043,4,1
11.111904,4,2
64.789637,4,3
13.884491,4,5
35.195101,4,6
17.287312,4,7
4.631595,4,8
16.028435,4,9
10.936496,4,10
28.502925,4,11
54.439709,4,12
0.414128,5,1
7.517691,5,2
43.837387,5,3
6.303013,5,4
9.899427,5,6
6.527931,5,7
102.533523,5,8
7.283328,5,9
1.281165,5,10
3.545752,5,11
10.621693,5,12
7.87612,6,1
33.340763,6,2
123.060613,6,3
12.356445,6,4
27.120341,6,5
20.251293,6,7
17.174405,6,8
34.581957,6,9
7.024752,6,10
41.500632,6,11
56.747579,6,12
7.666768,7,1
21.839219,7,2
40.352064,7,3
8.186728,7,4
5.333869,7,5
22.677768,7,6
5.186573,7,8
10.067645,7,9
3.340355,7,10
5.345547,7,11
14.708653,7,12
1.838725,8,1
29.095811,8,2
133.977571,8,3
11.495392,8,4
15.286432,8,5
39.699725,8,6
9.348608,8,7
56.357755,8,9
9.675613,8,10
23.799624,8,11
60.006189,8,12
1.527275,9,1
49.109229,9,2
99.682456,9,3
41.845776,9,4
27.745749,9,5
60.884728,9,6
31.406312,9,7
50.770672,9,8
10.910549,9,10
41.559221,9,11
132.352995,9,12
0.038037,10,1
1.028053,10,2
5.504547,10,3
31.697736,10,4
1.116493,10,5
9.869093,10,6
1.527131,10,7
29.543696,10,8
3.603483,10,9
46.173429,10,11
2.167387,10,12
0.493355,11,1
11.887032,11,2
93.301739,11,3
9.261349,11,4
11.703795,11,5
27.654117,11,6
5.769408,11,7
31.930376,11,8
24.730731,11,9
9.231579,11,10
21.957293,11,12
3.626008,12,1
125.304597,12,2
101.950973,12,3
57.004341,12,4
32.028749,12,5
43.392435,12,6
22.078043,12,7
82.585589,12,8
223.177925,12,9
9.031248,12,10
53.511965,12,11
succeed
0.0,1.505587,3.826683,0.380933,0.349133,0.865179,3.03984,0.478269,4.592392,0.026667,0.247613,3.57436
1.365747,0.0,22.722469,6.01288,7.818411,24.04268,11.619467,18.881657,20.954392,2.119108,7.232504,88.65748
0.178432,15.701707,0.0,14.529085,19.934435,19.007984,14.380795,19.735053,6.385043,10.717051,7.915627,20.12968
0.541043,11.111904,64.789637,0.0,13.884491,35.195101,17.287312,4.631595,16.028435,10.936496,28.502925,54.439709
0.414128,7.517691,43.837387,6.303013,0.0,9.899427,6.527931,102.533523,7.283328,1.281165,3.545752,10.621693
7.87612,33.340763,123.060613,12.356445,27.120341,0.0,20.251293,17.174405,34.581957,7.024752,41.500632,56.747579
7.666768,21.839219,40.352064,8.186728,5.333869,22.677768,0.0,5.186573,10.067645,3.340355,5.345547,14.708653
1.838725,29.095811,133.977571,11.495392,15.286432,39.699725,9.348608,0.0,56.357755,9.675613,23.799624,60.006189
1.527275,49.109229,99.682456,41.845776,27.745749,60.884728,31.406312,50.770672,0.0,10.910549,41.559221,132.352995
0.038037,1.028053,5.504547,31.697736,1.116493,9.869093,1.527131,29.543696,3.603483,0.0,46.173429,2.167387
0.493355,11.887032,93.301739,9.261349,11.703795,27.654117,5.769408,31.930376,24.730731,9.231579,0.0,21.957293
3.626008,125.304597,101.950973,57.004341,32.028749,43.392435,22.078043,82.585589,223.177925,9.031248,53.511965,0.0
