1621.87597
0.073931,1,3
0.085219,1,4
0.026667,1,5
0.082883,1,7
0.026667,1,8
0.026667,1,11
1.797533,1,12
0.221683,2,1
1.857469,2,3
5.232003,2,4
1.020083,2,5
16.390664,2,6
0.683355,2,7
17.81,2,8
6.835597,2,9
0.111301,2,10
3.551312,2,11
22.836701,2,12
0.026667,3,1
5.118213,3,2
10.949341,3,4
3.349072,3,5
27.974685,3,6
3.255501,3,7
32.64864,3,8
2.703651,3,9
0.889325,3,10
3.829357,3,11
13.585024,3,12
0.102152,4,1
1.493128,4,2
51.167304,4,3
14.855584,4,5
28.106733,4,6
17.798688,4,7
8.490981,4,8
11.285005,4,9
6.803563,4,10
8.004235,4,11
29.141795,4,12
0.104085,5,1
2.329571,5,2
4.899739,5,3
0.967725,5,4
4.414763,5,6
2.918659,5,7
6.670125,5,8
5.768275,5,9
0.026667,5,10
1.323589,5,11
2.211451,5,12
0.026667,6,1
10.514827,6,2
26.073917,6,3
7.900997,6,4
0.934544,6,5
10.353944,6,7
12.944797,6,8
8.794125,6,9
0.799224,6,10
7.883141,6,11
12.174243,6,12
1.004288,7,2
7.737347,7,3
10.254517,7,4
3.107632,7,5
8.880448,7,6
8.183021,7,8
2.187597,7,9
1.746733,7,10
8.011744,7,11
8.361061,7,12
0.283024,8,1
22.614997,8,2
54.461944,8,3
7.819699,8,4
2.435677,8,5
9.485197,8,6
6.831899,8,7
15.652077,8,9
12.195688,8,10
36.942136,8,11
77.480203,8,12
0.449496,9,1
8.623947,9,2
8.00504,9,3
25.744221,9,4
2.259869,9,5
15.52112,9,6
7.227192,9,7
59.193123,9,8
0.404595,9,10
12.097125,9,11
24.447253,9,12
0.0368,10,2
2.932469,10,4
0.032171,10,5
0.166283,10,6
32.436149,10,8
0.113088,10,9
23.168147,10,11
5.348312,11,2
9.956163,11,3
3.075347,11,4
2.792069,11,5
2.17136,11,6
1.129045,11,7
29.684888,11,8
5.516579,11,9
1.923235,11,10
6.448069,11,12
0.816067,12,1
64.248539,12,2
41.314968,12,3
47.103157,12,4
13.004976,12,5
38.283059,12,6
12.784421,12,7
188.776451,12,8
95.762837,12,9
7.366069,12,10
25.551888,12,11
succeed
0.0,0.0,0.073931,0.085219,0.026667,0.0,0.082883,0.026667,0.0,0.0,0.026667,1.797533
0.221683,0.0,1.857469,5.232003,1.020083,16.390664,0.683355,17.81,6.835597,0.111301,3.551312,22.836701
0.026667,5.118213,0.0,10.949341,3.349072,27.974685,3.255501,32.64864,2.703651,0.889325,3.829357,13.585024
0.102152,1.493128,51.167304,0.0,14.855584,28.106733,17.798688,8.490981,11.285005,6.803563,8.004235,29.141795
0.104085,2.329571,4.899739,0.967725,0.0,4.414763,2.918659,6.670125,5.768275,0.026667,1.323589,2.211451
0.026667,10.514827,26.073917,7.900997,0.934544,0.0,10.353944,12.944797,8.794125,0.799224,7.883141,12.174243
0.0,1.004288,7.737347,10.254517,3.107632,8.880448,0.0,8.183021,2.187597,1.746733,8.011744,8.361061
0.283024,22.614997,54.461944,7.819699,2.435677,9.485197,6.831899,0.0,15.652077,12.195688,36.942136,77.480203
0.449496,8.623947,8.00504,25.744221,2.259869,15.52112,7.227192,59.193123,0.0,0.404595,12.097125,24.447253
0.0,0.0368,0.0,2.932469,0.032171,0.166283,0.0,32.436149,0.113088,0.0,23.168147,0.0
0.0,5.348312,9.956163,3.075347,2.792069,2.17136,1.129045,29.684888,5.516579,1.923235,0.0,6.448069
0.816067,64.248539,41.314968,47.103157,13.004976,38.283059,12.784421,188.776451,95.762837,7.366069,25.551888,0.0
