3717.396508
0.217421,1,2
0.239381,1,3
0.179776,1,4
0.177477,1,5
0.528725,1,6
0.066552,1,7
0.605053,1,8
0.980061,1,9
0.089645,1,10
0.026667,1,11
1.595272,1,12
0.775544,2,1
19.891779,2,3
9.037411,2,4
6.870421,2,5
24.720752,2,6
6.784995,2,7
21.755216,2,8
14.592965,2,9
2.424485,2,10
6.804749,2,11
54.812949,2,12
1.156216,3,1
22.612616,3,2
23.130627,3,4
47.321371,3,5
56.593997,3,6
29.153944,3,7
82.388851,3,8
31.423072,3,9
5.762501,3,10
18.230291,3,11
46.577837,3,12
0.08,4,1
6.782475,4,2
78.271584,4,3
21.745581,4,5
34.510971,4,6
20.790995,4,7
36.652077,4,8
19.417624,4,9
15.503027,4,10
14.983645,4,11
50.20692,4,12
1.391941,5,1
5.616373,5,2
23.214821,5,3
4.706837,5,4
16.179595,5,6
3.673808,5,7
8.793696,5,8
9.55812,5,9
2.177763,5,10
7.426917,5,11
16.580267,5,12
4.004323,6,1
15.630485,6,2
160.388083,6,3
16.068765,6,4
15.792811,6,5
32.293307,6,7
28.422789,6,8
44.387315,6,9
7.617341,6,10
18.952909,6,11
42.680597,6,12
0.223141,7,1
19.057712,7,2
36.237944,7,3
12.103885,7,4
4.366096,7,5
18.663267,7,6
7.851139,7,8
10.912579,7,9
2.23256,7,10
3.332109,7,11
7.377139,7,12
1.910557,8,1
21.416125,8,2
146.952771,8,3
32.703067,8,4
16.619533,8,5
60.782133,8,6
19.822307,8,7
56.365909,8,9
15.488157,8,10
34.710669,8,11
65.291229,8,12
2.758363,9,1
48.454824,9,2
98.280325,9,3
61.62652,9,4
28.133467,9,5
53.861088,9,6
37.705587,9,7
83.879976,9,8
15.535829,9,10
50.351131,9,11
140.175235,9,12
1.107328,10,2
4.514877,10,3
8.964435,10,4
3.271083,10,5
2.438027,10,6
0.619835,10,7
40.392379,10,8
2.212211,10,9
55.285075,10,11
1.297557,10,12
0.733547,11,1
30.039373,11,2
51.412544,11,3
7.274403,11,4
8.433952,11,5
23.559371,11,6
11.554392,11,7
33.756152,11,8
19.804221,11,9
14.306093,11,10
16.681357,11,12
1.295669,12,1
166.176853,12,2
123.638344,12,3
65.470043,12,4
59.817947,12,5
61.88056,12,6
32.578523,12,7
78.569203,12,8
184.389728,12,9
20.654248,12,10
48.052424,12,11
succeed
0.0,0.217421,0.239381,0.179776,0.177477,0.528725,0.066552,0.605053,0.980061,0.089645,0.026667,1.595272
0.775544,0.0,19.891779,9.037411,6.870421,24.720752,6.784995,21.755216,14.592965,2.424485,6.804749,54.812949
1.156216,22.612616,0.0,23.130627,47.321371,56.593997,29.153944,82.388851,31.423072,5.762501,18.230291,46.577837
0.08,6.782475,78.271584,0.0,21.745581,34.510971,20.790995,36.652077,19.417624,15.503027,14.983645,50.20692
1.391941,5.616373,23.214821,4.706837,0.0,16.179595,3.673808,8.793696,9.55812,2.177763,7.426917,16.580267
4.004323,15.630485,160.388083,16.068765,15.792811,0.0,32.293307,28.422789,44.387315,7.617341,18.952909,42.680597
0.223141,19.057712,36.237944,12.103885,4.366096,18.663267,0.0,7.851139,10.912579,2.23256,3.332109,7.377139
1.910557,21.416125,146.952771,32.703067,16.619533,60.782133,19.822307,0.0,56.365909,15.488157,34.710669,65.291229
2.758363,48.454824,98.280325,61.62652,28.133467,53.861088,37.705587,83.879976,0.0,15.535829,50.351131,140.175235
0.0,1.107328,4.514877,8.964435,3.271083,2.438027,0.619835,40.392379,2.212211,0.0,55.285075,1.297557
0.733547,30.039373,51.412544,7.274403,8.433952,23.559371,11.554392,33.756152,19.804221,14.306093,0.0,16.681357
1.295669,166.176853,123.638344,65.470043,59.817947,61.88056,32.578523,78.569203,184.389728,20.654248,48.052424,0.0
