1837.822829
0.141653,1,3
0.026667,1,4
0.093771,1,5
0.343211,1,8
0.060747,1,9
0.026667,1,11
0.173661,1,12
0.035725,2,1
5.286819,2,3
5.772213,2,4
13.121781,2,5
10.753736,2,6
1.636325,2,7
13.659045,2,8
4.876941,2,9
0.274347,2,10
9.3096,2,11
63.406603,2,12
0.291992,3,1
9.893365,3,2
4.889835,3,4
5.462696,3,5
12.409291,3,6
6.950816,3,7
17.774605,3,8
9.278784,3,9
5.551563,3,10
5.614925,3,11
24.226744,3,12
0.116587,4,1
3.958683,4,2
46.181368,4,3
18.215408,4,5
25.449648,4,6
10.606867,4,7
7.72212,4,8
11.678016,4,9
4.029755,4,10
7.696643,4,11
40.74656,4,12
4.626763,5,1
8.757963,5,2
12.601933,5,3
0.900608,5,4
1.881789,5,6
0.509123,5,7
2.151493,5,8
5.126203,5,9
0.026667,5,10
0.279392,5,11
1.466368,5,12
0.026667,6,1
9.978419,6,2
57.719229,6,3
10.561437,6,4
0.675472,6,5
6.019893,6,7
17.980088,6,8
11.177003,6,9
0.299432,6,10
9.007011,6,11
10.274891,6,12
0.026667,7,1
5.564067,7,2
27.589821,7,3
5.218232,7,4
1.974648,7,5
6.371739,7,6
3.105357,7,8
1.678843,7,9
1.486539,7,10
1.884019,7,11
5.892243,7,12
0.273533,8,1
13.871088,8,2
83.809208,8,3
6.412539,8,4
4.935173,8,5
7.282869,8,6
0.617571,8,7
26.090768,8,9
20.140688,8,10
15.582925,8,11
82.998656,8,12
0.606347,9,1
24.261125,9,2
32.076669,9,3
22.422024,9,4
2.458685,9,5
9.455288,9,6
5.526008,9,7
60.598171,9,8
0.415968,9,10
17.065803,9,11
57.1514,9,12
0.053333,10,3
3.639077,10,4
0.305051,10,6
0.026667,10,7
33.858923,10,8
0.08,10,9
43.138192,10,11
0.08984,11,1
7.398549,11,2
33.79672,11,3
1.909781,11,4
1.542755,11,5
5.883672,11,6
1.298389,11,7
12.194528,11,8
8.911136,11,9
1.35508,11,10
4.97056,11,12
64.23188,12,2
79.97832,12,3
45.262245,12,4
10.450056,12,5
21.882965,12,6
4.558165,12,7
81.530776,12,8
207.588653,12,9
1.734043,12,10
25.515165,12,11
succeed
0.0,0.0,0.141653,0.026667,0.093771,0.0,0.0,0.343211,0.060747,0.0,0.026667,0.173661
0.035725,0.0,5.286819,5.772213,13.121781,10.753736,1.636325,13.659045,4.876941,0.274347,9.3096,63.406603
0.291992,9.893365,0.0,4.889835,5.462696,12.409291,6.950816,17.774605,9.278784,5.551563,5.614925,24.226744
0.116587,3.958683,46.181368,0.0,18.215408,25.449648,10.606867,7.72212,11.678016,4.029755,7.696643,40.74656
4.626763,8.757963,12.601933,0.900608,0.0,1.881789,0.509123,2.151493,5.126203,0.026667,0.279392,1.466368
0.026667,9.978419,57.719229,10.561437,0.675472,0.0,6.019893,17.980088,11.177003,0.299432,9.007011,10.274891
0.026667,5.564067,27.589821,5.218232,1.974648,6.371739,0.0,3.105357,1.678843,1.486539,1.884019,5.892243
0.273533,13.871088,83.809208,6.412539,4.935173,7.282869,0.617571,0.0,26.090768,20.140688,15.582925,82.998656
0.606347,24.261125,32.076669,22.422024,2.458685,9.455288,5.526008,60.598171,0.0,0.415968,17.065803,57.1514
0.0,0.0,0.053333,3.639077,0.0,0.305051,0.026667,33.858923,0.08,0.0,43.138192,0.0
0.08984,7.398549,33.79672,1.909781,1.542755,5.883672,1.298389,12.194528,8.911136,1.35508,0.0,4.97056
0.0,64.23188,79.97832,45.262245,10.450056,21.882965,4.558165,81.530776,207.588653,1.734043,25.515165,0.0
