1844.428032
0.18176,1,2
0.336891,1,3
0.055277,1,5
0.059763,1,8
0.08,1,9
0.028213,1,10
0.043339,1,11
1.990669,1,12
0.191264,2,1
9.880109,2,3
3.189619,2,4
39.584501,2,5
12.495771,2,6
0.805184,2,7
7.596931,2,8
4.179296,2,9
6.104475,2,10
2.693477,2,11
20.688568,2,12
0.22284,3,1
7.770504,3,2
5.653619,3,4
8.249027,3,5
13.6136,3,6
9.523875,3,7
3.477691,3,8
10.998813,3,9
23.657621,3,10
9.786509,3,11
14.5938,3,12
0.067627,4,1
6.676251,4,2
36.107915,4,3
19.993923,4,5
25.168389,4,6
16.052645,4,7
8.879923,4,8
13.434379,4,9
20.448453,4,10
6.526957,4,11
36.938147,4,12
2.708117,5,1
1.650427,5,2
10.117291,5,3
1.327019,5,4
1.114029,5,6
1.252923,5,7
11.754627,5,8
2.656936,5,9
1.764941,5,11
9.529605,5,12
7.618331,6,2
34.265795,6,3
8.093787,6,4
7.060264,6,5
2.917245,6,7
2.280725,6,8
6.739987,6,9
12.39788,6,10
20.503037,6,11
9.744683,6,12
3.385995,7,2
12.513184,7,3
6.033811,7,4
6.664853,7,5
18.671709,7,6
0.425069,7,8
1.569171,7,9
6.116224,7,10
1.197584,7,11
12.536152,7,12
9.107651,8,2
52.545651,8,3
7.135037,8,4
3.80604,8,5
12.44884,8,6
3.355472,8,7
44.580181,8,9
23.444067,8,10
19.398971,8,11
77.336472,8,12
1.732117,9,1
21.990683,9,2
27.085701,9,3
20.669963,9,4
10.126152,9,5
11.200493,9,6
5.630008,9,7
9.698627,9,8
48.650717,9,10
31.324928,9,11
63.698725,9,12
0.690587,10,2
0.026667,10,3
7.761197,10,4
0.026667,10,5
0.249344,10,6
0.026667,10,7
1.946592,10,8
0.143872,10,9
36.354643,10,11
0.026667,10,12
1.886357,11,1
5.228555,11,2
16.854829,11,3
6.563277,11,4
2.742995,11,5
6.741291,11,6
5.32468,11,7
5.151803,11,8
15.990368,11,9
28.333072,11,10
4.377752,11,12
0.231749,12,1
85.901832,12,2
64.514237,12,3
33.800104,12,4
35.84276,12,5
23.272277,12,6
31.922333,12,7
69.875189,12,8
146.898096,12,9
35.944637,12,10
32.171424,12,11
succeed
0.0,0.18176,0.336891,0.0,0.055277,0.0,0.0,0.059763,0.08,0.028213,0.043339,1.990669
0.191264,0.0,9.880109,3.189619,39.584501,12.495771,0.805184,7.596931,4.179296,6.104475,2.693477,20.688568
0.22284,7.770504,0.0,5.653619,8.249027,13.6136,9.523875,3.477691,10.998813,23.657621,9.786509,14.5938
0.067627,6.676251,36.107915,0.0,19.993923,25.168389,16.052645,8.879923,13.434379,20.448453,6.526957,36.938147
2.708117,1.650427,10.117291,1.327019,0.0,1.114029,1.252923,11.754627,2.656936,0.0,1.764941,9.529605
0.0,7.618331,34.265795,8.093787,7.060264,0.0,2.917245,2.280725,6.739987,12.39788,20.503037,9.744683
0.0,3.385995,12.513184,6.033811,6.664853,18.671709,0.0,0.425069,1.569171,6.116224,1.197584,12.536152
0.0,9.107651,52.545651,7.135037,3.80604,12.44884,3.355472,0.0,44.580181,23.444067,19.398971,77.336472
1.732117,21.990683,27.085701,20.669963,10.126152,11.200493,5.630008,9.698627,0.0,48.650717,31.324928,63.698725
0.0,0.690587,0.026667,7.761197,0.026667,0.249344,0.026667,1.946592,0.143872,0.0,36.354643,0.026667
1.886357,5.228555,16.854829,6.563277,2.742995,6.741291,5.32468,5.151803,15.990368,28.333072,0.0,4.377752
0.231749,85.901832,64.514237,33.800104,35.84276,23.272277,31.922333,69.875189,146.898096,35.944637,32.171424,0.0
