2802.057405
0.204373,1,2
0.546827,1,3
0.08272,1,4
0.217936,1,5
0.488851,1,6
0.080019,1,7
0.268275,1,8
0.995419,1,9
0.04,1,10
0.131032,1,11
1.037152,1,12
0.227824,2,1
6.030277,2,3
16.048949,2,4
34.387992,2,5
22.286091,2,6
4.932947,2,7
15.505491,2,8
11.66736,2,9
0.854885,2,10
4.585299,2,11
41.294739,2,12
0.747224,3,1
15.961019,3,2
11.398765,3,4
25.228669,3,5
106.571427,3,6
33.975821,3,7
26.694413,3,8
11.689472,3,9
3.417568,3,10
4.922579,3,11
45.616104,3,12
0.259205,4,1
4.538637,4,2
71.299752,4,3
21.495616,4,5
35.923477,4,6
18.987219,4,7
13.410795,4,8
25.183171,4,9
20.295019,4,10
10.129723,4,11
46.007976,4,12
2.469904,5,1
10.895112,5,2
21.495675,5,3
2.670576,5,4
3.907941,5,6
2.639635,5,7
5.229296,5,8
8.308392,5,9
0.405915,5,10
2.236317,5,11
6.38032,5,12
0.369757,6,1
22.921243,6,2
83.305379,6,3
18.039736,6,4
26.602083,6,5
11.291997,6,7
15.014853,6,8
22.956299,6,9
2.435928,6,10
20.70656,6,11
20.319117,6,12
0.836139,7,1
3.9828,7,2
14.910408,7,3
14.528109,7,4
6.406669,7,5
14.054805,7,6
3.983515,7,8
5.314931,7,9
2.337789,7,10
6.161957,7,11
13.485611,7,12
0.245997,8,1
26.806859,8,2
124.235704,8,3
20.530845,8,4
24.097597,8,5
18.453389,8,6
6.583659,8,7
45.456611,8,9
29.475533,8,10
19.6948,8,11
34.37772,8,12
0.457149,9,1
25.212101,9,2
35.881304,9,3
39.104043,9,4
20.878491,9,5
40.070845,9,6
16.035973,9,7
65.804915,9,8
3.847421,9,10
35.394008,9,11
85.2452,9,12
0.261245,10,2
4.521451,10,3
9.813211,10,4
0.244667,10,5
0.329925,10,6
0.08,10,7
33.196557,10,8
9.23088,10,9
34.291723,10,11
0.08,10,12
0.177155,11,1
16.648363,11,2
63.362968,11,3
13.588392,11,4
8.585707,11,5
14.860763,11,6
2.649131,11,7
12.634619,11,8
17.161832,11,9
3.019016,11,10
18.698059,11,12
0.55068,12,1
141.623603,12,2
81.865893,12,3
54.622768,12,4
13.766416,12,5
92.742019,12,6
29.032835,12,7
45.003043,12,8
214.153237,12,9
4.956667,12,10
30.141539,12,11
succeed
0.0,0.204373,0.546827,0.08272,0.217936,0.488851,0.080019,0.268275,0.995419,0.04,0.131032,1.037152
0.227824,0.0,6.030277,16.048949,34.387992,22.286091,4.932947,15.505491,11.66736,0.854885,4.585299,41.294739
0.747224,15.961019,0.0,11.398765,25.228669,106.571427,33.975821,26.694413,11.689472,3.417568,4.922579,45.616104
0.259205,4.538637,71.299752,0.0,21.495616,35.923477,18.987219,13.410795,25.183171,20.295019,10.129723,46.007976
2.469904,10.895112,21.495675,2.670576,0.0,3.907941,2.639635,5.229296,8.308392,0.405915,2.236317,6.38032
0.369757,22.921243,83.305379,18.039736,26.602083,0.0,11.291997,15.014853,22.956299,2.435928,20.70656,20.319117
0.836139,3.9828,14.910408,14.528109,6.406669,14.054805,0.0,3.983515,5.314931,2.337789,6.161957,13.485611
0.245997,26.806859,124.235704,20.530845,24.097597,18.453389,6.583659,0.0,45.456611,29.475533,19.6948,34.37772
0.457149,25.212101,35.881304,39.104043,20.878491,40.070845,16.035973,65.804915,0.0,3.847421,35.394008,85.2452
0.0,0.261245,4.521451,9.813211,0.244667,0.329925,0.08,33.196557,9.23088,0.0,34.291723,0.08
0.177155,16.648363,63.362968,13.588392,8.585707,14.860763,2.649131,12.634619,17.161832,3.019016,0.0,18.698059
0.55068,141.623603,81.865893,54.622768,13.766416,92.742019,29.032835,45.003043,214.153237,4.956667,30.141539,0.0
