2621.89242
0.401693,1,2
0.129704,1,3
0.078707,1,4
0.048291,1,5
0.035112,1,6
0.053333,1,7
0.08,1,8
0.134667,1,9
0.308656,1,11
0.495688,1,12
0.277232,2,1
11.004808,2,3
6.726981,2,4
5.886965,2,5
11.925408,2,6
1.923667,2,7
18.968893,2,8
7.111645,2,9
0.588917,2,10
5.735869,2,11
47.403304,2,12
0.636179,3,1
15.567,3,2
16.544003,3,4
9.732645,3,5
34.918923,3,6
7.421912,3,7
76.595427,3,8
24.592779,3,9
2.156053,3,10
14.9462,3,11
20.363579,3,12
2.606091,4,2
60.177899,4,3
20.282397,4,5
24.452827,4,6
15.543704,4,7
50.16868,4,8
9.237421,4,9
10.677371,4,10
13.239984,4,11
41.925272,4,12
0.821568,5,1
28.222075,5,2
18.575405,5,3
2.971653,5,4
2.549947,5,6
4.968224,5,7
13.484643,5,8
4.968173,5,9
1.945507,5,11
3.363552,5,12
0.046251,6,1
10.916867,6,2
72.9326,6,3
4.792659,6,4
4.028341,6,5
3.677504,6,7
31.581488,6,8
17.110277,6,9
2.430597,6,10
6.181467,6,11
11.257901,6,12
0.026667,7,1
2.372939,7,2
18.97812,7,3
3.930808,7,4
3.132747,7,5
10.292045,7,6
9.628125,7,8
3.743456,7,9
0.114525,7,10
1.603984,7,11
25.927389,7,12
0.311712,8,1
20.636899,8,2
148.021477,8,3
18.064056,8,4
12.031944,8,5
22.877248,8,6
10.316779,8,7
75.562104,8,9
7.765376,8,10
31.850136,8,11
101.301757,8,12
0.759677,9,1
15.274885,9,2
69.226064,9,3
30.948184,9,4
16.547728,9,5
42.857829,9,6
15.104731,9,7
122.001141,9,8
2.605573,9,10
39.234829,9,11
85.243123,9,12
0.026667,10,2
1.406363,10,3
2.573357,10,4
0.174128,10,5
5.116029,10,6
0.053333,10,7
35.641056,10,8
8.09412,10,9
39.133581,10,11
0.37084,10,12
0.323048,11,1
9.047808,11,2
21.392125,11,3
4.844928,11,4
4.243533,11,5
7.547808,11,6
3.995725,11,7
25.480363,11,8
17.263424,11,9
8.969981,11,10
5.093173,11,12
12.832075,12,1
70.555416,12,2
75.879013,12,3
50.530411,12,4
32.882957,12,5
45.201781,12,6
17.085501,12,7
111.797373,12,8
127.143677,12,9
7.309219,12,10
63.656965,12,11
succeed
0.0,0.401693,0.129704,0.078707,0.048291,0.035112,0.053333,0.08,0.134667,0.0,0.308656,0.495688
0.277232,0.0,11.004808,6.726981,5.886965,11.925408,1.923667,18.968893,7.111645,0.588917,5.735869,47.403304
0.636179,15.567,0.0,16.544003,9.732645,34.918923,7.421912,76.595427,24.592779,2.156053,14.9462,20.363579
0.0,2.606091,60.177899,0.0,20.282397,24.452827,15.543704,50.16868,9.237421,10.677371,13.239984,41.925272
0.821568,28.222075,18.575405,2.971653,0.0,2.549947,4.968224,13.484643,4.968173,0.0,1.945507,3.363552
0.046251,10.916867,72.9326,4.792659,4.028341,0.0,3.677504,31.581488,17.110277,2.430597,6.181467,11.257901
0.026667,2.372939,18.97812,3.930808,3.132747,10.292045,0.0,9.628125,3.743456,0.114525,1.603984,25.927389
0.311712,20.636899,148.021477,18.064056,12.031944,22.877248,10.316779,0.0,75.562104,7.765376,31.850136,101.301757
0.759677,15.274885,69.226064,30.948184,16.547728,42.857829,15.104731,122.001141,0.0,2.605573,39.234829,85.243123
0.0,0.026667,1.406363,2.573357,0.174128,5.116029,0.053333,35.641056,8.09412,0.0,39.133581,0.37084
0.323048,9.047808,21.392125,4.844928,4.243533,7.547808,3.995725,25.480363,17.263424,8.969981,0.0,5.093173
12.832075,70.555416,75.879013,50.530411,32.882957,45.201781,17.085501,111.797373,127.143677,7.309219,63.656965,0.0
