2528.543385
0.186035,1,2
0.28072,1,3
0.053333,1,4
0.113123,1,5
0.593224,1,6
0.100069,1,8
0.044,1,12
0.107941,2,1
14.639371,2,3
3.793085,2,4
1.223957,2,5
10.419544,2,6
0.755965,2,7
14.956017,2,8
24.10696,2,9
0.037484,2,10
4.642197,2,11
39.062701,2,12
0.095317,3,1
9.150253,3,2
26.541259,3,4
6.724621,3,5
37.44844,3,6
4.722003,3,7
48.351768,3,8
97.412843,3,9
0.704077,3,10
5.337573,3,11
66.323437,3,12
0.295349,4,1
3.376661,4,2
53.280565,4,3
27.378605,4,5
30.222587,4,6
23.012269,4,7
17.756051,4,8
24.516376,4,9
16.614917,4,10
17.974605,4,11
38.250912,4,12
3.767531,5,1
23.193765,5,2
6.837741,5,3
5.489533,5,4
2.289557,5,6
1.295728,5,7
15.515811,5,8
3.419792,5,9
0.113547,5,10
3.306253,5,11
13.860893,5,12
0.489664,6,1
8.834488,6,2
58.011248,6,3
10.909144,6,4
2.719992,6,5
3.216957,6,7
21.262475,6,8
47.721021,6,9
0.45788,6,10
18.897141,6,11
22.203141,6,12
2.922472,7,2
15.229445,7,3
13.960605,7,4
6.214795,7,5
11.090064,7,6
4.551061,7,8
15.041987,7,9
1.200448,7,10
1.041893,7,11
13.895051,7,12
1.45268,8,1
33.419123,8,2
55.422981,8,3
11.267573,8,4
10.510309,8,5
25.676371,8,6
5.963072,8,7
107.941293,8,9
10.952736,8,10
58.116405,8,11
89.159837,8,12
0.094136,9,1
22.469339,9,2
36.716101,9,3
35.705192,9,4
12.281701,9,5
42.653123,9,6
7.681891,9,7
66.178901,9,8
1.930715,9,10
21.34368,9,11
83.547547,9,12
0.053333,10,2
0.407331,10,3
2.813243,10,4
1.454805,10,5
0.176453,10,6
0.053333,10,7
43.493256,10,8
0.350184,10,9
39.634256,10,11
0.16,10,12
8.071648,11,2
4.120827,11,3
3.491547,11,4
1.266432,11,5
13.205872,11,6
3.494792,11,7
58.540629,11,8
17.935245,11,9
3.758528,11,10
6.035445,11,12
0.058629,12,1
92.088976,12,2
55.131973,12,3
99.840997,12,4
19.100925,12,5
52.097443,12,6
26.2906,12,7
89.879328,12,8
82.685427,12,9
3.475093,12,10
29.324792,12,11
succeed
0.0,0.186035,0.28072,0.053333,0.113123,0.593224,0.0,0.100069,0.0,0.0,0.0,0.044
0.107941,0.0,14.639371,3.793085,1.223957,10.419544,0.755965,14.956017,24.10696,0.037484,4.642197,39.062701
0.095317,9.150253,0.0,26.541259,6.724621,37.44844,4.722003,48.351768,97.412843,0.704077,5.337573,66.323437
0.295349,3.376661,53.280565,0.0,27.378605,30.222587,23.012269,17.756051,24.516376,16.614917,17.974605,38.250912
3.767531,23.193765,6.837741,5.489533,0.0,2.289557,1.295728,15.515811,3.419792,0.113547,3.306253,13.860893
0.489664,8.834488,58.011248,10.909144,2.719992,0.0,3.216957,21.262475,47.721021,0.45788,18.897141,22.203141
0.0,2.922472,15.229445,13.960605,6.214795,11.090064,0.0,4.551061,15.041987,1.200448,1.041893,13.895051
1.45268,33.419123,55.422981,11.267573,10.510309,25.676371,5.963072,0.0,107.941293,10.952736,58.116405,89.159837
0.094136,22.469339,36.716101,35.705192,12.281701,42.653123,7.681891,66.178901,0.0,1.930715,21.34368,83.547547
0.0,0.053333,0.407331,2.813243,1.454805,0.176453,0.053333,43.493256,0.350184,0.0,39.634256,0.16
0.0,8.071648,4.120827,3.491547,1.266432,13.205872,3.494792,58.540629,17.935245,3.758528,0.0,6.035445
0.058629,92.088976,55.131973,99.840997,19.100925,52.097443,26.2906,89.879328,82.685427,3.475093,29.324792,0.0
