1770.904275
0.053333,1,2
0.055797,1,3
0.091045,1,4
0.089819,1,5
0.080723,1,6
0.135843,1,8
0.08,1,12
0.256312,2,1
3.255851,2,3
5.656832,2,4
6.724795,2,5
12.839032,2,6
0.415688,2,7
10.345888,2,8
2.337741,2,9
0.066667,2,10
6.54108,2,11
43.728909,2,12
0.026667,3,1
8.922781,3,2
3.723144,3,4
4.954632,3,5
25.186109,3,6
7.953525,3,7
28.220624,3,8
12.52772,3,9
0.353776,3,10
5.061096,3,11
23.028805,3,12
0.160752,4,1
3.931557,4,2
37.275987,4,3
18.810243,4,5
26.971835,4,6
24.530048,4,7
16.634576,4,8
16.790891,4,9
16.323176,4,10
13.633291,4,11
39.222037,4,12
3.527533,5,1
0.525363,5,2
7.703568,5,3
0.708365,5,4
2.947635,5,6
0.884104,5,7
4.440227,5,8
3.597339,5,9
0.837624,5,11
7.816368,5,12
0.026667,6,1
7.704256,6,2
24.079979,6,3
6.717253,6,4
22.967755,6,5
1.660248,6,7
15.627189,6,8
13.7994,6,9
3.801192,6,10
10.244749,6,11
20.451808,6,12
1.086053,7,2
12.113328,7,3
7.586267,7,4
2.782371,7,5
13.66704,7,6
4.500501,7,8
1.748085,7,9
2.095555,7,10
2.968179,7,11
8.168771,7,12
8.749493,8,2
42.931021,8,3
9.214136,8,4
9.965475,8,5
17.081288,8,6
7.076272,8,7
32.102427,8,9
23.858656,8,10
35.823693,8,11
21.282099,8,12
0.202059,9,1
23.458755,9,2
16.086283,9,3
23.013957,9,4
13.353392,9,5
23.501907,9,6
6.701984,9,7
76.555107,9,8
1.201035,9,10
21.269349,9,11
49.029048,9,12
0.089643,10,2
0.216448,10,3
6.869341,10,4
2.191168,10,6
0.026667,10,7
32.115128,10,8
1.014896,10,9
34.810029,10,11
0.992488,10,12
0.053333,11,1
7.653243,11,2
36.213952,11,3
2.046045,11,4
3.538213,11,5
4.661579,11,6
3.227293,11,7
23.535077,11,8
4.978069,11,9
5.598048,11,10
4.396128,11,12
0.087883,12,1
81.635123,12,2
45.713579,12,3
58.467357,12,4
13.753987,12,5
50.068136,12,6
19.707483,12,7
59.229237,12,8
111.201432,12,9
8.706507,12,10
41.865928,12,11
succeed
0.0,0.053333,0.055797,0.091045,0.089819,0.080723,0.0,0.135843,0.0,0.0,0.0,0.08
0.256312,0.0,3.255851,5.656832,6.724795,12.839032,0.415688,10.345888,2.337741,0.066667,6.54108,43.728909
0.026667,8.922781,0.0,3.723144,4.954632,25.186109,7.953525,28.220624,12.52772,0.353776,5.061096,23.028805
0.160752,3.931557,37.275987,0.0,18.810243,26.971835,24.530048,16.634576,16.790891,16.323176,13.633291,39.222037
3.527533,0.525363,7.703568,0.708365,0.0,2.947635,0.884104,4.440227,3.597339,0.0,0.837624,7.816368
0.026667,7.704256,24.079979,6.717253,22.967755,0.0,1.660248,15.627189,13.7994,3.801192,10.244749,20.451808
0.0,1.086053,12.113328,7.586267,2.782371,13.66704,0.0,4.500501,1.748085,2.095555,2.968179,8.168771
0.0,8.749493,42.931021,9.214136,9.965475,17.081288,7.076272,0.0,32.102427,23.858656,35.823693,21.282099
0.202059,23.458755,16.086283,23.013957,13.353392,23.501907,6.701984,76.555107,0.0,1.201035,21.269349,49.029048
0.0,0.089643,0.216448,6.869341,0.0,2.191168,0.026667,32.115128,1.014896,0.0,34.810029,0.992488
0.053333,7.653243,36.213952,2.046045,3.538213,4.661579,3.227293,23.535077,4.978069,5.598048,0.0,4.396128
0.087883,81.635123,45.713579,58.467357,13.753987,50.068136,19.707483,59.229237,111.201432,8.706507,41.865928,0.0
