2473.403359
2.702669,1,2
1.039133,1,3
0.213867,1,4
0.165067,1,5
3.272675,1,6
0.230475,1,7
0.287552,1,8
0.195451,1,9
0.105552,1,10
0.377637,1,11
1.93452,1,12
2.319755,2,1
21.739384,2,3
5.319283,2,4
13.643128,2,5
21.3574,2,6
6.914931,2,7
19.500992,2,8
12.31684,2,9
4.355008,2,10
9.499765,2,11
61.4928,2,12
0.466083,3,1
17.529984,3,2
13.597333,3,4
9.764304,3,5
27.263683,3,6
9.947032,3,7
23.918472,3,8
8.335272,3,9
4.027147,3,10
6.560707,3,11
15.265904,3,12
0.72504,4,1
4.824493,4,2
30.96092,4,3
4.507333,4,5
7.4252,4,6
12.140032,4,7
23.072696,4,8
13.040483,4,9
10.398677,4,10
12.132629,4,11
20.083533,4,12
2.529208,5,1
2.973987,5,2
27.104064,5,3
3.208795,5,4
8.479459,5,6
2.523725,5,7
5.936064,5,8
5.571925,5,9
3.073661,5,10
4.889699,5,11
7.528397,5,12
1.370624,6,1
19.191883,6,2
95.561867,6,3
9.527309,6,4
7.450027,6,5
18.487827,6,7
20.840267,6,8
35.128352,6,9
9.228165,6,10
10.536675,6,11
33.639867,6,12
0.590645,7,1
8.057285,7,2
37.850653,7,3
8.272621,7,4
5.762752,7,5
12.587957,7,6
10.252632,7,8
10.008744,7,9
1.820717,7,10
2.829168,7,11
12.340779,7,12
0.180792,8,1
18.014021,8,2
97.564453,8,3
8.510451,8,4
8.572224,8,5
37.031643,8,6
13.734925,8,7
52.607307,8,9
3.112893,8,10
32.116819,8,11
60.788088,8,12
1.577171,9,1
42.455061,9,2
77.571093,9,3
16.603488,9,4
40.547645,9,5
69.075235,9,6
27.604904,9,7
76.505491,9,8
7.247051,9,10
22.472301,9,11
71.208288,9,12
0.137149,10,1
0.571275,10,2
5.193115,10,3
9.948984,10,4
1.296597,10,5
4.302077,10,6
1.066347,10,7
2.516424,10,8
3.346653,10,9
4.155627,10,11
2.225992,10,12
0.776699,11,1
15.566123,11,2
42.262235,11,3
4.727304,11,4
3.876075,11,5
15.035701,11,6
5.282685,11,7
22.365565,11,8
16.925205,11,9
5.5686,11,10
11.193331,11,12
1.890091,12,1
114.92888,12,2
89.854731,12,3
39.473672,12,4
16.730557,12,5
46.470504,12,6
20.347277,12,7
75.489731,12,8
152.263445,12,9
4.383056,12,10
38.003667,12,11
succeed
0.0,2.702669,1.039133,0.213867,0.165067,3.272675,0.230475,0.287552,0.195451,0.105552,0.377637,1.93452
2.319755,0.0,21.739384,5.319283,13.643128,21.3574,6.914931,19.500992,12.31684,4.355008,9.499765,61.4928
0.466083,17.529984,0.0,13.597333,9.764304,27.263683,9.947032,23.918472,8.335272,4.027147,6.560707,15.265904
0.72504,4.824493,30.96092,0.0,4.507333,7.4252,12.140032,23.072696,13.040483,10.398677,12.132629,20.083533
2.529208,2.973987,27.104064,3.208795,0.0,8.479459,2.523725,5.936064,5.571925,3.073661,4.889699,7.528397
1.370624,19.191883,95.561867,9.527309,7.450027,0.0,18.487827,20.840267,35.128352,9.228165,10.536675,33.639867
0.590645,8.057285,37.850653,8.272621,5.762752,12.587957,0.0,10.252632,10.008744,1.820717,2.829168,12.340779
0.180792,18.014021,97.564453,8.510451,8.572224,37.031643,13.734925,0.0,52.607307,3.112893,32.116819,60.788088
1.577171,42.455061,77.571093,16.603488,40.547645,69.075235,27.604904,76.505491,0.0,7.247051,22.472301,71.208288
0.137149,0.571275,5.193115,9.948984,1.296597,4.302077,1.066347,2.516424,3.346653,0.0,4.155627,2.225992
0.776699,15.566123,42.262235,4.727304,3.876075,15.035701,5.282685,22.365565,16.925205,5.5686,0.0,11.193331
1.890091,114.92888,89.854731,39.473672,16.730557,46.470504,20.347277,75.489731,152.263445,4.383056,38.003667,0.0
