2257.893795
0.213195,1,2
2.465869,1,3
0.03132,1,4
0.111459,1,5
0.213365,1,6
0.381464,1,7
0.026667,1,8
2.103131,1,9
0.103819,1,11
0.572992,1,12
0.056691,2,1
18.794795,2,3
5.027509,2,4
17.34548,2,5
11.705883,2,6
2.166237,2,7
19.270161,2,8
3.616819,2,9
0.334103,2,10
5.805173,2,11
46.658152,2,12
0.457651,3,1
12.009877,3,2
9.452835,3,4
6.955328,3,5
25.968512,3,6
16.435176,3,7
39.020851,3,8
13.122573,3,9
2.250771,3,10
12.270021,3,11
25.095709,3,12
0.254933,4,1
5.989219,4,2
72.937971,4,3
19.827704,4,5
30.767429,4,6
16.6352,4,7
13.328192,4,8
20.700304,4,9
15.765851,4,10
15.248656,4,11
51.295653,4,12
1.963224,5,1
1.506376,5,2
7.297549,5,3
3.361933,5,4
4.60748,5,6
0.955757,5,7
4.64172,5,8
3.779493,5,9
0.088157,5,10
6.270968,5,11
1.570317,5,12
0.191581,6,1
7.697339,6,2
81.159512,6,3
10.546259,6,4
2.015467,6,5
10.324933,6,7
19.932467,6,8
24.476157,6,9
4.562163,6,10
12.677923,6,11
28.628499,6,12
0.056219,7,1
5.069379,7,2
10.586541,7,3
5.659992,7,4
5.76952,7,5
12.320069,7,6
15.812315,7,8
3.969584,7,9
2.559517,7,10
4.665963,7,11
7.50776,7,12
0.24892,8,1
21.381357,8,2
87.232747,8,3
17.978435,8,4
9.822363,8,5
13.669899,8,6
3.540864,8,7
29.774837,8,9
26.163291,8,10
26.941416,8,11
85.513827,8,12
1.099472,9,1
29.399264,9,2
15.869965,9,3
30.594264,9,4
6.84428,9,5
20.497824,9,6
5.942691,9,7
74.877488,9,8
5.898683,9,10
26.709704,9,11
76.165152,9,12
0.056,10,3
3.046984,10,4
1.019512,10,6
39.856205,10,8
2.029952,10,9
38.034723,10,11
0.026667,10,12
0.117485,11,1
6.645547,11,2
12.785747,11,3
3.709373,11,4
2.955869,11,5
3.172611,11,6
5.740179,11,7
14.438128,11,8
10.945139,11,9
6.176051,11,10
4.655229,11,12
1.261712,12,1
105.186419,12,2
68.914384,12,3
43.263032,12,4
11.596725,12,5
61.741757,12,6
12.72588,12,7
126.663509,12,8
130.681176,12,9
11.501763,12,10
37.752461,12,11
succeed
0.0,0.213195,2.465869,0.03132,0.111459,0.213365,0.381464,0.026667,2.103131,0.0,0.103819,0.572992
0.056691,0.0,18.794795,5.027509,17.34548,11.705883,2.166237,19.270161,3.616819,0.334103,5.805173,46.658152
0.457651,12.009877,0.0,9.452835,6.955328,25.968512,16.435176,39.020851,13.122573,2.250771,12.270021,25.095709
0.254933,5.989219,72.937971,0.0,19.827704,30.767429,16.6352,13.328192,20.700304,15.765851,15.248656,51.295653
1.963224,1.506376,7.297549,3.361933,0.0,4.60748,0.955757,4.64172,3.779493,0.088157,6.270968,1.570317
0.191581,7.697339,81.159512,10.546259,2.015467,0.0,10.324933,19.932467,24.476157,4.562163,12.677923,28.628499
0.056219,5.069379,10.586541,5.659992,5.76952,12.320069,0.0,15.812315,3.969584,2.559517,4.665963,7.50776
0.24892,21.381357,87.232747,17.978435,9.822363,13.669899,3.540864,0.0,29.774837,26.163291,26.941416,85.513827
1.099472,29.399264,15.869965,30.594264,6.84428,20.497824,5.942691,74.877488,0.0,5.898683,26.709704,76.165152
0.0,0.0,0.056,3.046984,0.0,1.019512,0.0,39.856205,2.029952,0.0,38.034723,0.026667
0.117485,6.645547,12.785747,3.709373,2.955869,3.172611,5.740179,14.438128,10.945139,6.176051,0.0,4.655229
1.261712,105.186419,68.914384,43.263032,11.596725,61.741757,12.72588,126.663509,130.681176,11.501763,37.752461,0.0
