3062.259353
0.602531,1,2
0.158325,1,3
0.053333,1,4
0.103787,1,5
0.491851,1,6
0.237704,1,7
0.210941,1,8
0.046272,1,9
0.013333,1,10
1.259523,1,11
0.850381,1,12
1.098736,2,1
26.578421,2,3
4.530195,2,4
10.689408,2,5
27.759848,2,6
9.605277,2,7
20.29246,2,8
5.308749,2,9
0.278108,2,10
19.725664,2,11
47.963819,2,12
0.779624,3,1
37.565424,3,2
23.291699,3,4
26.92356,3,5
104.465072,3,6
23.839368,3,7
46.919573,3,8
21.219816,3,9
2.783883,3,10
30.307928,3,11
55.528248,3,12
0.275424,4,1
11.585128,4,2
86.866685,4,3
26.089352,4,5
14.028835,4,6
16.330723,4,7
17.770408,4,8
26.084448,4,9
16.268085,4,10
27.020496,4,11
26.851517,4,12
1.95896,5,1
5.542869,5,2
18.987229,5,3
2.903107,5,4
7.708459,5,6
9.922365,5,7
4.016309,5,8
2.556939,5,9
3.924197,5,10
13.46128,5,11
4.835251,5,12
1.376197,6,1
15.092189,6,2
50.927861,6,3
12.714835,6,4
2.579965,6,5
22.415003,6,7
13.024221,6,8
15.864597,6,9
4.630787,6,10
43.853499,6,11
47.47532,6,12
0.122728,7,1
6.336677,7,2
18.981603,7,3
5.548851,7,4
5.555069,7,5
18.740987,7,6
7.942573,7,8
5.53512,7,9
2.850579,7,10
15.456083,7,11
12.232805,7,12
7.621157,8,1
20.261901,8,2
68.907112,8,3
18.148187,8,4
16.438533,8,5
21.989827,8,6
17.883365,8,7
37.531363,8,9
19.914891,8,10
81.182587,8,11
75.267957,8,12
3.746352,9,1
38.913925,9,2
43.693117,9,3
26.099741,9,4
12.057693,9,5
40.011483,9,6
16.977619,9,7
64.472709,9,8
3.147749,9,10
21.978515,9,11
75.559357,9,12
0.08,10,2
0.065259,10,3
7.895835,10,4
0.224784,10,5
0.443557,10,6
0.077227,10,7
15.095419,10,8
0.053333,10,9
31.443304,10,11
0.026667,10,12
1.541797,11,1
30.052859,11,2
51.278587,11,3
42.228467,11,4
17.439301,11,5
44.56064,11,6
26.307752,11,7
18.5198,11,8
17.078,11,9
14.994693,11,10
43.714275,11,12
4.613131,12,1
118.092912,12,2
116.814949,12,3
64.383064,12,4
28.267208,12,5
57.594245,12,6
22.965067,12,7
82.684416,12,8
183.739205,12,9
7.089672,12,10
55.360312,12,11
succeed
0.0,0.602531,0.158325,0.053333,0.103787,0.491851,0.237704,0.210941,0.046272,0.013333,1.259523,0.850381
1.098736,0.0,26.578421,4.530195,10.689408,27.759848,9.605277,20.29246,5.308749,0.278108,19.725664,47.963819
0.779624,37.565424,0.0,23.291699,26.92356,104.465072,23.839368,46.919573,21.219816,2.783883,30.307928,55.528248
0.275424,11.585128,86.866685,0.0,26.089352,14.028835,16.330723,17.770408,26.084448,16.268085,27.020496,26.851517
1.95896,5.542869,18.987229,2.903107,0.0,7.708459,9.922365,4.016309,2.556939,3.924197,13.46128,4.835251
1.376197,15.092189,50.927861,12.714835,2.579965,0.0,22.415003,13.024221,15.864597,4.630787,43.853499,47.47532
0.122728,6.336677,18.981603,5.548851,5.555069,18.740987,0.0,7.942573,5.53512,2.850579,15.456083,12.232805
7.621157,20.261901,68.907112,18.148187,16.438533,21.989827,17.883365,0.0,37.531363,19.914891,81.182587,75.267957
3.746352,38.913925,43.693117,26.099741,12.057693,40.011483,16.977619,64.472709,0.0,3.147749,21.978515,75.559357
0.0,0.08,0.065259,7.895835,0.224784,0.443557,0.077227,15.095419,0.053333,0.0,31.443304,0.026667
1.541797,30.052859,51.278587,42.228467,17.439301,44.56064,26.307752,18.5198,17.078,14.994693,0.0,43.714275
4.613131,118.092912,116.814949,64.383064,28.267208,57.594245,22.965067,82.684416,183.739205,7.089672,55.360312,0.0
