1975.442235
0.08,1,2
0.158531,1,3
0.040251,1,4
0.117013,1,5
0.026667,1,6
0.838632,1,8
0.053333,1,9
0.08,1,11
0.420779,1,12
0.229952,2,1
5.954627,2,3
4.204747,2,4
1.031176,2,5
22.421456,2,6
1.366803,2,7
15.851732,2,8
3.396251,2,9
0.138884,2,10
3.502984,2,11
19.94208,2,12
0.063965,3,1
8.788019,3,2
20.395152,3,4
6.348904,3,5
15.123195,3,6
3.990056,3,7
58.002749,3,8
6.324555,3,9
0.869019,3,10
8.564549,3,11
20.240923,3,12
0.12288,4,1
5.358701,4,2
32.987941,4,3
12.297603,4,5
34.635571,4,6
14.273139,4,7
15.090483,4,8
27.423949,4,9
2.96476,4,10
14.868811,4,11
35.840728,4,12
3.113176,5,1
4.938981,5,2
17.602176,5,3
1.12792,5,4
4.021907,5,6
2.246968,5,7
16.335288,5,8
7.232955,5,9
3.333579,5,11
2.631171,5,12
0.026667,6,1
21.131267,6,2
41.891123,6,3
11.838987,6,4
5.087256,6,5
2.300683,6,7
22.672744,6,8
22.991923,6,9
6.562347,6,10
13.518339,6,11
22.312587,6,12
1.00956,7,2
9.774336,7,3
10.346757,7,4
5.548728,7,5
6.469629,7,6
8.594789,7,8
1.228283,7,9
2.29432,7,10
5.219005,7,11
10.530373,7,12
0.625952,8,1
89.551291,8,2
72.233672,8,3
35.349109,8,4
4.20312,8,5
39.329277,8,6
3.604645,8,7
23.521765,8,9
19.467069,8,10
30.7536,8,11
37.94908,8,12
0.251203,9,1
12.856293,9,2
9.766821,9,3
7.599376,9,4
5.101824,9,5
11.532904,9,6
8.469384,9,7
49.496491,9,8
3.388984,9,10
18.403136,9,11
39.090061,9,12
0.054421,10,2
3.792699,10,3
22.524315,10,4
0.067875,10,5
0.269349,10,6
0.197845,10,7
26.475043,10,8
0.492597,10,9
25.448965,10,11
0.609579,10,12
0.053333,11,1
7.605589,11,2
13.833432,11,3
6.248392,11,4
2.287989,11,5
9.716752,11,6
6.345427,11,7
26.454088,11,8
7.671155,11,9
1.941653,11,10
6.832357,11,12
0.378011,12,1
111.794816,12,2
47.982451,12,3
71.865752,12,4
16.978443,12,5
27.999315,12,6
13.132661,12,7
96.155875,12,8
149.158259,12,9
2.139491,12,10
28.023875,12,11
succeed
0.0,0.08,0.158531,0.040251,0.117013,0.026667,0.0,0.838632,0.053333,0.0,0.08,0.420779
0.229952,0.0,5.954627,4.204747,1.031176,22.421456,1.366803,15.851732,3.396251,0.138884,3.502984,19.94208
0.063965,8.788019,0.0,20.395152,6.348904,15.123195,3.990056,58.002749,6.324555,0.869019,8.564549,20.240923
0.12288,5.358701,32.987941,0.0,12.297603,34.635571,14.273139,15.090483,27.423949,2.96476,14.868811,35.840728
3.113176,4.938981,17.602176,1.12792,0.0,4.021907,2.246968,16.335288,7.232955,0.0,3.333579,2.631171
0.026667,21.131267,41.891123,11.838987,5.087256,0.0,2.300683,22.672744,22.991923,6.562347,13.518339,22.312587
0.0,1.00956,9.774336,10.346757,5.548728,6.469629,0.0,8.594789,1.228283,2.29432,5.219005,10.530373
0.625952,89.551291,72.233672,35.349109,4.20312,39.329277,3.604645,0.0,23.521765,19.467069,30.7536,37.94908
0.251203,12.856293,9.766821,7.599376,5.101824,11.532904,8.469384,49.496491,0.0,3.388984,18.403136,39.090061
0.0,0.054421,3.792699,22.524315,0.067875,0.269349,0.197845,26.475043,0.492597,0.0,25.448965,0.609579
0.053333,7.605589,13.833432,6.248392,2.287989,9.716752,6.345427,26.454088,7.671155,1.941653,0.0,6.832357
0.378011,111.794816,47.982451,71.865752,16.978443,27.999315,13.132661,96.155875,149.158259,2.139491,28.023875,0.0
