3006.621886
0.651627,1,2
0.639205,1,3
0.026667,1,4
0.09676,1,5
2.324877,1,6
0.50704,1,7
0.041473,1,8
0.211851,1,9
0.014807,1,10
0.200043,1,11
2.434587,1,12
0.249731,2,1
25.15428,2,3
3.876808,2,4
19.227763,2,5
19.022333,2,6
6.620797,2,7
12.741479,2,8
17.427472,2,9
6.244705,2,10
5.857803,2,11
44.578584,2,12
0.521557,3,1
33.771165,3,2
38.463968,3,4
8.119808,3,5
49.879059,3,6
20.18564,3,7
22.224384,3,8
14.160131,3,9
32.248485,3,10
6.699304,3,11
41.813048,3,12
0.183667,4,1
12.314269,4,2
76.114123,4,3
21.085275,4,5
34.303971,4,6
34.248371,4,7
14.051427,4,8
14.593192,4,9
20.395808,4,10
23.670184,4,11
40.738808,4,12
3.80416,5,1
5.321029,5,2
24.244251,5,3
5.462787,5,4
5.009229,5,6
2.510667,5,7
9.431992,5,8
5.470589,5,9
0.153101,5,10
1.759768,5,11
8.881088,5,12
0.195955,6,1
33.208376,6,2
124.676381,6,3
16.077813,6,4
8.73376,6,5
21.485797,6,7
11.798976,6,8
27.784205,6,9
8.681781,6,10
25.411019,6,11
47.497245,6,12
0.611536,7,1
5.281579,7,2
40.209512,7,3
21.027899,7,4
4.863291,7,5
24.596016,7,6
5.087299,7,8
2.350597,7,9
4.761845,7,10
4.136043,7,11
18.114139,7,12
0.105595,8,1
24.304885,8,2
126.684675,8,3
18.105547,8,4
19.350152,8,5
33.630381,8,6
7.440659,8,7
66.888696,8,9
20.320843,8,10
31.523613,8,11
34.984445,8,12
0.877453,9,1
43.110277,9,2
29.386571,9,3
26.062568,9,4
14.151765,9,5
33.377051,9,6
23.976253,9,7
40.737629,9,8
21.461261,9,10
27.969709,9,11
83.531387,9,12
0.053333,10,2
1.136107,10,3
13.570627,10,4
0.148104,10,5
0.352904,10,6
0.059115,10,7
6.882232,10,8
0.218581,10,9
29.346085,10,11
1.038832,10,12
0.372427,11,1
13.849269,11,2
30.329509,11,3
7.030043,11,4
7.103067,11,5
16.427717,11,6
4.276256,11,7
7.134755,11,8
19.992253,11,9
13.9368,11,10
21.093072,11,12
2.849677,12,1
189.554157,12,2
87.831696,12,3
108.432096,12,4
62.328416,12,5
92.382963,12,6
29.468901,12,7
54.205115,12,8
146.710085,12,9
23.979747,12,10
29.970469,12,11
succeed
0.0,0.651627,0.639205,0.026667,0.09676,2.324877,0.50704,0.041473,0.211851,0.014807,0.200043,2.434587
0.249731,0.0,25.15428,3.876808,19.227763,19.022333,6.620797,12.741479,17.427472,6.244705,5.857803,44.578584
0.521557,33.771165,0.0,38.463968,8.119808,49.879059,20.18564,22.224384,14.160131,32.248485,6.699304,41.813048
0.183667,12.314269,76.114123,0.0,21.085275,34.303971,34.248371,14.051427,14.593192,20.395808,23.670184,40.738808
3.80416,5.321029,24.244251,5.462787,0.0,5.009229,2.510667,9.431992,5.470589,0.153101,1.759768,8.881088
0.195955,33.208376,124.676381,16.077813,8.73376,0.0,21.485797,11.798976,27.784205,8.681781,25.411019,47.497245
0.611536,5.281579,40.209512,21.027899,4.863291,24.596016,0.0,5.087299,2.350597,4.761845,4.136043,18.114139
0.105595,24.304885,126.684675,18.105547,19.350152,33.630381,7.440659,0.0,66.888696,20.320843,31.523613,34.984445
0.877453,43.110277,29.386571,26.062568,14.151765,33.377051,23.976253,40.737629,0.0,21.461261,27.969709,83.531387
0.0,0.053333,1.136107,13.570627,0.148104,0.352904,0.059115,6.882232,0.218581,0.0,29.346085,1.038832
0.372427,13.849269,30.329509,7.030043,7.103067,16.427717,4.276256,7.134755,19.992253,13.9368,0.0,21.093072
2.849677,189.554157,87.831696,108.432096,62.328416,92.382963,29.468901,54.205115,146.710085,23.979747,29.970469,0.0
