2761.520957
0.030843,1,2
0.218667,1,3
0.075848,1,5
0.548325,1,6
0.076864,1,8
0.113664,1,9
0.062155,1,11
0.670717,1,12
0.200115,2,1
7.934405,2,3
4.558045,2,4
46.585757,2,5
10.114192,2,6
3.154085,2,7
12.455508,2,8
9.411664,2,9
4.708028,2,10
2.707483,2,11
40.272429,2,12
0.287659,3,1
18.146477,3,2
18.719629,3,4
8.235261,3,5
26.285816,3,6
13.981163,3,7
38.155213,3,8
51.534872,3,9
7.441435,3,10
10.447691,3,11
51.008803,3,12
0.165264,4,1
6.204781,4,2
67.79784,4,3
24.261683,4,5
28.772515,4,6
38.013893,4,7
40.403957,4,8
29.893896,4,9
12.760629,4,10
13.550664,4,11
44.175781,4,12
4.80532,5,1
4.166112,5,2
9.780984,5,3
4.757445,5,4
4.151173,5,6
1.634224,5,7
2.529549,5,8
3.149891,5,9
0.709864,5,10
1.096965,5,11
5.796331,5,12
0.992563,6,1
29.280741,6,2
54.596432,6,3
15.275803,6,4
3.794288,6,5
5.961477,6,7
27.82324,6,8
6.480547,6,9
3.835989,6,10
10.853024,6,11
21.298285,6,12
3.425589,7,2
19.061781,7,3
10.083157,7,4
3.51204,7,5
14.952739,7,6
7.232803,7,8
1.632003,7,9
2.566325,7,10
5.036315,7,11
12.404179,7,12
0.090069,8,1
28.771512,8,2
79.184691,8,3
29.325587,8,4
12.071267,8,5
32.024211,8,6
6.130275,8,7
25.772901,8,9
46.068592,8,10
18.651773,8,11
124.472413,8,12
0.301024,9,1
26.263528,9,2
32.197432,9,3
42.548389,9,4
8.110901,9,5
18.226277,9,6
6.722592,9,7
65.8892,9,8
7.653864,9,10
29.231125,9,11
59.768613,9,12
0.700989,10,2
0.133333,10,3
1.618237,10,4
0.026667,10,5
0.39976,10,6
31.777235,10,8
0.08,10,9
42.812707,10,11
0.115291,10,12
0.092789,11,1
7.269888,11,2
19.844517,11,3
30.325227,11,4
1.593987,11,5
10.320227,11,6
2.082472,11,7
20.402043,11,8
13.300205,11,9
10.417021,11,10
40.971256,11,12
12.936872,12,1
133.776637,12,2
93.685093,12,3
90.002648,12,4
16.729803,12,5
50.215528,12,6
38.190464,12,7
120.394787,12,8
227.815896,12,9
6.161624,12,10
41.030624,12,11
succeed
0.0,0.030843,0.218667,0.0,0.075848,0.548325,0.0,0.076864,0.113664,0.0,0.062155,0.670717
0.200115,0.0,7.934405,4.558045,46.585757,10.114192,3.154085,12.455508,9.411664,4.708028,2.707483,40.272429
0.287659,18.146477,0.0,18.719629,8.235261,26.285816,13.981163,38.155213,51.534872,7.441435,10.447691,51.008803
0.165264,6.204781,67.79784,0.0,24.261683,28.772515,38.013893,40.403957,29.893896,12.760629,13.550664,44.175781
4.80532,4.166112,9.780984,4.757445,0.0,4.151173,1.634224,2.529549,3.149891,0.709864,1.096965,5.796331
0.992563,29.280741,54.596432,15.275803,3.794288,0.0,5.961477,27.82324,6.480547,3.835989,10.853024,21.298285
0.0,3.425589,19.061781,10.083157,3.51204,14.952739,0.0,7.232803,1.632003,2.566325,5.036315,12.404179
0.090069,28.771512,79.184691,29.325587,12.071267,32.024211,6.130275,0.0,25.772901,46.068592,18.651773,124.472413
0.301024,26.263528,32.197432,42.548389,8.110901,18.226277,6.722592,65.8892,0.0,7.653864,29.231125,59.768613
0.0,0.700989,0.133333,1.618237,0.026667,0.39976,0.0,31.777235,0.08,0.0,42.812707,0.115291
0.092789,7.269888,19.844517,30.325227,1.593987,10.320227,2.082472,20.402043,13.300205,10.417021,0.0,40.971256
12.936872,133.776637,93.685093,90.002648,16.729803,50.215528,38.190464,120.394787,227.815896,6.161624,41.030624,0.0
