2285.165438
0.368875,1,2
0.137603,1,3
0.053688,1,5
0.061251,1,6
0.418832,1,8
0.316203,1,9
0.065824,1,11
0.744272,1,12
0.862437,2,1
6.731368,2,3
4.911032,2,4
25.305763,2,5
10.874117,2,6
2.339323,2,7
11.047975,2,8
3.448011,2,9
0.125697,2,10
4.623029,2,11
31.099912,2,12
0.284325,3,1
34.642549,3,2
26.043779,3,4
30.914541,3,5
27.46356,3,6
16.909624,3,7
37.44776,3,8
7.100437,3,9
0.39984,3,10
7.25912,3,11
20.425824,3,12
0.053333,4,1
5.079067,4,2
45.893309,4,3
15.407731,4,5
26.592221,4,6
25.785848,4,7
11.205344,4,8
47.789928,4,9
9.493821,4,10
23.921523,4,11
33.363059,4,12
3.287568,5,1
16.663971,5,2
9.073232,5,3
2.197168,5,4
3.572635,5,6
0.79704,5,7
6.43916,5,8
7.160584,5,9
0.579693,5,11
4.477645,5,12
3.308891,6,1
19.734104,6,2
56.934592,6,3
4.036653,6,4
3.339621,6,5
3.445011,6,7
32.730157,6,8
16.145501,6,9
0.269867,6,10
7.591048,6,11
21.945693,6,12
3.336472,7,2
15.102256,7,3
9.3398,7,4
3.964715,7,5
14.404624,7,6
5.073531,7,8
2.547211,7,9
1.153344,7,10
2.32776,7,11
7.044301,7,12
0.261411,8,1
24.565259,8,2
95.136264,8,3
22.206325,8,4
13.048749,8,5
27.483248,8,6
4.852736,8,7
43.058725,8,9
9.91708,8,10
45.884896,8,11
78.801925,8,12
0.307059,9,1
35.187677,9,2
32.505381,9,3
37.471069,9,4
13.654752,9,5
26.966781,9,6
8.673227,9,7
80.757451,9,8
0.604861,9,10
10.269989,9,11
48.212392,9,12
1.877285,10,2
0.435245,10,3
20.999771,10,4
4.032053,10,5
0.348016,10,6
31.737189,10,8
0.11712,10,9
29.932981,10,11
0.026667,10,12
0.026667,11,1
9.844744,11,2
15.21028,11,3
2.762965,11,4
3.336821,11,5
3.921429,11,6
1.907421,11,7
20.430536,11,8
4.810264,11,9
5.344477,11,10
4.5604,11,12
0.322387,12,1
102.850155,12,2
71.464704,12,3
51.693059,12,4
26.362992,12,5
31.296208,12,6
22.341459,12,7
113.506843,12,8
164.387928,12,9
1.114157,12,10
33.300355,12,11
succeed
0.0,0.368875,0.137603,0.0,0.053688,0.061251,0.0,0.418832,0.316203,0.0,0.065824,0.744272
0.862437,0.0,6.731368,4.911032,25.305763,10.874117,2.339323,11.047975,3.448011,0.125697,4.623029,31.099912
0.284325,34.642549,0.0,26.043779,30.914541,27.46356,16.909624,37.44776,7.100437,0.39984,7.25912,20.425824
0.053333,5.079067,45.893309,0.0,15.407731,26.592221,25.785848,11.205344,47.789928,9.493821,23.921523,33.363059
3.287568,16.663971,9.073232,2.197168,0.0,3.572635,0.79704,6.43916,7.160584,0.0,0.579693,4.477645
3.308891,19.734104,56.934592,4.036653,3.339621,0.0,3.445011,32.730157,16.145501,0.269867,7.591048,21.945693
0.0,3.336472,15.102256,9.3398,3.964715,14.404624,0.0,5.073531,2.547211,1.153344,2.32776,7.044301
0.261411,24.565259,95.136264,22.206325,13.048749,27.483248,4.852736,0.0,43.058725,9.91708,45.884896,78.801925
0.307059,35.187677,32.505381,37.471069,13.654752,26.966781,8.673227,80.757451,0.0,0.604861,10.269989,48.212392
0.0,1.877285,0.435245,20.999771,4.032053,0.348016,0.0,31.737189,0.11712,0.0,29.932981,0.026667
0.026667,9.844744,15.21028,2.762965,3.336821,3.921429,1.907421,20.430536,4.810264,5.344477,0.0,4.5604
0.322387,102.850155,71.464704,51.693059,26.362992,31.296208,22.341459,113.506843,164.387928,1.114157,33.300355,0.0
