2790.282
1.95628,1,2
0.170752,1,3
0.838187,1,4
0.132856,1,5
0.137307,1,6
0.367965,1,7
0.263904,1,8
0.778435,1,9
0.053333,1,11
4.160683,1,12
0.128923,2,1
14.897725,2,3
5.204093,2,4
5.475291,2,5
16.655147,2,6
3.923357,2,7
12.540765,2,8
6.108928,2,9
0.826973,2,10
2.752467,2,11
39.191565,2,12
0.448235,3,1
21.802472,3,2
26.547424,3,4
41.340765,3,5
45.757752,3,6
12.019059,3,7
61.086592,3,8
16.792787,3,9
1.538133,3,10
11.608584,3,11
22.537043,3,12
0.234224,4,1
6.939525,4,2
77.926421,4,3
12.055813,4,5
27.941939,4,6
11.69892,4,7
6.587965,4,8
11.719459,4,9
10.419104,4,10
7.261445,4,11
39.962219,4,12
2.502888,5,1
3.624064,5,2
39.515669,5,3
3.971053,5,4
5.75464,5,6
3.63072,5,7
4.429003,5,8
7.508795,5,9
0.794973,5,10
2.892171,5,11
6.721187,5,12
0.510717,6,1
14.56328,6,2
131.199613,6,3
8.364349,6,4
3.763605,6,5
10.276261,6,7
45.266568,6,8
33.273507,6,9
1.046496,6,10
12.245691,6,11
55.217075,6,12
0.968099,7,1
5.760549,7,2
39.019101,7,3
8.757781,7,4
4.776139,7,5
19.716483,7,6
5.1126,7,8
8.083075,7,9
0.430376,7,10
1.183131,7,11
13.039528,7,12
0.852,8,1
31.444128,8,2
166.34568,8,3
31.528411,8,4
10.008397,8,5
48.992395,8,6
5.291277,8,7
59.588872,8,9
6.033027,8,10
30.708227,8,11
85.211656,8,12
3.611392,9,1
19.745053,9,2
56.485832,9,3
43.831056,9,4
12.405381,9,5
49.684859,9,6
17.401363,9,7
81.115568,9,8
6.833848,9,10
33.300573,9,11
111.510376,9,12
0.092317,10,1
0.810133,10,2
3.636104,10,3
9.903813,10,4
0.354429,10,5
0.90304,10,6
0.257363,10,7
32.134117,10,8
1.189251,10,9
56.507571,10,11
0.608741,10,12
0.241576,11,1
7.771224,11,2
29.219285,11,3
3.119037,11,4
1.986613,11,5
6.200203,11,6
12.353445,11,7
42.032981,11,8
7.019853,11,9
9.255515,11,10
6.944645,11,12
0.950397,12,1
68.142136,12,2
76.869437,12,3
57.289904,12,4
16.263624,12,5
56.876845,12,6
19.226696,12,7
96.904795,12,8
123.629688,12,9
1.587464,12,10
33.360384,12,11
succeed
0.0,1.95628,0.170752,0.838187,0.132856,0.137307,0.367965,0.263904,0.778435,0.0,0.053333,4.160683
0.128923,0.0,14.897725,5.204093,5.475291,16.655147,3.923357,12.540765,6.108928,0.826973,2.752467,39.191565
0.448235,21.802472,0.0,26.547424,41.340765,45.757752,12.019059,61.086592,16.792787,1.538133,11.608584,22.537043
0.234224,6.939525,77.926421,0.0,12.055813,27.941939,11.69892,6.587965,11.719459,10.419104,7.261445,39.962219
2.502888,3.624064,39.515669,3.971053,0.0,5.75464,3.63072,4.429003,7.508795,0.794973,2.892171,6.721187
0.510717,14.56328,131.199613,8.364349,3.763605,0.0,10.276261,45.266568,33.273507,1.046496,12.245691,55.217075
0.968099,5.760549,39.019101,8.757781,4.776139,19.716483,0.0,5.1126,8.083075,0.430376,1.183131,13.039528
0.852,31.444128,166.34568,31.528411,10.008397,48.992395,5.291277,0.0,59.588872,6.033027,30.708227,85.211656
3.611392,19.745053,56.485832,43.831056,12.405381,49.684859,17.401363,81.115568,0.0,6.833848,33.300573,111.510376
0.092317,0.810133,3.636104,9.903813,0.354429,0.90304,0.257363,32.134117,1.189251,0.0,56.507571,0.608741
0.241576,7.771224,29.219285,3.119037,1.986613,6.200203,12.353445,42.032981,7.019853,9.255515,0.0,6.944645
0.950397,68.142136,76.869437,57.289904,16.263624,56.876845,19.226696,96.904795,123.629688,1.587464,33.360384,0.0
