2417.145277
0.375664,1,2
0.854427,1,3
0.034837,1,4
0.099467,1,5
1.027008,1,6
1.112197,1,7
0.08,1,8
0.200971,1,9
0.026667,1,10
0.586381,1,11
0.280837,1,12
0.587373,2,1
9.152616,2,3
10.150243,2,4
7.644992,2,5
30.184515,2,6
6.998464,2,7
20.154501,2,8
6.252989,2,9
0.716341,2,10
20.667165,2,11
33.915784,2,12
0.942837,3,1
40.505629,3,2
27.464989,3,4
11.218859,3,5
68.057525,3,6
13.781075,3,7
50.224925,3,8
11.769197,3,9
6.164973,3,10
36.121544,3,11
45.314528,3,12
0.281341,4,1
9.032901,4,2
35.075475,4,3
19.004693,4,5
10.582253,4,6
16.035595,4,7
13.718933,4,8
5.955357,4,9
10.410427,4,10
26.090117,4,11
35.40088,4,12
2.400069,5,1
3.542571,5,2
9.907781,5,3
1.369517,5,4
2.285747,5,6
9.500392,5,7
8.332517,5,8
1.839419,5,9
9.04188,5,11
3.026067,5,12
0.837557,6,1
9.322613,6,2
49.370576,6,3
6.464893,6,4
2.442795,6,5
5.523848,6,7
13.30904,6,8
3.796259,6,9
3.253488,6,10
29.458571,6,11
16.713427,6,12
0.627957,7,1
6.686091,7,2
14.243608,7,3
7.179285,7,4
5.363979,7,5
19.322624,7,6
7.028488,7,8
6.97896,7,9
3.894011,7,10
12.509813,7,11
19.322363,7,12
0.692592,8,1
45.4012,8,2
55.887635,8,3
14.61756,8,4
7.708083,8,5
14.242003,8,6
14.485443,8,7
31.352581,8,9
19.697349,8,10
74.063328,8,11
66.258528,8,12
0.795245,9,1
18.574101,9,2
22.014085,9,3
13.796616,9,4
6.475048,9,5
17.737568,9,6
14.863267,9,7
63.179536,9,8
7.356752,9,10
29.702976,9,11
77.476624,9,12
0.754656,10,2
10.782171,10,4
0.351901,10,6
16.808765,10,8
0.223605,10,9
25.26048,10,11
0.053333,10,12
1.534048,11,1
18.946987,11,2
26.778613,11,3
11.977099,11,4
10.600307,11,5
29.363731,11,6
23.004877,11,7
39.279021,11,8
12.950139,11,9
4.494725,11,10
26.500419,11,12
1.526917,12,1
94.863248,12,2
68.763373,12,3
73.205163,12,4
35.899483,12,5
39.221819,12,6
34.550477,12,7
83.964893,12,8
114.175907,12,9
2.450651,12,10
53.326651,12,11
succeed
0.0,0.375664,0.854427,0.034837,0.099467,1.027008,1.112197,0.08,0.200971,0.026667,0.586381,0.280837
0.587373,0.0,9.152616,10.150243,7.644992,30.184515,6.998464,20.154501,6.252989,0.716341,20.667165,33.915784
0.942837,40.505629,0.0,27.464989,11.218859,68.057525,13.781075,50.224925,11.769197,6.164973,36.121544,45.314528
0.281341,9.032901,35.075475,0.0,19.004693,10.582253,16.035595,13.718933,5.955357,10.410427,26.090117,35.40088
2.400069,3.542571,9.907781,1.369517,0.0,2.285747,9.500392,8.332517,1.839419,0.0,9.04188,3.026067
0.837557,9.322613,49.370576,6.464893,2.442795,0.0,5.523848,13.30904,3.796259,3.253488,29.458571,16.713427
0.627957,6.686091,14.243608,7.179285,5.363979,19.322624,0.0,7.028488,6.97896,3.894011,12.509813,19.322363
0.692592,45.4012,55.887635,14.61756,7.708083,14.242003,14.485443,0.0,31.352581,19.697349,74.063328,66.258528
0.795245,18.574101,22.014085,13.796616,6.475048,17.737568,14.863267,63.179536,0.0,7.356752,29.702976,77.476624
0.0,0.754656,0.0,10.782171,0.0,0.351901,0.0,16.808765,0.223605,0.0,25.26048,0.053333
1.534048,18.946987,26.778613,11.977099,10.600307,29.363731,23.004877,39.279021,12.950139,4.494725,0.0,26.500419
1.526917,94.863248,68.763373,73.205163,35.899483,39.221819,34.550477,83.964893,114.175907,2.450651,53.326651,0.0
