3095.026635
0.225957,1,2
1.07428,1,3
0.388811,1,4
0.182528,1,5
0.049936,1,6
0.839595,1,7
0.164192,1,8
0.124595,1,9
0.09568,1,11
0.745312,1,12
1.0888,2,1
40.260995,2,3
10.173741,2,4
13.139109,2,5
21.834131,2,6
3.572315,2,7
25.107741,2,8
16.597003,2,9
2.445765,2,10
4.045795,2,11
40.324456,2,12
3.136011,3,1
36.637547,3,2
16.454661,3,4
13.692741,3,5
78.345437,3,6
20.703283,3,7
74.566157,3,8
44.350632,3,9
3.892467,3,10
8.830648,3,11
23.917688,3,12
0.333557,4,1
8.619835,4,2
57.794736,4,3
18.835755,4,5
34.146677,4,6
17.720517,4,7
31.671491,4,8
20.398251,4,9
14.380995,4,10
9.664504,4,11
52.612461,4,12
1.341723,5,1
4.752811,5,2
20.614037,5,3
2.175704,5,4
2.247379,5,6
7.887155,5,7
3.917112,5,8
4.327248,5,9
0.302384,5,10
1.817429,5,11
16.186221,5,12
1.090651,6,1
21.924475,6,2
76.287291,6,3
9.445224,6,4
27.928088,6,5
15.467539,6,7
29.51452,6,8
27.373851,6,9
2.140725,6,10
16.964715,6,11
47.163261,6,12
0.092387,7,1
5.622509,7,2
37.325461,7,3
10.241771,7,4
4.29696,7,5
13.807805,7,6
5.596405,7,8
3.897552,7,9
3.38372,7,10
7.428923,7,11
24.428853,7,12
1.076331,8,1
35.025725,8,2
80.481267,8,3
27.067413,8,4
6.160307,8,5
45.43124,8,6
12.67428,8,7
59.599672,8,9
31.497968,8,10
18.647685,8,11
36.55424,8,12
1.092923,9,1
35.897069,9,2
42.946664,9,3
44.0992,9,4
15.718024,9,5
39.871723,9,6
16.416608,9,7
72.448589,9,8
6.75336,9,10
25.436635,9,11
135.245944,9,12
0.285981,10,2
0.099275,10,3
17.337248,10,4
4.986968,10,5
0.722179,10,6
0.026667,10,7
30.568597,10,8
0.402645,10,9
34.677645,10,11
0.694491,10,12
0.407947,11,1
12.092131,11,2
47.499643,11,3
7.774021,11,4
8.978701,11,5
14.249627,11,6
8.127456,11,7
13.320499,11,8
26.380656,11,9
3.686037,11,10
98.917707,11,12
0.416915,12,1
110.186152,12,2
92.556336,12,3
73.480029,12,4
28.228107,12,5
83.202229,12,6
28.098536,12,7
62.419837,12,8
201.764069,12,9
5.944827,12,10
57.171933,12,11
succeed
0.0,0.225957,1.07428,0.388811,0.182528,0.049936,0.839595,0.164192,0.124595,0.0,0.09568,0.745312
1.0888,0.0,40.260995,10.173741,13.139109,21.834131,3.572315,25.107741,16.597003,2.445765,4.045795,40.324456
3.136011,36.637547,0.0,16.454661,13.692741,78.345437,20.703283,74.566157,44.350632,3.892467,8.830648,23.917688
0.333557,8.619835,57.794736,0.0,18.835755,34.146677,17.720517,31.671491,20.398251,14.380995,9.664504,52.612461
1.341723,4.752811,20.614037,2.175704,0.0,2.247379,7.887155,3.917112,4.327248,0.302384,1.817429,16.186221
1.090651,21.924475,76.287291,9.445224,27.928088,0.0,15.467539,29.51452,27.373851,2.140725,16.964715,47.163261
0.092387,5.622509,37.325461,10.241771,4.29696,13.807805,0.0,5.596405,3.897552,3.38372,7.428923,24.428853
1.076331,35.025725,80.481267,27.067413,6.160307,45.43124,12.67428,0.0,59.599672,31.497968,18.647685,36.55424
1.092923,35.897069,42.946664,44.0992,15.718024,39.871723,16.416608,72.448589,0.0,6.75336,25.436635,135.245944
0.0,0.285981,0.099275,17.337248,4.986968,0.722179,0.026667,30.568597,0.402645,0.0,34.677645,0.694491
0.407947,12.092131,47.499643,7.774021,8.978701,14.249627,8.127456,13.320499,26.380656,3.686037,0.0,98.917707
0.416915,110.186152,92.556336,73.480029,28.228107,83.202229,28.098536,62.419837,201.764069,5.944827,57.171933,0.0
