2934.341044
0.238299,1,2
0.479035,1,3
0.170712,1,5
0.31328,1,6
0.026667,1,7
2.929611,1,9
0.026667,1,11
3.427043,1,12
16.505781,2,3
2.886883,2,5
25.281613,2,6
0.026667,2,7
51.259333,2,9
0.026667,2,10
0.026667,2,11
42.822291,2,12
27.105216,3,2
17.663875,3,5
57.252221,3,6
0.106667,3,7
0.026667,3,8
200.434413,3,9
0.053333,3,10
1.696419,3,11
46.141243,3,12
7.214368,4,2
34.529104,4,3
22.982584,4,5
36.892077,4,6
9.928864,4,7
40.574797,4,9
6.967563,4,10
1.242731,4,11
43.415728,4,12
32.825621,5,2
3.097875,5,3
0.172,5,4
0.053333,5,6
0.026667,5,7
6.64684,5,9
85.986957,5,12
28.392872,6,2
95.226403,6,3
14.295005,6,5
22.87616,6,7
168.133077,6,9
0.026667,6,10
0.054133,6,11
30.793875,6,12
3.494595,7,2
20.701232,7,3
7.018701,7,4
12.213627,7,5
9.512499,7,6
0.156784,7,8
21.967736,7,9
9.238117,7,12
28.307099,8,2
11.041523,8,3
24.338371,8,4
117.188267,8,5
0.592472,8,6
1.758528,8,7
90.584453,8,9
10.550512,8,10
18.520653,8,11
69.812581,8,12
34.994472,9,2
1.532072,9,3
24.820701,9,5
0.149752,9,6
1.084413,9,7
0.106667,9,10
0.51136,9,11
228.040432,9,12
0.649632,10,2
5.927208,10,4
3.576749,10,5
0.421952,10,7
39.917824,10,8
7.122397,10,9
55.851389,10,11
1.024803,10,12
13.56592,11,2
0.368075,11,3
5.701565,11,4
27.532517,11,5
0.260424,11,6
5.385309,11,7
31.214237,11,8
47.021323,11,9
4.670376,11,10
30.082424,11,12
139.871704,12,2
1.582211,12,3
74.821827,12,5
0.118693,12,6
0.049301,12,7
0.270816,12,8
499.700373,12,9
0.053333,12,10
0.058472,12,11
succeed
0.0,0.238299,0.479035,0.0,0.170712,0.31328,0.026667,0.0,2.929611,0.0,0.026667,3.427043
0.0,0.0,16.505781,0.0,2.886883,25.281613,0.026667,0.0,51.259333,0.026667,0.026667,42.822291
0.0,27.105216,0.0,0.0,17.663875,57.252221,0.106667,0.026667,200.434413,0.053333,1.696419,46.141243
0.0,7.214368,34.529104,0.0,22.982584,36.892077,9.928864,0.0,40.574797,6.967563,1.242731,43.415728
0.0,32.825621,3.097875,0.172,0.0,0.053333,0.026667,0.0,6.64684,0.0,0.0,85.986957
0.0,28.392872,95.226403,0.0,14.295005,0.0,22.87616,0.0,168.133077,0.026667,0.054133,30.793875
0.0,3.494595,20.701232,7.018701,12.213627,9.512499,0.0,0.156784,21.967736,0.0,0.0,9.238117
0.0,28.307099,11.041523,24.338371,117.188267,0.592472,1.758528,0.0,90.584453,10.550512,18.520653,69.812581
0.0,34.994472,1.532072,0.0,24.820701,0.149752,1.084413,0.0,0.0,0.106667,0.51136,228.040432
0.0,0.649632,0.0,5.927208,3.576749,0.0,0.421952,39.917824,7.122397,0.0,55.851389,1.024803
0.0,13.56592,0.368075,5.701565,27.532517,0.260424,5.385309,31.214237,47.021323,4.670376,0.0,30.082424
0.0,139.871704,1.582211,0.0,74.821827,0.118693,0.049301,0.270816,499.700373,0.053333,0.058472,0.0
