4036.094925
1.029024,1,2
0.568464,1,3
0.026667,1,4
0.212456,1,5
0.293205,1,6
0.241467,1,7
0.734525,1,8
1.275912,1,9
0.049131,1,10
0.136461,1,11
1.18188,1,12
0.57412,2,1
26.979789,2,3
8.716429,2,4
6.433432,2,5
49.547683,2,6
4.943672,2,7
22.904943,2,8
18.429368,2,9
2.018063,2,10
7.931539,2,11
62.020485,2,12
1.225867,3,1
35.961349,3,2
28.315053,3,4
26.425835,3,5
79.228133,3,6
24.5856,3,7
62.253101,3,8
42.398989,3,9
7.307077,3,10
23.088605,3,11
40.82328,3,12
0.131789,4,1
7.410925,4,2
88.533101,4,3
22.25268,4,5
35.062269,4,6
26.196816,4,7
19.510885,4,8
26.484632,4,9
19.349861,4,10
14.116005,4,11
62.404704,4,12
1.918024,5,1
7.210664,5,2
33.768971,5,3
5.296448,5,4
17.319232,5,6
8.7432,5,7
21.652067,5,8
16.039875,5,9
1.987229,5,10
3.727709,5,11
16.795389,5,12
1.762837,6,1
24.418173,6,2
133.908677,6,3
28.844779,6,4
13.642421,6,5
43.354637,6,7
33.095091,6,8
44.624112,6,9
5.752344,6,10
18.436333,6,11
76.16572,6,12
0.179504,7,1
19.924384,7,2
33.622323,7,3
9.939797,7,4
4.844,7,5
19.12588,7,6
8.951347,7,8
9.424371,7,9
2.781469,7,10
4.005627,7,11
10.408296,7,12
0.348256,8,1
26.784856,8,2
138.910232,8,3
49.126251,8,4
13.285739,8,5
57.496523,8,6
15.592488,8,7
62.651072,8,9
18.202744,8,10
23.788272,8,11
63.530328,8,12
6.422744,9,1
52.657907,9,2
98.150939,9,3
54.116379,9,4
39.907632,9,5
64.799541,9,6
34.384411,9,7
76.432685,9,8
15.722293,9,10
44.304872,9,11
137.746205,9,12
0.900944,10,2
7.247229,10,3
18.334525,10,4
0.977075,10,5
3.137,10,6
1.074869,10,7
39.006872,10,8
2.212824,10,9
56.596072,10,11
2.222779,10,12
0.409581,11,1
29.486187,11,2
57.051248,11,3
9.804427,11,4
6.432835,11,5
25.493771,11,6
12.734803,11,7
44.650989,11,8
22.801213,11,9
16.05904,11,10
31.305141,11,12
0.440853,12,1
164.638093,12,2
121.142608,12,3
83.664395,12,4
29.208352,12,5
51.974261,12,6
56.35948,12,7
86.617723,12,8
316.08632,12,9
13.679659,12,10
38.995187,12,11
succeed
0.0,1.029024,0.568464,0.026667,0.212456,0.293205,0.241467,0.734525,1.275912,0.049131,0.136461,1.18188
0.57412,0.0,26.979789,8.716429,6.433432,49.547683,4.943672,22.904943,18.429368,2.018063,7.931539,62.020485
1.225867,35.961349,0.0,28.315053,26.425835,79.228133,24.5856,62.253101,42.398989,7.307077,23.088605,40.82328
0.131789,7.410925,88.533101,0.0,22.25268,35.062269,26.196816,19.510885,26.484632,19.349861,14.116005,62.404704
1.918024,7.210664,33.768971,5.296448,0.0,17.319232,8.7432,21.652067,16.039875,1.987229,3.727709,16.795389
1.762837,24.418173,133.908677,28.844779,13.642421,0.0,43.354637,33.095091,44.624112,5.752344,18.436333,76.16572
0.179504,19.924384,33.622323,9.939797,4.844,19.12588,0.0,8.951347,9.424371,2.781469,4.005627,10.408296
0.348256,26.784856,138.910232,49.126251,13.285739,57.496523,15.592488,0.0,62.651072,18.202744,23.788272,63.530328
6.422744,52.657907,98.150939,54.116379,39.907632,64.799541,34.384411,76.432685,0.0,15.722293,44.304872,137.746205
0.0,0.900944,7.247229,18.334525,0.977075,3.137,1.074869,39.006872,2.212824,0.0,56.596072,2.222779
0.409581,29.486187,57.051248,9.804427,6.432835,25.493771,12.734803,44.650989,22.801213,16.05904,0.0,31.305141
0.440853,164.638093,121.142608,83.664395,29.208352,51.974261,56.35948,86.617723,316.08632,13.679659,38.995187,0.0
