1953.465912
5.381907,1,2
0.579776,1,3
0.026667,1,4
0.026667,1,5
0.407059,1,7
0.368267,1,8
0.188637,1,9
0.013333,1,10
0.026667,1,11
0.277912,1,12
0.223829,2,1
5.7838,2,3
7.433147,2,4
0.703829,2,5
11.532437,2,6
0.589896,2,7
21.450796,2,8
3.766728,2,9
0.087361,2,10
4.259899,2,11
30.910419,2,12
2.546336,3,1
29.847397,3,2
4.982595,3,4
8.107141,3,5
34.15292,3,6
9.538984,3,7
48.358581,3,8
7.26596,3,9
0.496437,3,10
11.645043,3,11
28.024832,3,12
0.293216,4,1
4.324019,4,2
48.2042,4,3
21.528416,4,5
18.622947,4,6
20.873477,4,7
10.149541,4,8
12.769424,4,9
7.365941,4,10
16.840539,4,11
52.332888,4,12
0.270517,5,1
2.659269,5,2
8.638904,5,3
0.88856,5,4
2.707971,5,6
1.565117,5,7
2.139968,5,8
1.243419,5,9
0.026667,5,10
0.688477,5,11
3.451517,5,12
0.105024,6,1
6.204592,6,2
32.94352,6,3
7.273275,6,4
0.251536,6,5
1.658899,6,7
12.770232,6,8
18.362851,6,9
0.97044,6,10
16.599003,6,11
11.242965,6,12
0.026667,7,1
2.546589,7,2
12.130171,7,3
5.954152,7,4
3.154797,7,5
12.003067,7,6
5.282397,7,8
2.157733,7,9
2.499256,7,10
3.16824,7,11
7.494184,7,12
6.280715,8,1
12.59632,8,2
49.599507,8,3
15.411197,8,4
3.713955,8,5
9.990779,8,6
3.016208,8,7
32.021728,8,9
29.752312,8,10
38.853821,8,11
74.16404,8,12
0.538072,9,1
41.826168,9,2
25.638333,9,3
23.750776,9,4
8.918275,9,5
29.885187,9,6
4.663032,9,7
60.694197,9,8
0.835147,9,10
27.520211,9,11
26.129296,9,12
0.026667,10,2
2.706813,10,4
0.175771,10,6
0.026667,10,7
38.205219,10,8
0.054685,10,9
35.830096,10,11
0.08,10,12
0.584229,11,1
6.113827,11,2
7.670957,11,3
2.589379,11,4
1.881448,11,5
2.572981,11,6
2.230752,11,7
19.650811,11,8
10.543893,11,9
1.874395,11,10
5.136155,11,12
1.19792,12,1
93.644899,12,2
113.005011,12,3
31.400445,12,4
29.292112,12,5
63.274819,12,6
13.696821,12,7
101.403016,12,8
119.871501,12,9
0.782909,12,10
40.752595,12,11
succeed
0.0,5.381907,0.579776,0.026667,0.026667,0.0,0.407059,0.368267,0.188637,0.013333,0.026667,0.277912
0.223829,0.0,5.7838,7.433147,0.703829,11.532437,0.589896,21.450796,3.766728,0.087361,4.259899,30.910419
2.546336,29.847397,0.0,4.982595,8.107141,34.15292,9.538984,48.358581,7.26596,0.496437,11.645043,28.024832
0.293216,4.324019,48.2042,0.0,21.528416,18.622947,20.873477,10.149541,12.769424,7.365941,16.840539,52.332888
0.270517,2.659269,8.638904,0.88856,0.0,2.707971,1.565117,2.139968,1.243419,0.026667,0.688477,3.451517
0.105024,6.204592,32.94352,7.273275,0.251536,0.0,1.658899,12.770232,18.362851,0.97044,16.599003,11.242965
0.026667,2.546589,12.130171,5.954152,3.154797,12.003067,0.0,5.282397,2.157733,2.499256,3.16824,7.494184
6.280715,12.59632,49.599507,15.411197,3.713955,9.990779,3.016208,0.0,32.021728,29.752312,38.853821,74.16404
0.538072,41.826168,25.638333,23.750776,8.918275,29.885187,4.663032,60.694197,0.0,0.835147,27.520211,26.129296
0.0,0.026667,0.0,2.706813,0.0,0.175771,0.026667,38.205219,0.054685,0.0,35.830096,0.08
0.584229,6.113827,7.670957,2.589379,1.881448,2.572981,2.230752,19.650811,10.543893,1.874395,0.0,5.136155
1.19792,93.644899,113.005011,31.400445,29.292112,63.274819,13.696821,101.403016,119.871501,0.782909,40.752595,0.0
