4300.455787
0.647112,1,2
1.24876,1,3
1.395168,1,5
0.796336,1,6
0.9254,1,7
0.273379,1,9
2.699099,1,12
34.993627,2,3
0.035739,2,4
61.323888,2,5
43.542424,2,6
19.957192,2,7
0.057745,2,8
15.726096,2,9
0.083612,2,10
0.425192,2,11
61.175309,2,12
40.516315,3,2
41.327277,3,4
130.053579,3,5
73.520797,3,6
27.781416,3,7
0.074016,3,8
51.563472,3,9
0.273088,3,10
0.663611,3,11
58.549389,3,12
14.373347,4,2
83.589469,4,3
67.838877,4,5
37.007949,4,6
19.885504,4,7
2.361941,4,8
26.488867,4,9
11.891664,4,10
2.98384,4,11
57.275536,4,12
47.222525,5,2
2.429701,5,3
0.074336,5,4
0.026667,5,6
0.026667,5,7
10.594797,5,9
0.026667,5,10
0.477573,5,11
134.285907,5,12
34.463288,6,2
155.414352,6,3
24.947349,6,4
82.339827,6,5
24.570555,6,7
0.159312,6,8
107.70608,6,9
2.682851,6,10
0.942107,6,11
49.609371,6,12
8.16644,7,2
42.294421,7,3
8.983539,7,4
20.042389,7,5
35.359917,7,6
0.053333,7,8
13.383016,7,9
0.040341,7,10
0.271157,7,11
18.128213,7,12
35.839515,8,2
15.938781,8,3
38.823333,8,4
308.674747,8,5
0.448896,8,6
0.866899,8,7
87.769795,8,9
17.327147,8,10
26.318603,8,11
116.595067,8,12
66.266213,9,2
115.149979,9,3
53.3772,9,4
171.915411,9,5
71.751027,9,6
25.467133,9,7
0.28224,9,8
0.784707,9,10
2.143837,9,11
160.737331,9,12
0.851128,10,2
0.084181,10,3
9.819987,10,4
21.042645,10,5
1.502325,10,7
32.876237,10,8
9.151213,10,9
47.664064,10,11
5.013685,10,12
15.351571,11,2
3.130512,11,3
19.98952,11,4
57.313133,11,5
0.193883,11,6
8.878416,11,7
36.625552,11,8
18.742883,11,9
8.635992,11,10
22.780141,11,12
113.450461,12,2
115.571501,12,3
2.558957,12,4
310.785627,12,5
50.63212,12,6
40.095067,12,7
0.166715,12,8
203.026357,12,9
0.391739,12,10
9.603584,12,11
succeed
0.0,0.647112,1.24876,0.0,1.395168,0.796336,0.9254,0.0,0.273379,0.0,0.0,2.699099
0.0,0.0,34.993627,0.035739,61.323888,43.542424,19.957192,0.057745,15.726096,0.083612,0.425192,61.175309
0.0,40.516315,0.0,41.327277,130.053579,73.520797,27.781416,0.074016,51.563472,0.273088,0.663611,58.549389
0.0,14.373347,83.589469,0.0,67.838877,37.007949,19.885504,2.361941,26.488867,11.891664,2.98384,57.275536
0.0,47.222525,2.429701,0.074336,0.0,0.026667,0.026667,0.0,10.594797,0.026667,0.477573,134.285907
0.0,34.463288,155.414352,24.947349,82.339827,0.0,24.570555,0.159312,107.70608,2.682851,0.942107,49.609371
0.0,8.16644,42.294421,8.983539,20.042389,35.359917,0.0,0.053333,13.383016,0.040341,0.271157,18.128213
0.0,35.839515,15.938781,38.823333,308.674747,0.448896,0.866899,0.0,87.769795,17.327147,26.318603,116.595067
0.0,66.266213,115.149979,53.3772,171.915411,71.751027,25.467133,0.28224,0.0,0.784707,2.143837,160.737331
0.0,0.851128,0.084181,9.819987,21.042645,0.0,1.502325,32.876237,9.151213,0.0,47.664064,5.013685
0.0,15.351571,3.130512,19.98952,57.313133,0.193883,8.878416,36.625552,18.742883,8.635992,0.0,22.780141
0.0,113.450461,115.571501,2.558957,310.785627,50.63212,40.095067,0.166715,203.026357,0.391739,9.603584,0.0
