2253.6426380000003
0.065352,1,2
0.053333,1,3
0.047883,1,5
0.353811,1,7
0.102253,1,8
0.428576,1,9
0.026667,1,11
0.627077,1,12
0.051997,2,1
5.851,2,3
4.322115,2,4
2.227525,2,5
17.217792,2,6
0.919037,2,7
11.550659,2,8
3.607275,2,9
0.013333,2,10
3.002195,2,11
28.439667,2,12
0.053333,3,1
15.559963,3,2
12.949632,3,4
27.34684,3,5
32.626344,3,6
8.425376,3,7
43.582755,3,8
12.55956,3,9
0.106667,3,10
4.213149,3,11
11.015496,3,12
0.03792,4,1
5.206867,4,2
47.175992,4,3
17.337307,4,5
26.843411,4,6
22.915856,4,7
6.504651,4,8
16.481587,4,9
11.850288,4,10
15.859899,4,11
34.833027,4,12
0.155659,5,1
2.889704,5,2
11.043864,5,3
0.805104,5,4
0.393501,5,6
0.645992,5,7
7.632589,5,8
1.227328,5,9
2.832864,5,10
0.429472,5,11
3.256571,5,12
0.116496,6,1
23.164264,6,2
38.540288,6,3
4.151043,6,4
2.349501,6,5
2.111096,6,7
18.408909,6,8
14.630421,6,9
0.21304,6,10
5.615155,6,11
9.65004,6,12
0.084136,7,1
1.491984,7,2
19.118203,7,3
8.090136,7,4
3.662288,7,5
15.552187,7,6
3.935683,7,8
5.659437,7,9
3.152963,7,11
6.73872,7,12
0.026667,8,1
37.861821,8,2
75.615083,8,3
36.593453,8,4
29.931883,8,5
15.988477,8,6
5.034744,8,7
44.900821,8,9
4.084037,8,10
29.868659,8,11
189.374221,8,12
0.960587,9,1
23.653944,9,2
34.090752,9,3
21.861571,9,4
13.338739,9,5
20.833941,9,6
5.943757,9,7
46.337139,9,8
1.276645,9,10
12.027139,9,11
111.568499,9,12
0.496133,10,3
5.398397,10,4
0.119509,10,5
0.333608,10,6
38.408304,10,8
9.198859,10,9
25.974035,10,11
0.378944,10,12
0.053333,11,1
7.090917,11,2
12.198507,11,3
1.110501,11,4
3.699939,11,5
3.626205,11,6
2.053336,11,7
194.558275,11,8
6.142675,11,9
9.447224,11,10
11.089128,11,12
0.027011,12,1
110.156309,12,2
68.963389,12,3
49.361771,12,4
9.701037,12,5
37.450811,12,6
6.977187,12,7
95.649387,12,8
94.398997,12,9
1.076117,12,10
17.188109,12,11
succeed
0.0,0.065352,0.053333,0.0,0.047883,0.0,0.353811,0.102253,0.428576,0.0,0.026667,0.627077
0.051997,0.0,5.851,4.322115,2.227525,17.217792,0.919037,11.550659,3.607275,0.013333,3.002195,28.439667
0.053333,15.559963,0.0,12.949632,27.34684,32.626344,8.425376,43.582755,12.55956,0.106667,4.213149,11.015496
0.03792,5.206867,47.175992,0.0,17.337307,26.843411,22.915856,6.504651,16.481587,11.850288,15.859899,34.833027
0.155659,2.889704,11.043864,0.805104,0.0,0.393501,0.645992,7.632589,1.227328,2.832864,0.429472,3.256571
0.116496,23.164264,38.540288,4.151043,2.349501,0.0,2.111096,18.408909,14.630421,0.21304,5.615155,9.65004
0.084136,1.491984,19.118203,8.090136,3.662288,15.552187,0.0,3.935683,5.659437,0.0,3.152963,6.73872
0.026667,37.861821,75.615083,36.593453,29.931883,15.988477,5.034744,0.0,44.900821,4.084037,29.868659,189.374221
0.960587,23.653944,34.090752,21.861571,13.338739,20.833941,5.943757,46.337139,0.0,1.276645,12.027139,111.568499
0.0,0.0,0.496133,5.398397,0.119509,0.333608,0.0,38.408304,9.198859,0.0,25.974035,0.378944
0.053333,7.090917,12.198507,1.110501,3.699939,3.626205,2.053336,194.558275,6.142675,9.447224,0.0,11.089128
0.027011,110.156309,68.963389,49.361771,9.701037,37.450811,6.977187,95.649387,94.398997,1.076117,17.188109,0.0
