6399.997848
0.317957,1,2
0.846016,1,3
2.027389,1,5
0.178179,1,6
0.389736,1,7
0.615864,1,9
1.351432,1,12
36.895392,2,3
0.121469,2,4
64.697677,2,5
39.884717,2,6
5.028371,2,7
0.057464,2,8
18.8986,2,9
0.026667,2,10
0.709781,2,11
63.771133,2,12
37.947875,3,2
26.779139,3,4
156.348411,3,5
61.727541,3,6
23.054341,3,7
2519.77248,3,8
52.582557,3,9
2.272301,3,11
96.946093,3,12
11.222624,4,2
68.260781,4,3
55.691104,4,5
40.455536,4,6
21.337272,4,7
0.08,4,8
16.206808,4,9
14.604155,4,10
0.959669,4,11
42.928667,4,12
52.065712,5,2
1.592661,5,3
0.026667,5,7
0.060459,5,8
5.637576,5,9
0.026667,5,10
0.239923,5,11
126.561888,5,12
26.706235,6,2
139.746941,6,3
17.876504,6,4
170.669096,6,5
19.58716,6,7
0.053333,6,8
85.926576,6,9
0.063824,6,10
3.342747,6,11
44.956347,6,12
5.268669,7,2
29.206288,7,3
9.031347,7,4
16.791629,7,5
15.651739,7,6
6.810893,7,9
0.409341,7,11
17.734464,7,12
43.632893,8,2
13.159325,8,3
36.488064,8,4
206.129216,8,5
0.741141,8,6
1.049136,8,7
100.094872,8,9
10.409184,8,10
37.821304,8,11
107.56044,8,12
35.452317,9,2
98.152963,9,3
45.050595,9,4
169.216075,9,5
68.340981,9,6
16.394837,9,7
0.444221,9,8
0.053333,9,10
12.390363,9,11
117.814981,9,12
0.153245,10,2
0.197605,10,3
2.359589,10,4
7.969168,10,5
0.400056,10,7
41.836557,10,8
3.84836,10,9
51.217549,10,11
1.347752,10,12
13.081989,11,2
2.946627,11,3
5.324944,11,4
42.368245,11,5
0.1384,11,6
4.801115,11,7
31.398787,11,8
14.115053,11,9
12.405109,11,10
10.678349,11,12
90.050232,12,2
143.403496,12,3
12.094072,12,4
237.183784,12,5
82.428781,12,6
17.979267,12,7
0.126709,12,8
155.974408,12,9
0.334843,12,10
12.397632,12,11
succeed
0.0,0.317957,0.846016,0.0,2.027389,0.178179,0.389736,0.0,0.615864,0.0,0.0,1.351432
0.0,0.0,36.895392,0.121469,64.697677,39.884717,5.028371,0.057464,18.8986,0.026667,0.709781,63.771133
0.0,37.947875,0.0,26.779139,156.348411,61.727541,23.054341,2519.77248,52.582557,0.0,2.272301,96.946093
0.0,11.222624,68.260781,0.0,55.691104,40.455536,21.337272,0.08,16.206808,14.604155,0.959669,42.928667
0.0,52.065712,1.592661,0.0,0.0,0.0,0.026667,0.060459,5.637576,0.026667,0.239923,126.561888
0.0,26.706235,139.746941,17.876504,170.669096,0.0,19.58716,0.053333,85.926576,0.063824,3.342747,44.956347
0.0,5.268669,29.206288,9.031347,16.791629,15.651739,0.0,0.0,6.810893,0.0,0.409341,17.734464
0.0,43.632893,13.159325,36.488064,206.129216,0.741141,1.049136,0.0,100.094872,10.409184,37.821304,107.56044
0.0,35.452317,98.152963,45.050595,169.216075,68.340981,16.394837,0.444221,0.0,0.053333,12.390363,117.814981
0.0,0.153245,0.197605,2.359589,7.969168,0.0,0.400056,41.836557,3.84836,0.0,51.217549,1.347752
0.0,13.081989,2.946627,5.324944,42.368245,0.1384,4.801115,31.398787,14.115053,12.405109,0.0,10.678349
0.0,90.050232,143.403496,12.094072,237.183784,82.428781,17.979267,0.126709,155.974408,0.334843,12.397632,0.0
