2156.061069
0.026667,1,3
0.071165,1,5
0.737357,1,8
0.026667,1,9
0.026667,1,10
0.061909,1,11
1.195917,1,12
0.028235,2,1
12.535808,2,3
2.17412,2,4
1.649235,2,5
28.53284,2,6
0.307765,2,7
13.685563,2,8
3.733733,2,9
0.862931,2,10
2.478208,2,11
33.569917,2,12
14.755813,3,2
3.604408,3,4
4.558371,3,5
14.827141,3,6
8.042395,3,7
50.450555,3,8
39.85604,3,9
5.394459,3,10
11.369741,3,11
15.428224,3,12
0.09888,4,1
6.821381,4,2
58.661635,4,3
25.672835,4,5
24.813864,4,6
26.402093,4,7
22.147491,4,8
22.6408,4,9
16.485128,4,10
14.718592,4,11
38.216896,4,12
6.135717,5,1
9.078843,5,2
10.49068,5,3
0.752528,5,4
0.589267,5,6
4.772053,5,7
3.4392,5,8
3.160963,5,9
0.333208,5,10
0.988843,5,11
3.462576,5,12
0.0416,6,1
5.366099,6,2
59.627541,6,3
6.017077,6,4
0.391376,6,5
1.937165,6,7
20.444184,6,8
6.651763,6,9
1.230517,6,10
6.842285,6,11
2.425053,6,12
2.051488,7,2
14.606045,7,3
3.901251,7,4
2.327848,7,5
9.612653,7,6
7.026613,7,8
4.787187,7,9
2.058152,7,10
2.818795,7,11
10.735192,7,12
0.570723,8,1
8.704907,8,2
91.59748,8,3
10.890984,8,4
5.279869,8,5
10.914979,8,6
1.645379,8,7
24.737296,8,9
20.237907,8,10
21.663339,8,11
74.444163,8,12
0.053333,9,1
9.838037,9,2
9.493461,9,3
22.659099,9,4
2.339109,9,5
15.172661,9,6
5.108747,9,7
75.676533,9,8
0.586749,9,10
28.365381,9,11
56.229515,9,12
0.026667,10,1
0.649379,10,2
0.053333,10,3
10.299933,10,4
0.127664,10,6
37.307016,10,8
2.276688,10,9
44.756747,10,11
1.245619,10,12
0.125069,11,1
7.221651,11,2
19.219197,11,3
2.31584,11,4
1.264707,11,5
3.483728,11,6
2.114725,11,7
14.714576,11,8
8.66776,11,9
6.771763,11,10
69.533739,11,12
1.7172,12,1
135.508083,12,2
67.225451,12,3
57.533765,12,4
30.008011,12,5
38.66532,12,6
34.555765,12,7
115.700576,12,8
164.329011,12,9
0.632264,12,10
41.024963,12,11
succeed
0.0,0.0,0.026667,0.0,0.071165,0.0,0.0,0.737357,0.026667,0.026667,0.061909,1.195917
0.028235,0.0,12.535808,2.17412,1.649235,28.53284,0.307765,13.685563,3.733733,0.862931,2.478208,33.569917
0.0,14.755813,0.0,3.604408,4.558371,14.827141,8.042395,50.450555,39.85604,5.394459,11.369741,15.428224
0.09888,6.821381,58.661635,0.0,25.672835,24.813864,26.402093,22.147491,22.6408,16.485128,14.718592,38.216896
6.135717,9.078843,10.49068,0.752528,0.0,0.589267,4.772053,3.4392,3.160963,0.333208,0.988843,3.462576
0.0416,5.366099,59.627541,6.017077,0.391376,0.0,1.937165,20.444184,6.651763,1.230517,6.842285,2.425053
0.0,2.051488,14.606045,3.901251,2.327848,9.612653,0.0,7.026613,4.787187,2.058152,2.818795,10.735192
0.570723,8.704907,91.59748,10.890984,5.279869,10.914979,1.645379,0.0,24.737296,20.237907,21.663339,74.444163
0.053333,9.838037,9.493461,22.659099,2.339109,15.172661,5.108747,75.676533,0.0,0.586749,28.365381,56.229515
0.026667,0.649379,0.053333,10.299933,0.0,0.127664,0.0,37.307016,2.276688,0.0,44.756747,1.245619
0.125069,7.221651,19.219197,2.31584,1.264707,3.483728,2.114725,14.714576,8.66776,6.771763,0.0,69.533739
1.7172,135.508083,67.225451,57.533765,30.008011,38.66532,34.555765,115.700576,164.329011,0.632264,41.024963,0.0
