8181.655058
0.11456,1,2
0.974059,1,3
1.405584,1,5
0.155744,1,6
0.196096,1,7
1.861368,1,9
0.031872,1,11
3.318853,1,12
25.306424,2,3
0.054253,2,4
33.466952,2,5
20.422171,2,6
3.425587,2,7
0.026667,2,8
25.284376,2,9
0.07104,2,10
0.244389,2,11
65.576563,2,12
33.405773,3,2
15.365389,3,4
5159.400533,3,5
44.443301,3,6
10.245272,3,7
0.053333,3,8
22.326763,3,9
0.441461,3,11
77.016973,3,12
9.658859,4,2
64.259811,4,3
29.796656,4,5
31.406368,4,6
9.117608,4,7
0.026667,4,8
16.70236,4,9
5.660723,4,10
0.086765,4,11
47.112845,4,12
28.529248,5,2
2.17304,5,3
0.026667,5,4
0.026667,5,8
5.807219,5,9
0.026667,5,10
0.053333,5,11
112.310371,5,12
10.822301,6,2
160.133344,6,3
7.705875,6,4
73.862829,6,5
14.827051,6,7
42.550459,6,9
1.741733,6,10
0.529669,6,11
21.317285,6,12
4.218821,7,2
31.839269,7,3
9.813107,7,4
10.525195,7,5
8.519464,7,6
11.7108,7,9
0.08,7,11
10.111976,7,12
23.931181,8,2
22.126019,8,3
8.433659,8,4
147.087115,8,5
0.887899,8,6
0.039285,8,7
62.942941,8,9
19.806971,8,10
19.260512,8,11
109.667477,8,12
40.994269,9,2
92.433187,9,3
36.26492,9,4
105.788157,9,5
39.215851,9,6
25.489517,9,7
0.357133,9,8
0.43328,9,10
3.434696,9,11
83.600131,9,12
0.220184,10,2
0.16,10,3
2.863989,10,4
8.063211,10,5
0.026667,10,6
0.379877,10,7
39.079539,10,8
4.372387,10,9
50.173547,10,11
1.573552,10,12
8.422088,11,2
6.840872,11,3
1.612651,11,4
50.342557,11,5
0.110928,11,6
4.182368,11,7
19.545541,11,8
15.362275,11,9
1.74372,11,10
10.02832,11,12
138.808379,12,2
113.584707,12,3
15.888405,12,4
262.591725,12,5
34.423635,12,6
24.580699,12,7
0.053512,12,8
188.966912,12,9
0.026667,12,10
7.705536,12,11
succeed
0.0,0.11456,0.974059,0.0,1.405584,0.155744,0.196096,0.0,1.861368,0.0,0.031872,3.318853
0.0,0.0,25.306424,0.054253,33.466952,20.422171,3.425587,0.026667,25.284376,0.07104,0.244389,65.576563
0.0,33.405773,0.0,15.365389,5159.400533,44.443301,10.245272,0.053333,22.326763,0.0,0.441461,77.016973
0.0,9.658859,64.259811,0.0,29.796656,31.406368,9.117608,0.026667,16.70236,5.660723,0.086765,47.112845
0.0,28.529248,2.17304,0.026667,0.0,0.0,0.0,0.026667,5.807219,0.026667,0.053333,112.310371
0.0,10.822301,160.133344,7.705875,73.862829,0.0,14.827051,0.0,42.550459,1.741733,0.529669,21.317285
0.0,4.218821,31.839269,9.813107,10.525195,8.519464,0.0,0.0,11.7108,0.0,0.08,10.111976
0.0,23.931181,22.126019,8.433659,147.087115,0.887899,0.039285,0.0,62.942941,19.806971,19.260512,109.667477
0.0,40.994269,92.433187,36.26492,105.788157,39.215851,25.489517,0.357133,0.0,0.43328,3.434696,83.600131
0.0,0.220184,0.16,2.863989,8.063211,0.026667,0.379877,39.079539,4.372387,0.0,50.173547,1.573552
0.0,8.422088,6.840872,1.612651,50.342557,0.110928,4.182368,19.545541,15.362275,1.74372,0.0,10.02832
0.0,138.808379,113.584707,15.888405,262.591725,34.423635,24.580699,0.053512,188.966912,0.026667,7.705536,0.0
