1663.794425
0.026667,1,2
0.125168,1,3
0.125133,1,5
0.026667,1,6
0.441893,1,8
0.114325,1,9
0.013333,1,10
0.028603,1,11
1.793603,1,12
0.053333,2,1
9.41392,2,3
3.936456,2,4
6.022936,2,5
24.155757,2,6
0.613,2,7
9.991272,2,8
3.050741,2,9
0.266224,2,10
2.063096,2,11
20.474304,2,12
1.495811,3,1
22.999419,3,2
8.001901,3,4
4.579995,3,5
12.707453,3,6
4.196024,3,7
46.144256,3,8
9.524472,3,9
2.349819,3,10
4.643352,3,11
13.880675,3,12
0.09776,4,1
3.730821,4,2
31.432907,4,3
15.870765,4,5
26.370467,4,6
21.242389,4,7
6.285885,4,8
6.880856,4,9
4.505805,4,10
7.500277,4,11
32.749008,4,12
3.806323,5,1
3.433189,5,2
6.902133,5,3
0.969683,5,4
0.722088,5,6
0.83324,5,7
9.302677,5,8
4.128123,5,9
1.121597,5,11
3.649523,5,12
0.245779,6,1
15.175976,6,2
25.672592,6,3
8.210397,6,4
1.288349,6,5
4.012696,6,7
15.415957,6,8
23.960269,6,9
0.265416,6,10
6.343261,6,11
13.541323,6,12
2.586333,7,2
11.331955,7,3
7.19548,7,4
5.002427,7,5
9.31444,7,6
6.10464,7,8
1.273355,7,9
2.493605,7,10
3.117299,7,11
16.251909,7,12
0.384501,8,1
22.851707,8,2
54.304821,8,3
11.245997,8,4
6.220453,8,5
14.893021,8,6
7.898427,8,7
65.351693,8,9
13.866592,8,10
20.252965,8,11
14.400579,8,12
1.450123,9,1
23.989896,9,2
16.204448,9,3
23.018149,9,4
12.500715,9,5
16.707443,9,6
5.599024,9,7
69.493053,9,8
0.570755,9,10
10.184248,9,11
28.926195,9,12
0.591371,10,2
0.026667,10,3
8.800496,10,4
0.026667,10,5
0.230877,10,6
0.026667,10,7
33.961747,10,8
0.492341,10,9
26.879389,10,11
0.053333,10,12
0.162003,11,1
6.202499,11,2
7.767669,11,3
1.67512,11,4
1.319584,11,5
8.421469,11,6
1.541101,11,7
14.722507,11,8
8.870741,11,9
11.408147,11,10
1.894152,11,12
1.136661,12,1
70.947293,12,2
76.545376,12,3
43.696579,12,4
22.978109,12,5
30.875243,12,6
7.485891,12,7
69.330811,12,8
160.792533,12,9
1.685595,12,10
19.3324,12,11
succeed
0.0,0.026667,0.125168,0.0,0.125133,0.026667,0.0,0.441893,0.114325,0.013333,0.028603,1.793603
0.053333,0.0,9.41392,3.936456,6.022936,24.155757,0.613,9.991272,3.050741,0.266224,2.063096,20.474304
1.495811,22.999419,0.0,8.001901,4.579995,12.707453,4.196024,46.144256,9.524472,2.349819,4.643352,13.880675
0.09776,3.730821,31.432907,0.0,15.870765,26.370467,21.242389,6.285885,6.880856,4.505805,7.500277,32.749008
3.806323,3.433189,6.902133,0.969683,0.0,0.722088,0.83324,9.302677,4.128123,0.0,1.121597,3.649523
0.245779,15.175976,25.672592,8.210397,1.288349,0.0,4.012696,15.415957,23.960269,0.265416,6.343261,13.541323
0.0,2.586333,11.331955,7.19548,5.002427,9.31444,0.0,6.10464,1.273355,2.493605,3.117299,16.251909
0.384501,22.851707,54.304821,11.245997,6.220453,14.893021,7.898427,0.0,65.351693,13.866592,20.252965,14.400579
1.450123,23.989896,16.204448,23.018149,12.500715,16.707443,5.599024,69.493053,0.0,0.570755,10.184248,28.926195
0.0,0.591371,0.026667,8.800496,0.026667,0.230877,0.026667,33.961747,0.492341,0.0,26.879389,0.053333
0.162003,6.202499,7.767669,1.67512,1.319584,8.421469,1.541101,14.722507,8.870741,11.408147,0.0,1.894152
1.136661,70.947293,76.545376,43.696579,22.978109,30.875243,7.485891,69.330811,160.792533,1.685595,19.3324,0.0
