3872.969525
0.185733,1,2
1.499403,1,3
0.15384,1,4
0.338341,1,5
0.850328,1,6
0.53304,1,7
0.265059,1,8
1.985563,1,9
0.071088,1,10
0.206224,1,11
0.748195,1,12
1.16536,2,1
24.241037,2,3
9.335816,2,4
10.681584,2,5
32.262016,2,6
10.993245,2,7
29.905816,2,8
21.643389,2,9
2.598427,2,10
5.341968,2,11
154.022333,2,12
1.324448,3,1
37.800779,3,2
26.891621,3,4
33.466139,3,5
91.027552,3,6
37.788021,3,7
69.270864,3,8
26.328803,3,9
9.101155,3,10
13.563635,3,11
48.988016,3,12
1.387613,4,1
10.727069,4,2
59.440176,4,3
34.690779,4,5
30.259693,4,6
20.291072,4,7
11.088205,4,8
21.238749,4,9
18.957915,4,10
17.293979,4,11
63.405043,4,12
2.515875,5,1
4.563189,5,2
41.506707,5,3
5.814208,5,4
10.972963,5,6
6.744344,5,7
7.664733,5,8
8.298125,5,9
2.195571,5,10
3.629528,5,11
6.429912,5,12
0.970533,6,1
28.512645,6,2
117.666283,6,3
23.958344,6,4
19.980315,6,5
21.215664,6,7
35.06476,6,8
34.461632,6,9
6.836051,6,10
11.678928,6,11
45.099904,6,12
0.700629,7,1
6.272,7,2
35.724707,7,3
9.899499,7,4
5.615163,7,5
18.333259,7,6
14.220373,7,8
10.495291,7,9
3.468747,7,10
12.340115,7,11
9.205709,7,12
0.319029,8,1
42.378619,8,2
124.123461,8,3
15.623016,8,4
20.702187,8,5
58.612821,8,6
14.514624,8,7
58.387251,8,9
14.288376,8,10
28.672392,8,11
85.362851,8,12
6.635339,9,1
66.507901,9,2
62.778701,9,3
47.008288,9,4
34.182336,9,5
96.656429,9,6
33.102885,9,7
79.427816,9,8
27.438373,9,10
42.768,9,11
147.365323,9,12
0.026667,10,1
0.744992,10,2
4.536672,10,3
15.445768,10,4
0.814237,10,5
3.589771,10,6
1.381816,10,7
38.40284,10,8
4.448619,10,9
48.104971,10,11
1.854997,10,12
0.366923,11,1
9.503568,11,2
64.241693,11,3
12.688395,11,4
10.819784,11,5
22.102381,11,6
8.654021,11,7
48.600989,11,8
27.187987,11,9
13.201531,11,10
17.214571,11,12
4.332581,12,1
178.973336,12,2
81.152899,12,3
80.597427,12,4
37.338955,12,5
74.809805,12,6
47.590904,12,7
98.220077,12,8
179.527608,12,9
12.250488,12,10
51.971397,12,11
succeed
0.0,0.185733,1.499403,0.15384,0.338341,0.850328,0.53304,0.265059,1.985563,0.071088,0.206224,0.748195
1.16536,0.0,24.241037,9.335816,10.681584,32.262016,10.993245,29.905816,21.643389,2.598427,5.341968,154.022333
1.324448,37.800779,0.0,26.891621,33.466139,91.027552,37.788021,69.270864,26.328803,9.101155,13.563635,48.988016
1.387613,10.727069,59.440176,0.0,34.690779,30.259693,20.291072,11.088205,21.238749,18.957915,17.293979,63.405043
2.515875,4.563189,41.506707,5.814208,0.0,10.972963,6.744344,7.664733,8.298125,2.195571,3.629528,6.429912
0.970533,28.512645,117.666283,23.958344,19.980315,0.0,21.215664,35.06476,34.461632,6.836051,11.678928,45.099904
0.700629,6.272,35.724707,9.899499,5.615163,18.333259,0.0,14.220373,10.495291,3.468747,12.340115,9.205709
0.319029,42.378619,124.123461,15.623016,20.702187,58.612821,14.514624,0.0,58.387251,14.288376,28.672392,85.362851
6.635339,66.507901,62.778701,47.008288,34.182336,96.656429,33.102885,79.427816,0.0,27.438373,42.768,147.365323
0.026667,0.744992,4.536672,15.445768,0.814237,3.589771,1.381816,38.40284,4.448619,0.0,48.104971,1.854997
0.366923,9.503568,64.241693,12.688395,10.819784,22.102381,8.654021,48.600989,27.187987,13.201531,0.0,17.214571
4.332581,178.973336,81.152899,80.597427,37.338955,74.809805,47.590904,98.220077,179.527608,12.250488,51.971397,0.0
