1053.53807
0.275909,1,3
0.026667,1,4
0.188731,1,5
0.026667,1,6
0.521048,1,7
0.026667,1,8
0.026667,1,9
0.419952,1,12
0.137923,2,1
8.627744,2,3
2.108069,2,4
0.501315,2,5
10.452752,2,6
2.605816,2,7
7.363628,2,8
1.374533,2,9
6.876775,2,10
3.330496,2,11
24.954397,2,12
0.056371,3,1
17.525504,3,2
4.726739,3,4
6.987203,3,5
12.335229,3,6
7.378275,3,7
5.904365,3,8
10.650907,3,9
21.506096,3,10
8.937477,3,11
6.892104,3,12
0.155253,4,1
3.342653,4,2
43.45332,4,3
19.986219,4,5
30.515435,4,6
25.063552,4,7
4.085461,4,8
16.654619,4,9
15.822147,4,10
10.950992,4,11
24.969168,4,12
2.540947,5,1
1.067344,5,2
11.374568,5,3
1.205971,5,4
1.190019,5,6
0.951272,5,7
4.586784,5,8
1.177688,5,9
0.053333,5,10
0.996997,5,11
1.748848,5,12
0.026667,6,1
3.786933,6,2
35.962099,6,3
7.353011,6,4
0.339312,6,5
2.755291,6,7
2.111101,6,8
13.442248,6,9
7.830507,6,10
14.388296,6,11
5.446163,6,12
2.736011,7,2
9.498307,7,3
4.614261,7,4
3.017141,7,5
11.392989,7,6
1.479499,7,8
2.499928,7,9
4.778392,7,10
0.613136,7,11
4.342307,7,12
2.410096,8,2
15.753261,8,3
2.024408,8,4
0.48192,8,5
2.922099,8,6
0.469347,8,7
6.505784,8,9
4.612861,8,10
2.559693,8,11
26.670901,8,12
0.294979,9,1
7.717664,9,2
20.129592,9,3
29.585168,9,4
6.518528,9,5
11.567909,9,6
3.463619,9,7
3.867864,9,8
32.331381,9,10
28.661091,9,11
28.823419,9,12
0.964133,10,2
10.777381,10,3
4.025192,10,4
0.381715,10,5
3.683107,10,6
0.195112,10,7
2.250584,10,8
6.631445,10,9
29.119389,10,11
3.2416,10,12
0.100555,11,1
4.473101,11,2
10.851997,11,3
4.130309,11,4
2.333397,11,5
13.195157,11,6
1.153376,11,7
1.553701,11,8
10.761219,11,9
12.037131,11,10
2.754563,11,12
0.134275,12,1
26.883059,12,2
34.832792,12,3
5.986085,12,4
3.823696,12,5
5.553629,12,6
13.942021,12,7
15.206163,12,8
39.998664,12,9
4.635808,12,10
7.503915,12,11
succeed
0.0,0.0,0.275909,0.026667,0.188731,0.026667,0.521048,0.026667,0.026667,0.0,0.0,0.419952
0.137923,0.0,8.627744,2.108069,0.501315,10.452752,2.605816,7.363628,1.374533,6.876775,3.330496,24.954397
0.056371,17.525504,0.0,4.726739,6.987203,12.335229,7.378275,5.904365,10.650907,21.506096,8.937477,6.892104
0.155253,3.342653,43.45332,0.0,19.986219,30.515435,25.063552,4.085461,16.654619,15.822147,10.950992,24.969168
2.540947,1.067344,11.374568,1.205971,0.0,1.190019,0.951272,4.586784,1.177688,0.053333,0.996997,1.748848
0.026667,3.786933,35.962099,7.353011,0.339312,0.0,2.755291,2.111101,13.442248,7.830507,14.388296,5.446163
0.0,2.736011,9.498307,4.614261,3.017141,11.392989,0.0,1.479499,2.499928,4.778392,0.613136,4.342307
0.0,2.410096,15.753261,2.024408,0.48192,2.922099,0.469347,0.0,6.505784,4.612861,2.559693,26.670901
0.294979,7.717664,20.129592,29.585168,6.518528,11.567909,3.463619,3.867864,0.0,32.331381,28.661091,28.823419
0.0,0.964133,10.777381,4.025192,0.381715,3.683107,0.195112,2.250584,6.631445,0.0,29.119389,3.2416
0.100555,4.473101,10.851997,4.130309,2.333397,13.195157,1.153376,1.553701,10.761219,12.037131,0.0,2.754563
0.134275,26.883059,34.832792,5.986085,3.823696,5.553629,13.942021,15.206163,39.998664,4.635808,7.503915,0.0
