3227.243003
0.08,1,2
0.222707,1,3
0.026667,1,4
0.144917,1,5
0.026667,1,6
0.269731,1,7
0.321568,1,8
0.646709,1,9
0.08,1,11
0.816043,1,12
0.413213,2,1
17.024917,2,3
12.343536,2,4
13.029675,2,5
31.222563,2,6
5.475997,2,7
23.054896,2,8
17.719331,2,9
0.938805,2,10
4.74636,2,11
65.344683,2,12
0.582157,3,1
31.645736,3,2
14.73296,3,4
10.111861,3,5
73.212405,3,6
17.818517,3,7
44.830459,3,8
24.369632,3,9
7.009467,3,10
14.904461,3,11
40.590013,3,12
0.148789,4,1
8.351269,4,2
55.862171,4,3
19.980627,4,5
29.770992,4,6
18.715421,4,7
45.631349,4,8
23.132277,4,9
16.633941,4,10
34.732408,4,11
40.032856,4,12
2.003605,5,1
8.494888,5,2
27.428563,5,3
4.692432,5,4
7.715816,5,6
4.211269,5,7
15.725013,5,8
7.824712,5,9
0.916517,5,10
2.970445,5,11
13.537731,5,12
0.161275,6,1
27.939192,6,2
72.543915,6,3
14.004019,6,4
6.57592,6,5
10.041792,6,7
17.671685,6,8
23.904776,6,9
3.560875,6,10
11.420547,6,11
45.063075,6,12
0.08,7,1
5.072061,7,2
15.867523,7,3
12.695568,7,4
5.339024,7,5
15.610269,7,6
8.726789,7,8
4.712197,7,9
4.397013,7,10
4.895195,7,11
14.576843,7,12
0.113267,8,1
51.802701,8,2
126.171448,8,3
17.586683,8,4
10.586576,8,5
46.503891,8,6
15.344933,8,7
71.240432,8,9
36.279163,8,10
25.099568,8,11
84.808643,8,12
0.773635,9,1
50.034552,9,2
49.675915,9,3
31.483045,9,4
14.882741,9,5
64.409941,9,6
24.363453,9,7
74.760429,9,8
6.573619,9,10
23.068085,9,11
95.958371,9,12
0.084744,10,2
0.14484,10,3
30.377109,10,4
0.079448,10,5
8.234227,10,6
0.378992,10,7
38.544771,10,8
4.75412,10,9
31.439056,10,11
0.681744,10,12
0.395408,11,1
18.707331,11,2
55.690195,11,3
8.221565,11,4
12.903893,11,5
20.9128,11,6
11.022133,11,7
16.404059,11,8
23.502211,11,9
4.017472,11,10
48.145051,11,12
0.826989,12,1
113.015005,12,2
110.520427,12,3
76.63076,12,4
24.141555,12,5
80.159363,12,6
25.818773,12,7
89.009123,12,8
205.915416,12,9
12.630568,12,10
45.283467,12,11
succeed
0.0,0.08,0.222707,0.026667,0.144917,0.026667,0.269731,0.321568,0.646709,0.0,0.08,0.816043
0.413213,0.0,17.024917,12.343536,13.029675,31.222563,5.475997,23.054896,17.719331,0.938805,4.74636,65.344683
0.582157,31.645736,0.0,14.73296,10.111861,73.212405,17.818517,44.830459,24.369632,7.009467,14.904461,40.590013
0.148789,8.351269,55.862171,0.0,19.980627,29.770992,18.715421,45.631349,23.132277,16.633941,34.732408,40.032856
2.003605,8.494888,27.428563,4.692432,0.0,7.715816,4.211269,15.725013,7.824712,0.916517,2.970445,13.537731
0.161275,27.939192,72.543915,14.004019,6.57592,0.0,10.041792,17.671685,23.904776,3.560875,11.420547,45.063075
0.08,5.072061,15.867523,12.695568,5.339024,15.610269,0.0,8.726789,4.712197,4.397013,4.895195,14.576843
0.113267,51.802701,126.171448,17.586683,10.586576,46.503891,15.344933,0.0,71.240432,36.279163,25.099568,84.808643
0.773635,50.034552,49.675915,31.483045,14.882741,64.409941,24.363453,74.760429,0.0,6.573619,23.068085,95.958371
0.0,0.084744,0.14484,30.377109,0.079448,8.234227,0.378992,38.544771,4.75412,0.0,31.439056,0.681744
0.395408,18.707331,55.690195,8.221565,12.903893,20.9128,11.022133,16.404059,23.502211,4.017472,0.0,48.145051
0.826989,113.015005,110.520427,76.63076,24.141555,80.159363,25.818773,89.009123,205.915416,12.630568,45.283467,0.0
