2683.679227
0.973365,1,2
1.518477,1,3
0.096856,1,5
0.326163,1,6
0.161147,1,7
0.861093,1,8
0.25968,1,9
0.811904,1,12
0.477115,2,1
22.461941,2,3
12.156304,2,4
3.896981,2,5
11.768733,2,6
1.119171,2,7
15.758245,2,8
6.268413,2,9
0.04,2,10
3.802496,2,11
23.015576,2,12
2.271667,3,1
26.774523,3,2
22.174968,3,4
8.992736,3,5
23.288144,3,6
8.814029,3,7
80.397093,3,8
10.864267,3,9
1.797883,3,10
9.979517,3,11
29.818083,3,12
0.23988,4,1
6.890163,4,2
37.378323,4,3
16.901805,4,5
27.952667,4,6
22.558259,4,7
20.52428,4,8
21.990253,4,9
9.385723,4,10
15.917443,4,11
39.401085,4,12
2.345397,5,1
11.598637,5,2
8.862851,5,3
9.111872,5,4
2.192563,5,6
2.213059,5,7
8.909749,5,8
2.37704,5,9
1.924368,5,11
7.771309,5,12
0.352219,6,1
19.187472,6,2
121.807736,6,3
13.648821,6,4
6.124123,6,5
5.211683,6,7
48.095208,6,8
17.475349,6,9
0.422064,6,10
12.266059,6,11
8.891432,6,12
0.026667,7,1
3.305189,7,2
14.131819,7,3
8.644632,7,4
4.558293,7,5
9.206736,7,6
4.468275,7,8
1.013379,7,9
0.899243,7,10
2.577648,7,11
8.092192,7,12
1.403843,8,1
314.39688,8,2
109.43908,8,3
29.054293,8,4
22.468656,8,5
37.689616,8,6
5.166736,8,7
52.459389,8,9
11.476179,8,10
26.71012,8,11
86.193819,8,12
0.556859,9,1
33.492725,9,2
30.821963,9,3
34.220472,9,4
6.855875,9,5
27.095043,9,6
6.984213,9,7
81.631891,9,8
3.522795,9,10
17.873168,9,11
61.138392,9,12
0.350112,10,2
0.268707,10,3
13.439824,10,4
0.096811,10,5
0.35944,10,6
38.187368,10,8
0.188736,10,9
29.531211,10,11
0.362005,10,12
0.111229,11,1
11.441293,11,2
16.363547,11,3
1.653227,11,4
17.401413,11,5
7.522197,11,6
3.189165,11,7
25.008784,11,8
9.496165,11,9
8.407371,11,10
7.72584,11,12
0.05388,12,1
99.251941,12,2
44.957987,12,3
62.112243,12,4
10.457587,12,5
73.116573,12,6
26.84412,12,7
119.652909,12,8
111.14852,12,9
1.778339,12,10
24.749141,12,11
succeed
0.0,0.973365,1.518477,0.0,0.096856,0.326163,0.161147,0.861093,0.25968,0.0,0.0,0.811904
0.477115,0.0,22.461941,12.156304,3.896981,11.768733,1.119171,15.758245,6.268413,0.04,3.802496,23.015576
2.271667,26.774523,0.0,22.174968,8.992736,23.288144,8.814029,80.397093,10.864267,1.797883,9.979517,29.818083
0.23988,6.890163,37.378323,0.0,16.901805,27.952667,22.558259,20.52428,21.990253,9.385723,15.917443,39.401085
2.345397,11.598637,8.862851,9.111872,0.0,2.192563,2.213059,8.909749,2.37704,0.0,1.924368,7.771309
0.352219,19.187472,121.807736,13.648821,6.124123,0.0,5.211683,48.095208,17.475349,0.422064,12.266059,8.891432
0.026667,3.305189,14.131819,8.644632,4.558293,9.206736,0.0,4.468275,1.013379,0.899243,2.577648,8.092192
1.403843,314.39688,109.43908,29.054293,22.468656,37.689616,5.166736,0.0,52.459389,11.476179,26.71012,86.193819
0.556859,33.492725,30.821963,34.220472,6.855875,27.095043,6.984213,81.631891,0.0,3.522795,17.873168,61.138392
0.0,0.350112,0.268707,13.439824,0.096811,0.35944,0.0,38.187368,0.188736,0.0,29.531211,0.362005
0.111229,11.441293,16.363547,1.653227,17.401413,7.522197,3.189165,25.008784,9.496165,8.407371,0.0,7.72584
0.05388,99.251941,44.957987,62.112243,10.457587,73.116573,26.84412,119.652909,111.14852,1.778339,24.749141,0.0
