2537.657348
0.106667,1,2
0.288309,1,3
0.078021,1,5
0.076624,1,6
0.03532,1,7
0.304619,1,8
0.364509,1,9
1.370504,1,12
0.245237,2,1
16.133984,2,3
4.201765,2,4
11.420867,2,5
12.581885,2,6
0.588667,2,7
37.486059,2,8
2.723989,2,9
0.080799,2,10
3.58992,2,11
17.170091,2,12
0.053333,3,1
10.133413,3,2
33.323656,3,4
4.231149,3,5
27.597693,3,6
14.486045,3,7
53.208168,3,8
5.277251,3,9
0.046003,3,10
7.919896,3,11
14.705253,3,12
0.10164,4,1
2.644139,4,2
34.302733,4,3
16.648507,4,5
41.612789,4,6
17.065141,4,7
27.042619,4,8
11.59752,4,9
6.996272,4,10
17.95276,4,11
45.003955,4,12
0.366912,5,1
3.074264,5,2
10.841701,5,3
2.399275,5,4
3.394061,5,6
1.414907,5,7
4.874576,5,8
2.6436,5,9
0.028,5,10
0.815504,5,11
3.447403,5,12
0.178347,6,1
26.185373,6,2
70.764573,6,3
12.234029,6,4
3.080301,6,5
7.430048,6,7
27.482973,6,8
18.086915,6,9
0.445461,6,10
7.817411,6,11
33.990064,6,12
0.026667,7,1
3.277488,7,2
14.392589,7,3
6.448448,7,4
5.455123,7,5
11.365723,7,6
4.532325,7,8
1.533829,7,9
1.79788,7,10
5.659989,7,11
9.52616,7,12
5.792075,8,1
236.712211,8,2
74.498901,8,3
15.060184,8,4
11.435269,8,5
22.857645,8,6
4.858557,8,7
32.549912,8,9
18.821491,8,10
34.703493,8,11
22.218813,8,12
2.248685,9,1
28.078517,9,2
21.503709,9,3
25.038187,9,4
8.341744,9,5
40.159019,9,6
18.08284,9,7
56.810504,9,8
0.886376,9,10
25.787715,9,11
71.060989,9,12
0.086005,10,2
0.121456,10,3
2.665315,10,4
0.026667,10,5
5.374811,10,6
0.026667,10,7
37.296995,10,8
1.696157,10,9
27.645947,10,11
0.278693,10,12
0.104213,11,1
5.864744,11,2
12.569619,11,3
8.043344,11,4
2.601829,11,5
15.340691,11,6
4.372272,11,7
263.008461,11,8
10.883555,11,9
2.386837,11,10
10.147565,11,12
0.348925,12,1
102.119424,12,2
61.577443,12,3
65.601011,12,4
16.207165,12,5
52.576795,12,6
20.616984,12,7
56.106683,12,8
131.532101,12,9
1.564667,12,10
35.547781,12,11
succeed
0.0,0.106667,0.288309,0.0,0.078021,0.076624,0.03532,0.304619,0.364509,0.0,0.0,1.370504
0.245237,0.0,16.133984,4.201765,11.420867,12.581885,0.588667,37.486059,2.723989,0.080799,3.58992,17.170091
0.053333,10.133413,0.0,33.323656,4.231149,27.597693,14.486045,53.208168,5.277251,0.046003,7.919896,14.705253
0.10164,2.644139,34.302733,0.0,16.648507,41.612789,17.065141,27.042619,11.59752,6.996272,17.95276,45.003955
0.366912,3.074264,10.841701,2.399275,0.0,3.394061,1.414907,4.874576,2.6436,0.028,0.815504,3.447403
0.178347,26.185373,70.764573,12.234029,3.080301,0.0,7.430048,27.482973,18.086915,0.445461,7.817411,33.990064
0.026667,3.277488,14.392589,6.448448,5.455123,11.365723,0.0,4.532325,1.533829,1.79788,5.659989,9.52616
5.792075,236.712211,74.498901,15.060184,11.435269,22.857645,4.858557,0.0,32.549912,18.821491,34.703493,22.218813
2.248685,28.078517,21.503709,25.038187,8.341744,40.159019,18.08284,56.810504,0.0,0.886376,25.787715,71.060989
0.0,0.086005,0.121456,2.665315,0.026667,5.374811,0.026667,37.296995,1.696157,0.0,27.645947,0.278693
0.104213,5.864744,12.569619,8.043344,2.601829,15.340691,4.372272,263.008461,10.883555,2.386837,0.0,10.147565
0.348925,102.119424,61.577443,65.601011,16.207165,52.576795,20.616984,56.106683,131.532101,1.564667,35.547781,0.0
