3737.292695
1.326123,1,2
3.095632,1,3
2.609837,1,5
3.0016,1,6
0.567635,1,7
0.026667,1,8
1.663971,1,9
0.026667,1,11
0.813611,1,12
49.697043,2,3
59.671845,2,5
32.800771,2,6
6.053011,2,7
0.071381,2,8
18.952864,2,9
0.053333,2,10
1.775224,2,11
64.744317,2,12
26.232197,3,2
29.242493,3,4
91.218957,3,5
57.174344,3,6
29.176624,3,7
0.08,3,8
56.333059,3,9
0.026667,3,10
5.682856,3,11
59.909965,3,12
6.751469,4,2
56.536453,4,3
55.497448,4,5
30.390949,4,6
20.662208,4,7
22.757173,4,9
12.629149,4,10
0.701323,4,11
43.135739,4,12
43.175341,5,2
1.057037,5,3
0.026667,5,6
0.053333,5,7
9.249123,5,9
0.053333,5,11
128.754736,5,12
27.648229,6,2
124.489245,6,3
17.900907,6,4
96.0384,6,5
24.251395,6,7
0.178667,6,8
90.156048,6,9
0.221672,6,10
0.743619,6,11
52.840907,6,12
6.471584,7,2
30.269584,7,3
10.339808,7,4
19.775688,7,5
16.038544,7,6
6.607837,7,9
0.026667,7,10
0.582197,7,11
13.281043,7,12
33.097027,8,2
8.867195,8,3
39.546744,8,4
147.663115,8,5
0.159531,8,6
0.210731,8,7
88.172587,8,9
9.000472,8,10
25.814872,8,11
98.986088,8,12
52.404227,9,2
109.911163,9,3
53.554688,9,4
164.092741,9,5
68.967123,9,6
25.727717,9,7
0.287619,9,8
0.584437,9,10
4.891253,9,11
124.17268,9,12
0.990539,10,2
0.292875,10,3
13.802125,10,4
7.598712,10,5
0.816947,10,7
40.452496,10,8
4.341035,10,9
54.767104,10,11
0.793699,10,12
11.04328,11,2
4.139563,11,3
7.915211,11,4
44.528061,11,5
0.106597,11,6
5.808171,11,7
28.554771,11,8
16.989883,11,9
5.575029,11,10
15.058152,11,12
127.301864,12,2
129.458331,12,3
0.026667,12,4
299.74912,12,5
60.224717,12,6
34.456109,12,7
0.340899,12,8
188.332256,12,9
0.08,12,10
6.314256,12,11
succeed
0.0,1.326123,3.095632,0.0,2.609837,3.0016,0.567635,0.026667,1.663971,0.0,0.026667,0.813611
0.0,0.0,49.697043,0.0,59.671845,32.800771,6.053011,0.071381,18.952864,0.053333,1.775224,64.744317
0.0,26.232197,0.0,29.242493,91.218957,57.174344,29.176624,0.08,56.333059,0.026667,5.682856,59.909965
0.0,6.751469,56.536453,0.0,55.497448,30.390949,20.662208,0.0,22.757173,12.629149,0.701323,43.135739
0.0,43.175341,1.057037,0.0,0.0,0.026667,0.053333,0.0,9.249123,0.0,0.053333,128.754736
0.0,27.648229,124.489245,17.900907,96.0384,0.0,24.251395,0.178667,90.156048,0.221672,0.743619,52.840907
0.0,6.471584,30.269584,10.339808,19.775688,16.038544,0.0,0.0,6.607837,0.026667,0.582197,13.281043
0.0,33.097027,8.867195,39.546744,147.663115,0.159531,0.210731,0.0,88.172587,9.000472,25.814872,98.986088
0.0,52.404227,109.911163,53.554688,164.092741,68.967123,25.727717,0.287619,0.0,0.584437,4.891253,124.17268
0.0,0.990539,0.292875,13.802125,7.598712,0.0,0.816947,40.452496,4.341035,0.0,54.767104,0.793699
0.0,11.04328,4.139563,7.915211,44.528061,0.106597,5.808171,28.554771,16.989883,5.575029,0.0,15.058152
0.0,127.301864,129.458331,0.026667,299.74912,60.224717,34.456109,0.340899,188.332256,0.08,6.314256,0.0
