2093.45054
0.761877,1,3
0.067416,1,5
0.026667,1,7
0.873189,1,8
0.038592,1,9
0.026667,1,10
0.08,1,11
0.487867,1,12
0.031192,2,1
12.796013,2,3
3.553648,2,4
1.888149,2,5
9.842003,2,6
1.637616,2,7
15.367659,2,8
3.695309,2,9
0.091893,2,10
2.929525,2,11
24.641947,2,12
0.765269,3,1
11.134304,3,2
3.421341,3,4
7.388915,3,5
12.912704,3,6
5.374464,3,7
35.092317,3,8
24.66608,3,9
3.626037,3,10
13.364888,3,11
12.354659,3,12
0.13888,4,1
6.983397,4,2
34.300653,4,3
25.157896,4,5
18.777707,4,6
20.062208,4,7
22.356816,4,8
25.187173,4,9
7.54948,4,10
13.785069,4,11
42.184352,4,12
3.469824,5,1
14.724979,5,2
11.376096,5,3
1.128211,5,4
1.111064,5,6
0.721624,5,7
12.262309,5,8
4.039472,5,9
0.51012,5,10
2.123981,5,11
17.639115,5,12
11.366941,6,2
32.856581,6,3
11.363464,6,4
0.518968,6,5
1.215584,6,7
12.703765,6,8
5.847184,6,9
0.139837,6,10
5.529987,6,11
2.054176,6,12
3.218435,7,2
10.055384,7,3
13.481979,7,4
3.006816,7,5
11.29616,7,6
7.504275,7,8
2.318267,7,9
2.357112,7,10
5.726997,7,11
10.413581,7,12
0.053333,8,1
28.471219,8,2
58.136381,8,3
11.128656,8,4
18.164008,8,5
7.544299,8,6
1.974373,8,7
35.489371,8,9
26.625291,8,10
34.054549,8,11
130.685523,8,12
0.08,9,1
11.628027,9,2
36.699416,9,3
28.983901,9,4
10.728307,9,5
22.530829,9,6
4.969971,9,7
67.906067,9,8
2.108517,9,10
25.566504,9,11
44.795936,9,12
1.73408,10,2
0.106667,10,3
26.319488,10,4
0.223203,10,6
0.053333,10,7
36.670467,10,8
57.626872,10,9
41.964563,10,11
0.48044,10,12
0.040803,11,1
13.307845,11,2
17.738251,11,3
3.529245,11,4
3.557485,11,5
3.992445,11,6
3.028637,11,7
18.130944,11,8
8.832152,11,9
9.33328,11,10
4.256848,11,12
0.064117,12,1
90.585539,12,2
95.145219,12,3
36.652035,12,4
29.472069,12,5
25.764075,12,6
13.294965,12,7
95.888672,12,8
137.805517,12,9
1.216632,12,10
60.806048,12,11
succeed
0.0,0.0,0.761877,0.0,0.067416,0.0,0.026667,0.873189,0.038592,0.026667,0.08,0.487867
0.031192,0.0,12.796013,3.553648,1.888149,9.842003,1.637616,15.367659,3.695309,0.091893,2.929525,24.641947
0.765269,11.134304,0.0,3.421341,7.388915,12.912704,5.374464,35.092317,24.66608,3.626037,13.364888,12.354659
0.13888,6.983397,34.300653,0.0,25.157896,18.777707,20.062208,22.356816,25.187173,7.54948,13.785069,42.184352
3.469824,14.724979,11.376096,1.128211,0.0,1.111064,0.721624,12.262309,4.039472,0.51012,2.123981,17.639115
0.0,11.366941,32.856581,11.363464,0.518968,0.0,1.215584,12.703765,5.847184,0.139837,5.529987,2.054176
0.0,3.218435,10.055384,13.481979,3.006816,11.29616,0.0,7.504275,2.318267,2.357112,5.726997,10.413581
0.053333,28.471219,58.136381,11.128656,18.164008,7.544299,1.974373,0.0,35.489371,26.625291,34.054549,130.685523
0.08,11.628027,36.699416,28.983901,10.728307,22.530829,4.969971,67.906067,0.0,2.108517,25.566504,44.795936
0.0,1.73408,0.106667,26.319488,0.0,0.223203,0.053333,36.670467,57.626872,0.0,41.964563,0.48044
0.040803,13.307845,17.738251,3.529245,3.557485,3.992445,3.028637,18.130944,8.832152,9.33328,0.0,4.256848
0.064117,90.585539,95.145219,36.652035,29.472069,25.764075,13.294965,95.888672,137.805517,1.216632,60.806048,0.0
