1808.363448
0.147189,1,2
0.616672,1,3
0.058893,1,4
0.092213,1,5
0.313909,1,8
0.038859,1,9
0.113101,1,11
0.773888,1,12
0.108963,2,1
7.298424,2,3
3.539992,2,4
0.801069,2,5
17.806368,2,6
2.596901,2,7
34.930917,2,8
5.413421,2,9
0.297559,2,10
4.421099,2,11
23.939853,2,12
0.441309,3,1
77.303397,3,2
6.831149,3,4
5.341696,3,5
47.347877,3,6
6.293088,3,7
79.317939,3,8
11.52188,3,9
4.0782,3,10
6.727112,3,11
12.193717,3,12
0.158133,4,1
4.759664,4,2
29.379213,4,3
21.275915,4,5
13.454032,4,6
26.187941,4,7
7.745091,4,8
6.508851,4,9
12.680605,4,10
15.276539,4,11
20.334531,4,12
1.089784,5,1
0.625309,5,2
8.251579,5,3
1.179149,5,4
12.625448,5,6
1.226757,5,7
2.340075,5,8
1.267093,5,9
2.640483,5,11
4.189853,5,12
0.247448,6,1
4.226691,6,2
42.721616,6,3
4.281205,6,4
0.938669,6,5
11.655269,6,7
11.707776,6,8
7.432909,6,9
0.863301,6,10
16.857389,6,11
5.923381,6,12
0.209216,7,1
1.172483,7,2
14.505379,7,3
9.366336,7,4
11.237464,7,5
12.32496,7,6
3.922779,7,8
6.425077,7,9
2.264403,7,10
5.128696,7,11
12.145992,7,12
0.028,8,1
10.425227,8,2
51.769581,8,3
28.803933,8,4
2.65028,8,5
6.995787,8,6
3.864805,8,7
21.387405,8,9
12.526923,8,10
19.698685,8,11
50.286541,8,12
0.181237,9,1
13.603555,9,2
22.821269,9,3
12.491589,9,4
6.46152,9,5
10.845048,9,6
11.891088,9,7
53.967427,9,8
0.847877,9,10
15.453672,9,11
54.005187,9,12
0.026667,10,2
20.287613,10,4
0.260075,10,6
16.680512,10,8
0.043789,10,9
30.408776,10,11
0.026667,10,12
0.095269,11,1
8.720309,11,2
11.838512,11,3
1.801037,11,4
4.782805,11,5
5.401235,11,6
4.954768,11,7
25.281947,11,8
3.170581,11,9
1.688496,11,10
6.104739,11,12
0.545501,12,1
99.718307,12,2
57.670051,12,3
50.911931,12,4
16.325208,12,5
38.742381,12,6
34.463381,12,7
61.849995,12,8
121.849349,12,9
1.578077,12,10
32.667696,12,11
succeed
0.0,0.147189,0.616672,0.058893,0.092213,0.0,0.0,0.313909,0.038859,0.0,0.113101,0.773888
0.108963,0.0,7.298424,3.539992,0.801069,17.806368,2.596901,34.930917,5.413421,0.297559,4.421099,23.939853
0.441309,77.303397,0.0,6.831149,5.341696,47.347877,6.293088,79.317939,11.52188,4.0782,6.727112,12.193717
0.158133,4.759664,29.379213,0.0,21.275915,13.454032,26.187941,7.745091,6.508851,12.680605,15.276539,20.334531
1.089784,0.625309,8.251579,1.179149,0.0,12.625448,1.226757,2.340075,1.267093,0.0,2.640483,4.189853
0.247448,4.226691,42.721616,4.281205,0.938669,0.0,11.655269,11.707776,7.432909,0.863301,16.857389,5.923381
0.209216,1.172483,14.505379,9.366336,11.237464,12.32496,0.0,3.922779,6.425077,2.264403,5.128696,12.145992
0.028,10.425227,51.769581,28.803933,2.65028,6.995787,3.864805,0.0,21.387405,12.526923,19.698685,50.286541
0.181237,13.603555,22.821269,12.491589,6.46152,10.845048,11.891088,53.967427,0.0,0.847877,15.453672,54.005187
0.0,0.026667,0.0,20.287613,0.0,0.260075,0.0,16.680512,0.043789,0.0,30.408776,0.026667
0.095269,8.720309,11.838512,1.801037,4.782805,5.401235,4.954768,25.281947,3.170581,1.688496,0.0,6.104739
0.545501,99.718307,57.670051,50.911931,16.325208,38.742381,34.463381,61.849995,121.849349,1.578077,32.667696,0.0
