3379.604747
0.275856,1,2
0.110933,1,3
0.34448,1,4
0.143997,1,5
1.189141,1,6
0.547139,1,7
1.393152,1,8
0.338232,1,9
0.066061,1,10
0.149184,1,11
0.928915,1,12
0.484248,2,1
16.710157,2,3
7.906112,2,4
1.681456,2,5
16.184587,2,6
4.751379,2,7
22.680419,2,8
11.625117,2,9
0.127883,2,10
6.392848,2,11
29.438125,2,12
1.302203,3,1
31.578723,3,2
16.03284,3,4
13.698976,3,5
60.602016,3,6
28.762771,3,7
85.032589,3,8
28.723915,3,9
2.755811,3,10
16.206405,3,11
41.508835,3,12
0.273267,4,1
3.323957,4,2
63.153707,4,3
15.474251,4,5
31.981995,4,6
17.990192,4,7
27.021605,4,8
13.003368,4,9
10.621957,4,10
10.194648,4,11
52.509443,4,12
2.879939,5,1
1.685061,5,2
18.368088,5,3
2.388864,5,4
3.770131,5,6
3.101667,5,7
14.095629,5,8
9.110459,5,9
0.026667,5,10
3.983024,5,11
7.620744,5,12
0.520245,6,1
16.42428,6,2
94.269189,6,3
24.076232,6,4
4.692731,6,5
5.601867,6,7
47.559264,6,8
46.938051,6,9
2.578011,6,10
7.828024,6,11
32.967693,6,12
1.05404,7,1
4.81768,7,2
34.853765,7,3
15.529459,7,4
3.793803,7,5
11.818139,7,6
7.746963,7,8
5.627317,7,9
3.059059,7,10
6.348557,7,11
16.577765,7,12
1.799061,8,1
18.899573,8,2
145.375891,8,3
25.838019,8,4
39.302131,8,5
63.367757,8,6
15.985248,8,7
102.683053,8,9
22.728184,8,10
51.990053,8,11
151.030563,8,12
1.596453,9,1
25.446411,9,2
64.641912,9,3
26.466397,9,4
19.205872,9,5
82.112733,9,6
28.463901,9,7
103.132763,9,8
8.230653,9,10
45.727131,9,11
159.859053,9,12
0.053333,10,2
2.261056,10,3
2.58868,10,4
0.229621,10,5
0.617845,10,6
0.158344,10,7
58.095531,10,8
2.934397,10,9
61.920619,10,11
5.637853,10,12
0.105472,11,1
13.132472,11,2
23.448715,11,3
7.429632,11,4
4.785243,11,5
7.082408,11,6
9.022056,11,7
21.531976,11,8
11.022648,11,9
5.222496,11,10
12.368797,11,12
1.633296,12,1
70.964395,12,2
104.408957,12,3
61.948565,12,4
42.032869,12,5
55.464173,12,6
25.397392,12,7
145.127621,12,8
208.635541,12,9
2.452699,12,10
51.071931,12,11
succeed
0.0,0.275856,0.110933,0.34448,0.143997,1.189141,0.547139,1.393152,0.338232,0.066061,0.149184,0.928915
0.484248,0.0,16.710157,7.906112,1.681456,16.184587,4.751379,22.680419,11.625117,0.127883,6.392848,29.438125
1.302203,31.578723,0.0,16.03284,13.698976,60.602016,28.762771,85.032589,28.723915,2.755811,16.206405,41.508835
0.273267,3.323957,63.153707,0.0,15.474251,31.981995,17.990192,27.021605,13.003368,10.621957,10.194648,52.509443
2.879939,1.685061,18.368088,2.388864,0.0,3.770131,3.101667,14.095629,9.110459,0.026667,3.983024,7.620744
0.520245,16.42428,94.269189,24.076232,4.692731,0.0,5.601867,47.559264,46.938051,2.578011,7.828024,32.967693
1.05404,4.81768,34.853765,15.529459,3.793803,11.818139,0.0,7.746963,5.627317,3.059059,6.348557,16.577765
1.799061,18.899573,145.375891,25.838019,39.302131,63.367757,15.985248,0.0,102.683053,22.728184,51.990053,151.030563
1.596453,25.446411,64.641912,26.466397,19.205872,82.112733,28.463901,103.132763,0.0,8.230653,45.727131,159.859053
0.0,0.053333,2.261056,2.58868,0.229621,0.617845,0.158344,58.095531,2.934397,0.0,61.920619,5.637853
0.105472,13.132472,23.448715,7.429632,4.785243,7.082408,9.022056,21.531976,11.022648,5.222496,0.0,12.368797
1.633296,70.964395,104.408957,61.948565,42.032869,55.464173,25.397392,145.127621,208.635541,2.452699,51.071931,0.0
