2070.585182
0.097043,1,3
0.053333,1,5
0.142944,1,8
0.125461,1,9
0.694667,1,11
0.026667,1,12
5.959091,2,3
3.342203,2,4
0.72376,2,5
9.040501,2,6
1.478069,2,7
12.279091,2,8
4.459816,2,9
0.68664,2,10
1.278867,2,11
25.76128,2,12
0.067189,3,1
14.598419,3,2
11.225069,3,4
7.824987,3,5
19.205395,3,6
8.865051,3,7
30.586723,3,8
99.030197,3,9
1.010381,3,10
8.014997,3,11
20.669901,3,12
0.07392,4,1
9.077744,4,2
33.987859,4,3
18.987277,4,5
33.755669,4,6
17.412021,4,7
18.903432,4,8
27.249269,4,9
12.241709,4,10
12.702923,4,11
34.010339,4,12
0.125323,5,1
21.491925,5,2
6.948696,5,3
1.548533,5,4
4.620971,5,6
1.959507,5,7
2.987077,5,8
3.739429,5,9
0.166213,5,10
4.090707,5,11
4.35928,5,12
0.053821,6,1
14.127827,6,2
25.342253,6,3
7.798427,6,4
0.636144,6,5
8.74068,6,7
43.054285,6,8
44.671021,6,9
0.577893,6,10
10.795565,6,11
13.973901,6,12
1.999528,7,2
9.170701,7,3
9.261901,7,4
2.945443,7,5
9.980213,7,6
5.816352,7,8
7.149632,7,9
1.414816,7,10
1.301285,7,11
5.917877,7,12
0.677075,8,1
18.719771,8,2
41.154477,8,3
6.139859,8,4
8.636128,8,5
37.380768,8,6
5.005643,8,7
93.749627,8,9
9.138128,8,10
26.452739,8,11
92.269656,8,12
0.053333,9,1
15.556288,9,2
34.793928,9,3
31.88196,9,4
6.093021,9,5
28.400896,9,6
6.573651,9,7
85.667085,9,8
2.726155,9,10
14.689061,9,11
57.057693,9,12
0.032224,10,2
0.238613,10,3
1.238304,10,4
0.026667,10,5
0.266189,10,6
0.270629,10,7
49.173363,10,8
1.561568,10,9
39.661995,10,11
0.212707,10,12
0.11416,11,1
12.337576,11,2
5.100437,11,3
4.555968,11,4
3.64776,11,5
5.700227,11,6
1.393997,11,7
17.981664,11,8
13.782656,11,9
4.464291,11,10
18.56952,11,12
0.082445,12,1
120.256941,12,2
49.247533,12,3
52.659597,12,4
10.139445,12,5
31.328728,12,6
5.963664,12,7
96.827581,12,8
92.264189,12,9
3.191216,12,10
23.059256,12,11
succeed
0.0,0.0,0.097043,0.0,0.053333,0.0,0.0,0.142944,0.125461,0.0,0.694667,0.026667
0.0,0.0,5.959091,3.342203,0.72376,9.040501,1.478069,12.279091,4.459816,0.68664,1.278867,25.76128
0.067189,14.598419,0.0,11.225069,7.824987,19.205395,8.865051,30.586723,99.030197,1.010381,8.014997,20.669901
0.07392,9.077744,33.987859,0.0,18.987277,33.755669,17.412021,18.903432,27.249269,12.241709,12.702923,34.010339
0.125323,21.491925,6.948696,1.548533,0.0,4.620971,1.959507,2.987077,3.739429,0.166213,4.090707,4.35928
0.053821,14.127827,25.342253,7.798427,0.636144,0.0,8.74068,43.054285,44.671021,0.577893,10.795565,13.973901
0.0,1.999528,9.170701,9.261901,2.945443,9.980213,0.0,5.816352,7.149632,1.414816,1.301285,5.917877
0.677075,18.719771,41.154477,6.139859,8.636128,37.380768,5.005643,0.0,93.749627,9.138128,26.452739,92.269656
0.053333,15.556288,34.793928,31.88196,6.093021,28.400896,6.573651,85.667085,0.0,2.726155,14.689061,57.057693
0.0,0.032224,0.238613,1.238304,0.026667,0.266189,0.270629,49.173363,1.561568,0.0,39.661995,0.212707
0.11416,12.337576,5.100437,4.555968,3.64776,5.700227,1.393997,17.981664,13.782656,4.464291,0.0,18.56952
0.082445,120.256941,49.247533,52.659597,10.139445,31.328728,5.963664,96.827581,92.264189,3.191216,23.059256,0.0
