2997.369634
0.794515,1,2
1.324176,1,3
0.185093,1,5
0.293613,1,6
0.08,1,7
0.142267,1,8
0.026667,1,9
0.892179,1,11
2.574776,1,12
0.180104,2,1
20.264627,2,3
3.324024,2,4
2.309291,2,5
19.655261,2,6
2.717235,2,7
19.796849,2,8
15.064485,2,9
3.814679,2,10
21.582939,2,11
71.078957,2,12
1.337536,3,1
103.537669,3,2
9.994749,3,4
17.731211,3,5
64.176024,3,6
27.397173,3,7
28.149611,3,8
11.222973,3,9
3.377397,3,10
30.579296,3,11
32.515848,3,12
0.098803,4,1
9.891035,4,2
65.98148,4,3
12.824739,4,5
12.705955,4,6
30.515515,4,7
8.704736,4,8
8.798661,4,9
13.811229,4,10
20.125504,4,11
33.887325,4,12
0.264555,5,1
6.40724,5,2
17.398544,5,3
2.488163,5,4
5.002403,5,6
7.279736,5,7
52.195771,5,8
2.601141,5,9
0.240765,5,10
11.948547,5,11
4.249864,5,12
0.142952,6,1
13.008949,6,2
89.994581,6,3
3.901672,6,4
2.434864,6,5
14.080619,6,7
18.543085,6,8
14.643403,6,9
0.92512,6,10
39.973875,6,11
43.09364,6,12
0.053333,7,1
7.540829,7,2
26.64224,7,3
7.938104,7,4
2.881469,7,5
14.840053,7,6
3.829392,7,8
4.218211,7,9
3.025459,7,10
14.249907,7,11
9.482928,7,12
0.116045,8,1
14.897797,8,2
125.862776,8,3
15.826349,8,4
13.180776,8,5
23.664907,8,6
4.080357,8,7
52.760032,8,9
16.62132,8,10
50.400715,8,11
47.11924,8,12
2.790787,9,1
44.759581,9,2
29.462555,9,3
12.468123,9,4
5.660141,9,5
24.806816,9,6
9.244453,9,7
47.348939,9,8
1.10072,9,10
29.03228,9,11
85.402651,9,12
0.345291,10,2
0.860536,10,3
11.52344,10,4
0.15672,10,5
0.501448,10,6
0.444728,10,7
9.616363,10,8
0.089696,10,9
15.864531,10,11
0.147243,10,12
4.142304,11,1
66.355483,11,2
119.856723,11,3
11.513528,11,4
21.731304,11,5
72.20992,11,6
47.426059,11,7
29.130021,11,8
26.835784,11,9
1.434859,11,10
87.302331,11,12
0.485019,12,1
108.013392,12,2
75.611048,12,3
46.227784,12,4
23.634507,12,5
45.823048,12,6
12.262843,12,7
72.779069,12,8
181.265949,12,9
2.950643,12,10
65.23304,12,11
succeed
0.0,0.794515,1.324176,0.0,0.185093,0.293613,0.08,0.142267,0.026667,0.0,0.892179,2.574776
0.180104,0.0,20.264627,3.324024,2.309291,19.655261,2.717235,19.796849,15.064485,3.814679,21.582939,71.078957
1.337536,103.537669,0.0,9.994749,17.731211,64.176024,27.397173,28.149611,11.222973,3.377397,30.579296,32.515848
0.098803,9.891035,65.98148,0.0,12.824739,12.705955,30.515515,8.704736,8.798661,13.811229,20.125504,33.887325
0.264555,6.40724,17.398544,2.488163,0.0,5.002403,7.279736,52.195771,2.601141,0.240765,11.948547,4.249864
0.142952,13.008949,89.994581,3.901672,2.434864,0.0,14.080619,18.543085,14.643403,0.92512,39.973875,43.09364
0.053333,7.540829,26.64224,7.938104,2.881469,14.840053,0.0,3.829392,4.218211,3.025459,14.249907,9.482928
0.116045,14.897797,125.862776,15.826349,13.180776,23.664907,4.080357,0.0,52.760032,16.62132,50.400715,47.11924
2.790787,44.759581,29.462555,12.468123,5.660141,24.806816,9.244453,47.348939,0.0,1.10072,29.03228,85.402651
0.0,0.345291,0.860536,11.52344,0.15672,0.501448,0.444728,9.616363,0.089696,0.0,15.864531,0.147243
4.142304,66.355483,119.856723,11.513528,21.731304,72.20992,47.426059,29.130021,26.835784,1.434859,0.0,87.302331
0.485019,108.013392,75.611048,46.227784,23.634507,45.823048,12.262843,72.779069,181.265949,2.950643,65.23304,0.0
