3168.00416
0.438205,1,2
2.239445,1,3
0.053333,1,4
0.577035,1,5
0.379912,1,6
1.390915,1,7
0.381405,1,8
0.270131,1,9
0.229216,1,10
0.620013,1,11
0.957899,1,12
1.02872,2,1
31.209453,2,3
4.320664,2,4
3.176304,2,5
20.982499,2,6
4.390187,2,7
19.535116,2,8
16.193557,2,9
0.562873,2,10
10.944787,2,11
54.895179,2,12
0.346523,3,1
25.77364,3,2
29.287152,3,4
26.603907,3,5
71.539699,3,6
18.599509,3,7
37.682389,3,8
29.908976,3,9
7.252256,3,10
19.810832,3,11
44.435635,3,12
0.165995,4,1
5.234453,4,2
64.411741,4,3
21.851485,4,5
27.047528,4,6
10.331405,4,7
16.111909,4,8
19.6994,4,9
7.202387,4,10
9.699611,4,11
58.664928,4,12
1.945259,5,1
4.537979,5,2
39.058219,5,3
4.730501,5,4
9.392456,5,6
4.098611,5,7
97.803003,5,8
4.888099,5,9
2.442269,5,10
4.403776,5,11
3.946093,5,12
0.316643,6,1
15.686701,6,2
131.152483,6,3
20.677123,6,4
6.181949,6,5
9.000739,6,7
28.100253,6,8
35.331739,6,9
5.204224,6,10
20.630184,6,11
19.301781,6,12
1.193779,7,1
6.703056,7,2
32.612779,7,3
10.514853,7,4
6.225624,7,5
12.039245,7,6
10.184048,7,8
10.9814,7,9
0.900035,7,10
4.600411,7,11
10.146648,7,12
0.141235,8,1
10.545728,8,2
100.767,8,3
33.464155,8,4
58.901283,8,5
54.685208,8,6
11.933427,8,7
51.827395,8,9
7.105829,8,10
33.646864,8,11
43.9046,8,12
2.434579,9,1
28.808539,9,2
63.172907,9,3
29.715461,9,4
21.609395,9,5
59.867019,9,6
30.547459,9,7
72.048797,9,8
7.4438,9,10
46.444653,9,11
128.22284,9,12
0.45508,10,2
4.949723,10,3
1.852328,10,4
1.906939,10,5
1.7664,10,6
0.465939,10,7
31.455285,10,8
3.371789,10,9
51.981699,10,11
1.270885,10,12
0.311235,11,1
10.232155,11,2
39.422896,11,3
11.388995,11,4
4.883219,11,5
14.33996,11,6
6.985603,11,7
36.037104,11,8
18.476819,11,9
8.268347,11,10
8.001253,11,12
0.219904,12,1
99.235605,12,2
89.524011,12,3
68.783245,12,4
41.361227,12,5
56.637427,12,6
28.565643,12,7
81.677304,12,8
194.108016,12,9
4.351715,12,10
47.108067,12,11
succeed
0.0,0.438205,2.239445,0.053333,0.577035,0.379912,1.390915,0.381405,0.270131,0.229216,0.620013,0.957899
1.02872,0.0,31.209453,4.320664,3.176304,20.982499,4.390187,19.535116,16.193557,0.562873,10.944787,54.895179
0.346523,25.77364,0.0,29.287152,26.603907,71.539699,18.599509,37.682389,29.908976,7.252256,19.810832,44.435635
0.165995,5.234453,64.411741,0.0,21.851485,27.047528,10.331405,16.111909,19.6994,7.202387,9.699611,58.664928
1.945259,4.537979,39.058219,4.730501,0.0,9.392456,4.098611,97.803003,4.888099,2.442269,4.403776,3.946093
0.316643,15.686701,131.152483,20.677123,6.181949,0.0,9.000739,28.100253,35.331739,5.204224,20.630184,19.301781
1.193779,6.703056,32.612779,10.514853,6.225624,12.039245,0.0,10.184048,10.9814,0.900035,4.600411,10.146648
0.141235,10.545728,100.767,33.464155,58.901283,54.685208,11.933427,0.0,51.827395,7.105829,33.646864,43.9046
2.434579,28.808539,63.172907,29.715461,21.609395,59.867019,30.547459,72.048797,0.0,7.4438,46.444653,128.22284
0.0,0.45508,4.949723,1.852328,1.906939,1.7664,0.465939,31.455285,3.371789,0.0,51.981699,1.270885
0.311235,10.232155,39.422896,11.388995,4.883219,14.33996,6.985603,36.037104,18.476819,8.268347,0.0,8.001253
0.219904,99.235605,89.524011,68.783245,41.361227,56.637427,28.565643,81.677304,194.108016,4.351715,47.108067,0.0
