2716.664628
0.064664,1,2
0.252283,1,3
0.385827,1,5
0.194827,1,6
0.026667,1,7
0.377253,1,8
0.106667,1,9
0.16,1,12
0.339779,2,1
10.986045,2,3
5.257301,2,4
8.032371,2,5
12.022115,2,6
1.571685,2,7
13.968981,2,8
6.002645,2,9
3.352872,2,10
8.893315,2,11
32.768827,2,12
0.109541,3,1
21.04004,3,2
13.839424,3,4
13.342085,3,5
27.105413,3,6
9.758803,3,7
53.441147,3,8
20.239752,3,9
2.451595,3,10
12.598544,3,11
32.922251,3,12
0.126507,4,1
2.860736,4,2
53.638976,4,3
14.0506,4,5
41.276203,4,6
10.202267,4,7
14.892283,4,8
26.172347,4,9
5.006557,4,10
5.138581,4,11
51.000456,4,12
4.373176,5,1
4.765491,5,2
33.847413,5,3
1.171683,5,4
2.718309,5,6
1.221715,5,7
5.120701,5,8
7.511008,5,9
2.060773,5,11
4.007485,5,12
2.213059,6,1
11.687675,6,2
62.032277,6,3
15.175576,6,4
2.940965,6,5
8.844952,6,7
26.895867,6,8
37.04764,6,9
1.16164,6,10
7.268304,6,11
51.018936,6,12
9.842187,7,2
19.174829,7,3
9.823608,7,4
2.922933,7,5
34.651496,7,6
5.419387,7,8
2.795064,7,9
0.165531,7,10
1.105392,7,11
12.162056,7,12
0.939445,8,1
15.91328,8,2
84.016496,8,3
33.985301,8,4
30.545733,8,5
31.884856,8,6
11.034192,8,7
71.876344,8,9
9.605867,8,10
25.864168,8,11
106.566048,8,12
0.842821,9,1
21.496851,9,2
78.534448,9,3
31.254083,9,4
22.233573,9,5
50.388915,9,6
18.573453,9,7
69.167507,9,8
5.417523,9,10
23.789075,9,11
190.191851,9,12
0.660859,10,1
1.696664,10,2
0.621936,10,3
6.209533,10,4
0.170421,10,5
0.931157,10,6
0.261189,10,7
37.754472,10,8
75.008024,10,9
41.63888,10,11
0.430288,10,12
0.026667,11,1
7.36704,11,2
16.651445,11,3
2.084837,11,4
4.178637,11,5
7.365221,11,6
1.498949,11,7
17.581003,11,8
12.255056,11,9
2.498755,11,10
9.853173,11,12
1.567365,12,1
68.387349,12,2
73.307109,12,3
46.495376,12,4
23.296997,12,5
45.658339,12,6
20.783693,12,7
116.242421,12,8
175.252485,12,9
1.582965,12,10
36.099133,12,11
succeed
0.0,0.064664,0.252283,0.0,0.385827,0.194827,0.026667,0.377253,0.106667,0.0,0.0,0.16
0.339779,0.0,10.986045,5.257301,8.032371,12.022115,1.571685,13.968981,6.002645,3.352872,8.893315,32.768827
0.109541,21.04004,0.0,13.839424,13.342085,27.105413,9.758803,53.441147,20.239752,2.451595,12.598544,32.922251
0.126507,2.860736,53.638976,0.0,14.0506,41.276203,10.202267,14.892283,26.172347,5.006557,5.138581,51.000456
4.373176,4.765491,33.847413,1.171683,0.0,2.718309,1.221715,5.120701,7.511008,0.0,2.060773,4.007485
2.213059,11.687675,62.032277,15.175576,2.940965,0.0,8.844952,26.895867,37.04764,1.16164,7.268304,51.018936
0.0,9.842187,19.174829,9.823608,2.922933,34.651496,0.0,5.419387,2.795064,0.165531,1.105392,12.162056
0.939445,15.91328,84.016496,33.985301,30.545733,31.884856,11.034192,0.0,71.876344,9.605867,25.864168,106.566048
0.842821,21.496851,78.534448,31.254083,22.233573,50.388915,18.573453,69.167507,0.0,5.417523,23.789075,190.191851
0.660859,1.696664,0.621936,6.209533,0.170421,0.931157,0.261189,37.754472,75.008024,0.0,41.63888,0.430288
0.026667,7.36704,16.651445,2.084837,4.178637,7.365221,1.498949,17.581003,12.255056,2.498755,0.0,9.853173
1.567365,68.387349,73.307109,46.495376,23.296997,45.658339,20.783693,116.242421,175.252485,1.582965,36.099133,0.0
