3049.2347130000003
0.78588,1,2
0.263627,1,3
1.562704,1,5
0.480371,1,6
0.026667,1,7
1.090152,1,9
1.708853,1,12
45.029819,2,3
30.332776,2,5
40.266749,2,6
2.171739,2,7
0.026667,2,8
12.943789,2,9
0.635939,2,10
0.314469,2,11
97.588301,2,12
22.370952,3,2
8.942011,3,4
79.124552,3,5
50.004456,3,6
16.425739,3,7
0.076205,3,8
32.011981,3,9
0.263328,3,10
1.417072,3,11
35.378147,3,12
3.629216,4,2
62.316035,4,3
21.011371,4,5
30.793589,4,6
4.263731,4,7
11.822475,4,9
3.707869,4,10
0.08,4,11
25.457728,4,12
65.351619,5,2
1.651851,5,3
0.069237,5,6
0.053333,5,7
6.037579,5,9
0.026667,5,10
118.290853,5,12
25.09136,6,2
163.547019,6,3
5.130944,6,4
50.57348,6,5
5.942869,6,7
36.27676,6,9
0.325744,6,10
0.504779,6,11
25.800771,6,12
4.935629,7,2
30.501651,7,3
3.931749,7,4
13.157981,7,5
11.42064,7,6
6.867619,7,9
0.033867,7,10
0.496864,7,11
17.862176,7,12
55.142557,8,2
12.556024,8,3
11.020256,8,4
251.247848,8,5
0.545339,8,6
1.549592,8,7
79.331744,8,9
11.729093,8,10
26.594464,8,11
110.178157,8,12
42.615779,9,2
93.337064,9,3
31.181467,9,4
123.544675,9,5
59.620464,9,6
13.566851,9,7
0.204016,9,8
3.159728,9,11
106.783259,9,12
0.489811,10,2
1.274288,10,3
0.475587,10,4
12.789472,10,5
0.119443,10,7
34.906728,10,8
5.590312,10,9
26.412147,10,11
2.400891,10,12
7.286557,11,2
5.294283,11,3
2.084896,11,4
38.399843,11,5
0.279917,11,6
2.371336,11,7
23.560125,11,8
11.601395,11,9
2.358792,11,10
9.987512,11,12
102.993891,12,2
86.486237,12,3
0.026667,12,4
183.151827,12,5
57.478675,12,6
11.733299,12,7
0.12,12,8
145.015424,12,9
0.125613,12,10
2.303368,12,11
succeed
0.0,0.78588,0.263627,0.0,1.562704,0.480371,0.026667,0.0,1.090152,0.0,0.0,1.708853
0.0,0.0,45.029819,0.0,30.332776,40.266749,2.171739,0.026667,12.943789,0.635939,0.314469,97.588301
0.0,22.370952,0.0,8.942011,79.124552,50.004456,16.425739,0.076205,32.011981,0.263328,1.417072,35.378147
0.0,3.629216,62.316035,0.0,21.011371,30.793589,4.263731,0.0,11.822475,3.707869,0.08,25.457728
0.0,65.351619,1.651851,0.0,0.0,0.069237,0.053333,0.0,6.037579,0.026667,0.0,118.290853
0.0,25.09136,163.547019,5.130944,50.57348,0.0,5.942869,0.0,36.27676,0.325744,0.504779,25.800771
0.0,4.935629,30.501651,3.931749,13.157981,11.42064,0.0,0.0,6.867619,0.033867,0.496864,17.862176
0.0,55.142557,12.556024,11.020256,251.247848,0.545339,1.549592,0.0,79.331744,11.729093,26.594464,110.178157
0.0,42.615779,93.337064,31.181467,123.544675,59.620464,13.566851,0.204016,0.0,0.0,3.159728,106.783259
0.0,0.489811,1.274288,0.475587,12.789472,0.0,0.119443,34.906728,5.590312,0.0,26.412147,2.400891
0.0,7.286557,5.294283,2.084896,38.399843,0.279917,2.371336,23.560125,11.601395,2.358792,0.0,9.987512
0.0,102.993891,86.486237,0.026667,183.151827,57.478675,11.733299,0.12,145.015424,0.125613,2.303368,0.0
