2821.012744
0.026667,1,2
0.204032,1,3
0.026667,1,5
0.053333,1,6
0.053333,1,7
0.320307,1,8
0.14464,1,9
0.026667,1,11
0.921547,1,12
0.545859,2,1
15.667405,2,3
5.446896,2,4
35.589667,2,5
12.23532,2,6
2.72916,2,7
16.587125,2,8
4.483827,2,9
3.038733,2,10
3.246528,2,11
76.38632,2,12
0.6402,3,1
18.601,3,2
29.438923,3,4
14.115739,3,5
19.819952,3,6
10.221701,3,7
57.255917,3,8
16.303101,3,9
2.551475,3,10
14.989725,3,11
48.334696,3,12
0.08992,4,1
4.723659,4,2
61.149691,4,3
23.235829,4,5
43.978933,4,6
23.782819,4,7
8.659795,4,8
16.118011,4,9
12.644547,4,10
11.443509,4,11
44.515576,4,12
0.229685,5,1
3.655797,5,2
19.888392,5,3
2.204384,5,4
5.760453,5,6
1.484221,5,7
8.140907,5,8
8.365051,5,9
2.277592,5,11
11.527045,5,12
0.026667,6,1
14.425509,6,2
56.162528,6,3
12.004416,6,4
3.092005,6,5
4.934451,6,7
34.688493,6,8
27.868589,6,9
0.807272,6,10
11.171293,6,11
23.453557,6,12
0.026667,7,1
1.042051,7,2
17.548877,7,3
18.817656,7,4
5.275341,7,5
11.531917,7,6
7.163883,7,8
3.227928,7,9
0.256331,7,10
1.807723,7,11
13.2096,7,12
1.35704,8,1
13.276744,8,2
97.284835,8,3
45.174581,8,4
16.408405,8,5
36.341525,8,6
18.555989,8,7
78.983024,8,9
8.763019,8,10
39.899573,8,11
116.558683,8,12
0.383432,9,1
18.546453,9,2
62.322419,9,3
28.549851,9,4
18.552733,9,5
34.505747,9,6
11.513072,9,7
85.285613,9,8
5.380653,9,10
19.465347,9,11
152.065936,9,12
0.08,10,2
1.134957,10,3
6.041552,10,4
0.2944,10,5
1.164635,10,6
0.041941,10,7
37.976885,10,8
76.595947,10,9
54.670627,10,11
0.447203,10,12
0.044659,11,1
8.686523,11,2
13.344035,11,3
5.291635,11,4
6.552768,11,5
7.2922,11,6
3.81508,11,7
15.974496,11,8
7.281309,11,9
4.335149,11,10
7.529941,11,12
1.1308,12,1
104.974456,12,2
91.208056,12,3
59.542272,12,4
21.701483,12,5
37.305347,12,6
22.963325,12,7
120.123323,12,8
172.617845,12,9
4.670048,12,10
24.580141,12,11
succeed
0.0,0.026667,0.204032,0.0,0.026667,0.053333,0.053333,0.320307,0.14464,0.0,0.026667,0.921547
0.545859,0.0,15.667405,5.446896,35.589667,12.23532,2.72916,16.587125,4.483827,3.038733,3.246528,76.38632
0.6402,18.601,0.0,29.438923,14.115739,19.819952,10.221701,57.255917,16.303101,2.551475,14.989725,48.334696
0.08992,4.723659,61.149691,0.0,23.235829,43.978933,23.782819,8.659795,16.118011,12.644547,11.443509,44.515576
0.229685,3.655797,19.888392,2.204384,0.0,5.760453,1.484221,8.140907,8.365051,0.0,2.277592,11.527045
0.026667,14.425509,56.162528,12.004416,3.092005,0.0,4.934451,34.688493,27.868589,0.807272,11.171293,23.453557
0.026667,1.042051,17.548877,18.817656,5.275341,11.531917,0.0,7.163883,3.227928,0.256331,1.807723,13.2096
1.35704,13.276744,97.284835,45.174581,16.408405,36.341525,18.555989,0.0,78.983024,8.763019,39.899573,116.558683
0.383432,18.546453,62.322419,28.549851,18.552733,34.505747,11.513072,85.285613,0.0,5.380653,19.465347,152.065936
0.0,0.08,1.134957,6.041552,0.2944,1.164635,0.041941,37.976885,76.595947,0.0,54.670627,0.447203
0.044659,8.686523,13.344035,5.291635,6.552768,7.2922,3.81508,15.974496,7.281309,4.335149,0.0,7.529941
1.1308,104.974456,91.208056,59.542272,21.701483,37.305347,22.963325,120.123323,172.617845,4.670048,24.580141,0.0
