1857.818009
0.053333,1,2
0.277083,1,3
0.026667,1,4
0.039024,1,5
0.035483,1,7
0.053333,1,8
0.08,1,9
0.324744,1,12
0.056739,2,1
12.432275,2,3
3.495027,2,4
16.802544,2,5
16.398293,2,6
0.726877,2,7
13.693799,2,8
3.328891,2,9
0.237604,2,10
2.652531,2,11
24.959219,2,12
1.618848,3,1
8.219864,3,2
25.878315,3,4
4.018621,3,5
9.428661,3,6
11.561232,3,7
35.477947,3,8
7.730181,3,9
0.602504,3,10
3.679328,3,11
32.668115,3,12
0.208427,4,1
17.526989,4,2
38.992395,4,3
15.784811,4,5
31.750944,4,6
26.897728,4,7
13.275837,4,8
11.343269,4,9
12.165496,4,10
20.269005,4,11
31.867917,4,12
0.35536,5,1
9.853957,5,2
9.787765,5,3
1.248069,5,4
5.342133,5,6
1.458429,5,7
5.436901,5,8
3.148971,5,9
0.915339,5,10
3.149992,5,11
5.892117,5,12
0.08,6,1
15.029912,6,2
39.688752,6,3
6.90904,6,4
7.896184,6,5
5.220024,6,7
19.300624,6,8
29.527341,6,9
0.478197,6,10
20.703477,6,11
18.198837,6,12
0.026667,7,1
0.960757,7,2
14.448456,7,3
12.978368,7,4
7.065272,7,5
13.465547,7,6
5.893107,7,8
2.376829,7,9
4.079507,7,10
2.970501,7,11
11.671539,7,12
0.026667,8,1
16.371696,8,2
71.603208,8,3
11.408149,8,4
9.498213,8,5
34.429904,8,6
4.405603,8,7
28.154421,8,9
11.037981,8,10
25.417995,8,11
52.983525,8,12
0.813523,9,1
17.809539,9,2
14.154419,9,3
30.080928,9,4
9.915293,9,5
19.148235,9,6
9.1372,9,7
46.719936,9,8
1.491355,9,10
14.072352,9,11
45.431541,9,12
0.055573,10,2
1.269549,10,3
0.370837,10,4
4.773256,10,5
6.17148,10,6
0.029536,10,7
31.405544,10,8
0.150091,10,9
27.542917,10,11
0.203264,10,12
0.581891,11,1
6.811629,11,2
14.923552,11,3
9.845848,11,4
3.430397,11,5
6.499248,11,6
3.527755,11,7
30.808379,11,8
8.993301,11,9
4.254259,11,10
6.098328,11,12
1.086173,12,1
62.165899,12,2
56.404187,12,3
58.197037,12,4
10.614669,12,5
38.19724,12,6
20.638749,12,7
73.52756,12,8
132.743171,12,9
5.244205,12,10
14.942931,12,11
succeed
0.0,0.053333,0.277083,0.026667,0.039024,0.0,0.035483,0.053333,0.08,0.0,0.0,0.324744
0.056739,0.0,12.432275,3.495027,16.802544,16.398293,0.726877,13.693799,3.328891,0.237604,2.652531,24.959219
1.618848,8.219864,0.0,25.878315,4.018621,9.428661,11.561232,35.477947,7.730181,0.602504,3.679328,32.668115
0.208427,17.526989,38.992395,0.0,15.784811,31.750944,26.897728,13.275837,11.343269,12.165496,20.269005,31.867917
0.35536,9.853957,9.787765,1.248069,0.0,5.342133,1.458429,5.436901,3.148971,0.915339,3.149992,5.892117
0.08,15.029912,39.688752,6.90904,7.896184,0.0,5.220024,19.300624,29.527341,0.478197,20.703477,18.198837
0.026667,0.960757,14.448456,12.978368,7.065272,13.465547,0.0,5.893107,2.376829,4.079507,2.970501,11.671539
0.026667,16.371696,71.603208,11.408149,9.498213,34.429904,4.405603,0.0,28.154421,11.037981,25.417995,52.983525
0.813523,17.809539,14.154419,30.080928,9.915293,19.148235,9.1372,46.719936,0.0,1.491355,14.072352,45.431541
0.0,0.055573,1.269549,0.370837,4.773256,6.17148,0.029536,31.405544,0.150091,0.0,27.542917,0.203264
0.581891,6.811629,14.923552,9.845848,3.430397,6.499248,3.527755,30.808379,8.993301,4.254259,0.0,6.098328
1.086173,62.165899,56.404187,58.197037,10.614669,38.19724,20.638749,73.52756,132.743171,5.244205,14.942931,0.0
