3697.6138889999997
0.280587,1,2
1.969197,1,3
2.424067,1,5
2.101184,1,6
0.435973,1,7
0.673835,1,9
0.450224,1,12
33.394979,2,3
45.598552,2,5
41.931275,2,6
17.381109,2,7
0.026667,2,8
17.058525,2,9
0.08,2,10
1.224141,2,11
53.559493,2,12
31.557635,3,2
33.982981,3,4
132.109187,3,5
62.230203,3,6
16.063085,3,7
0.747333,3,8
51.998243,3,9
0.053333,3,10
1.617816,3,11
57.305157,3,12
7.528469,4,2
62.121091,4,3
91.215547,4,5
29.207981,4,6
26.956448,4,7
2.577627,4,8
20.829453,4,9
12.376016,4,10
0.256429,4,11
39.134315,4,12
36.474416,5,2
2.346133,5,3
0.028,5,4
0.055269,5,6
0.052709,5,7
10.765043,5,9
0.026667,5,10
0.275445,5,11
120.178888,5,12
27.023579,6,2
135.053499,6,3
17.585707,6,4
99.204387,6,5
24.105563,6,7
0.313893,6,8
73.752363,6,9
0.396933,6,10
1.327907,6,11
31.975776,6,12
9.394349,7,2
35.303325,7,3
8.109723,7,4
15.391235,7,5
19.856469,7,6
0.053333,7,8
7.843448,7,9
0.240083,7,11
14.443499,7,12
27.417477,8,2
16.287765,8,3
31.859723,8,4
177.161955,8,5
0.294613,8,6
0.209043,8,7
81.601365,8,9
17.631408,8,10
36.410605,8,11
104.21632,8,12
45.176525,9,2
102.249317,9,3
45.277541,9,4
160.936757,9,5
78.221176,9,6
22.700168,9,7
0.637176,9,8
0.171125,9,10
4.080939,9,11
138.797989,9,12
0.269333,10,2
0.350312,10,3
4.029016,10,4
11.474701,10,5
0.302848,10,7
38.261971,10,8
8.279093,10,9
51.340349,10,11
1.344933,10,12
10.6046,11,2
3.159099,11,3
10.253381,11,4
43.562424,11,5
7.734509,11,7
33.713125,11,8
16.792677,11,9
7.405035,11,10
21.197211,11,12
118.009917,12,2
91.959301,12,3
0.214096,12,4
244.340757,12,5
70.005867,12,6
41.689861,12,7
0.172565,12,8
174.005277,12,9
0.170379,12,10
5.596467,12,11
succeed
0.0,0.280587,1.969197,0.0,2.424067,2.101184,0.435973,0.0,0.673835,0.0,0.0,0.450224
0.0,0.0,33.394979,0.0,45.598552,41.931275,17.381109,0.026667,17.058525,0.08,1.224141,53.559493
0.0,31.557635,0.0,33.982981,132.109187,62.230203,16.063085,0.747333,51.998243,0.053333,1.617816,57.305157
0.0,7.528469,62.121091,0.0,91.215547,29.207981,26.956448,2.577627,20.829453,12.376016,0.256429,39.134315
0.0,36.474416,2.346133,0.028,0.0,0.055269,0.052709,0.0,10.765043,0.026667,0.275445,120.178888
0.0,27.023579,135.053499,17.585707,99.204387,0.0,24.105563,0.313893,73.752363,0.396933,1.327907,31.975776
0.0,9.394349,35.303325,8.109723,15.391235,19.856469,0.0,0.053333,7.843448,0.0,0.240083,14.443499
0.0,27.417477,16.287765,31.859723,177.161955,0.294613,0.209043,0.0,81.601365,17.631408,36.410605,104.21632
0.0,45.176525,102.249317,45.277541,160.936757,78.221176,22.700168,0.637176,0.0,0.171125,4.080939,138.797989
0.0,0.269333,0.350312,4.029016,11.474701,0.0,0.302848,38.261971,8.279093,0.0,51.340349,1.344933
0.0,10.6046,3.159099,10.253381,43.562424,0.0,7.734509,33.713125,16.792677,7.405035,0.0,21.197211
0.0,118.009917,91.959301,0.214096,244.340757,70.005867,41.689861,0.172565,174.005277,0.170379,5.596467,0.0
