2091.449626
0.026667,1,2
0.148992,1,3
0.142677,1,5
0.1488,1,7
0.170256,1,8
0.026667,1,9
0.101088,1,11
0.340768,1,12
0.071813,2,1
17.584573,2,3
3.842715,2,4
1.847851,2,5
11.82556,2,6
2.037931,2,7
11.665828,2,8
2.403408,2,9
0.070865,2,10
2.75472,2,11
17.246349,2,12
0.509544,3,1
16.912416,3,2
14.276651,3,4
17.43856,3,5
32.828173,3,6
8.104896,3,7
61.157776,3,8
5.306968,3,9
0.916869,3,10
4.653584,3,11
18.896965,3,12
0.17696,4,1
3.750096,4,2
44.996392,4,3
10.518912,4,5
23.725819,4,6
11.610797,4,7
12.984544,4,8
23.466173,4,9
2.459555,4,10
7.76448,4,11
29.152085,4,12
0.199477,5,1
12.749632,5,2
8.012883,5,3
1.003213,5,4
9.630424,5,6
1.376176,5,7
6.281243,5,8
1.329992,5,9
1.234213,5,11
1.001149,5,12
0.026667,6,1
12.647027,6,2
44.63812,6,3
3.300979,6,4
2.373387,6,5
5.723571,6,7
42.068091,6,8
13.654168,6,9
0.91108,6,10
8.511125,6,11
8.064749,6,12
0.906112,7,1
3.290984,7,2
14.877088,7,3
10.011072,7,4
5.09164,7,5
6.1566,7,6
6.195299,7,8
2.239379,7,9
0.548424,7,10
4.520853,7,11
14.886981,7,12
0.083507,8,1
27.680355,8,2
83.626776,8,3
7.146176,8,4
38.481544,8,5
48.58136,8,6
4.495163,8,7
46.169173,8,9
9.603821,8,10
27.163987,8,11
75.004112,8,12
0.992891,9,1
29.204888,9,2
38.742333,9,3
23.326605,9,4
15.54416,9,5
29.831573,9,6
6.981413,9,7
82.555899,9,8
2.218928,9,10
13.906912,9,11
66.871035,9,12
0.795309,10,2
0.307165,10,3
4.874504,10,4
0.967403,10,5
0.258253,10,6
0.053333,10,7
34.279445,10,8
8.382955,10,9
24.824528,10,11
0.026667,10,12
10.047883,11,2
12.358467,11,3
11.12556,11,4
3.319467,11,5
8.515096,11,6
3.742813,11,7
21.682523,11,8
7.090181,11,9
8.634976,11,10
5.370213,11,12
0.570445,12,1
137.646227,12,2
106.312203,12,3
56.768696,12,4
5.559499,12,5
33.657253,12,6
19.300216,12,7
106.775629,12,8
78.659776,12,9
2.213848,12,10
21.588941,12,11
succeed
0.0,0.026667,0.148992,0.0,0.142677,0.0,0.1488,0.170256,0.026667,0.0,0.101088,0.340768
0.071813,0.0,17.584573,3.842715,1.847851,11.82556,2.037931,11.665828,2.403408,0.070865,2.75472,17.246349
0.509544,16.912416,0.0,14.276651,17.43856,32.828173,8.104896,61.157776,5.306968,0.916869,4.653584,18.896965
0.17696,3.750096,44.996392,0.0,10.518912,23.725819,11.610797,12.984544,23.466173,2.459555,7.76448,29.152085
0.199477,12.749632,8.012883,1.003213,0.0,9.630424,1.376176,6.281243,1.329992,0.0,1.234213,1.001149
0.026667,12.647027,44.63812,3.300979,2.373387,0.0,5.723571,42.068091,13.654168,0.91108,8.511125,8.064749
0.906112,3.290984,14.877088,10.011072,5.09164,6.1566,0.0,6.195299,2.239379,0.548424,4.520853,14.886981
0.083507,27.680355,83.626776,7.146176,38.481544,48.58136,4.495163,0.0,46.169173,9.603821,27.163987,75.004112
0.992891,29.204888,38.742333,23.326605,15.54416,29.831573,6.981413,82.555899,0.0,2.218928,13.906912,66.871035
0.0,0.795309,0.307165,4.874504,0.967403,0.258253,0.053333,34.279445,8.382955,0.0,24.824528,0.026667
0.0,10.047883,12.358467,11.12556,3.319467,8.515096,3.742813,21.682523,7.090181,8.634976,0.0,5.370213
0.570445,137.646227,106.312203,56.768696,5.559499,33.657253,19.300216,106.775629,78.659776,2.213848,21.588941,0.0
