3033.476058
0.173864,1,2
0.545003,1,3
0.08,1,4
0.160725,1,5
0.644461,1,6
0.026667,1,7
0.502891,1,8
0.175808,1,9
0.085104,1,10
3.465781,1,12
0.851069,2,1
19.941917,2,3
1.898219,2,4
5.712931,2,5
14.586968,2,6
5.972165,2,7
21.052955,2,8
12.749736,2,9
1.520971,2,10
4.696776,2,11
70.4174,2,12
0.100003,3,1
17.501128,3,2
7.190616,3,4
6.889704,3,5
21.851693,3,6
8.122451,3,7
21.034973,3,8
14.272163,3,9
7.880125,3,10
5.615944,3,11
7.077099,3,12
0.244736,4,1
10.260725,4,2
92.906283,4,3
19.790872,4,5
25.674933,4,6
16.476675,4,7
5.350267,4,8
18.521475,4,9
14.507485,4,10
52.489773,4,11
60.144043,4,12
2.257693,5,1
3.653581,5,2
58.809605,5,3
2.979859,5,4
6.572984,5,6
7.474403,5,7
5.236229,5,8
4.235336,5,9
0.903224,5,10
3.169091,5,11
7.689475,5,12
0.170504,6,1
32.200821,6,2
136.326432,6,3
12.459387,6,4
5.896723,6,5
12.443035,6,7
68.351125,6,8
23.338853,6,9
5.880379,6,10
12.880445,6,11
54.781245,6,12
0.398531,7,1
5.224792,7,2
55.853173,7,3
11.537725,7,4
4.419192,7,5
16.706077,7,6
4.078008,7,8
11.287379,7,9
1.173379,7,10
3.42276,7,11
15.774315,7,12
0.759963,8,1
17.563904,8,2
157.873896,8,3
6.259515,8,4
6.115296,8,5
32.921928,8,6
9.546259,8,7
49.175731,8,9
6.471416,8,10
23.307584,8,11
58.148408,8,12
1.351539,9,1
41.297205,9,2
60.408803,9,3
29.198141,9,4
25.227651,9,5
65.198312,9,6
21.121256,9,7
49.55516,9,8
10.347627,9,10
27.087213,9,11
110.487077,9,12
0.026667,10,1
0.549139,10,2
7.822805,10,3
3.158208,10,4
0.250099,10,5
3.388744,10,6
0.434032,10,7
32.545504,10,8
2.663773,10,9
62.406968,10,11
2.239251,10,12
0.101525,11,1
12.228845,11,2
90.178736,11,3
6.090813,11,4
2.431285,11,5
10.910139,11,6
2.991069,11,7
15.381099,11,8
22.574968,11,9
6.979877,11,10
19.259029,11,12
0.320379,12,1
88.269675,12,2
83.675176,12,3
68.670669,12,4
24.330381,12,5
70.87924,12,6
16.739971,12,7
62.272352,12,8
269.12264,12,9
2.773923,12,10
35.634856,12,11
succeed
0.0,0.173864,0.545003,0.08,0.160725,0.644461,0.026667,0.502891,0.175808,0.085104,0.0,3.465781
0.851069,0.0,19.941917,1.898219,5.712931,14.586968,5.972165,21.052955,12.749736,1.520971,4.696776,70.4174
0.100003,17.501128,0.0,7.190616,6.889704,21.851693,8.122451,21.034973,14.272163,7.880125,5.615944,7.077099
0.244736,10.260725,92.906283,0.0,19.790872,25.674933,16.476675,5.350267,18.521475,14.507485,52.489773,60.144043
2.257693,3.653581,58.809605,2.979859,0.0,6.572984,7.474403,5.236229,4.235336,0.903224,3.169091,7.689475
0.170504,32.200821,136.326432,12.459387,5.896723,0.0,12.443035,68.351125,23.338853,5.880379,12.880445,54.781245
0.398531,5.224792,55.853173,11.537725,4.419192,16.706077,0.0,4.078008,11.287379,1.173379,3.42276,15.774315
0.759963,17.563904,157.873896,6.259515,6.115296,32.921928,9.546259,0.0,49.175731,6.471416,23.307584,58.148408
1.351539,41.297205,60.408803,29.198141,25.227651,65.198312,21.121256,49.55516,0.0,10.347627,27.087213,110.487077
0.026667,0.549139,7.822805,3.158208,0.250099,3.388744,0.434032,32.545504,2.663773,0.0,62.406968,2.239251
0.101525,12.228845,90.178736,6.090813,2.431285,10.910139,2.991069,15.381099,22.574968,6.979877,0.0,19.259029
0.320379,88.269675,83.675176,68.670669,24.330381,70.87924,16.739971,62.272352,269.12264,2.773923,35.634856,0.0
