9015.856298
2.052408,1,2
0.338253,1,3
0.026667,1,4
0.1024,1,5
0.090357,1,6
0.08,1,7
0.213717,1,8
0.053333,1,9
0.026667,1,10
0.103835,1,11
1.891805,1,12
0.280045,2,1
16.020752,2,3
10.089237,2,4
14.498696,2,5
26.748621,2,6
4.348779,2,7
18.073683,2,8
6.881661,2,9
2.620267,2,10
7.660312,2,11
55.208467,2,12
2.803608,3,1
39.597328,3,2
15.654461,3,4
13.413453,3,5
49.790413,3,6
26.694629,3,7
5890.178133,3,8
11.316664,3,9
2.011507,3,10
9.244547,3,11
62.791064,3,12
0.223499,4,1
10.744237,4,2
55.022763,4,3
19.358035,4,5
23.407464,4,6
32.932779,4,7
14.732373,4,8
16.9272,4,9
40.024573,4,10
11.766237,4,11
35.767936,4,12
0.250936,5,1
11.957944,5,2
14.329109,5,3
4.58804,5,4
3.344467,5,6
5.553805,5,7
16.844808,5,8
3.198635,5,9
0.511573,5,10
2.266485,5,11
8.317621,5,12
0.123725,6,1
16.356965,6,2
68.529992,6,3
15.471659,6,4
4.721456,6,5
9.810472,6,7
26.968333,6,8
33.596632,6,9
7.209787,6,10
19.12484,6,11
22.479507,6,12
0.314229,7,1
10.745467,7,2
29.708021,7,3
13.749747,7,4
9.384555,7,5
17.387667,7,6
8.662264,7,8
4.606285,7,9
0.86636,7,10
2.418011,7,11
20.124541,7,12
0.565709,8,1
44.566435,8,2
108.960979,8,3
43.632989,8,4
15.176832,8,5
52.714736,8,6
12.005541,8,7
47.690472,8,9
19.326925,8,10
50.059331,8,11
113.772619,8,12
0.86524,9,1
70.105389,9,2
131.191469,9,3
32.374509,9,4
10.636803,9,5
36.992752,9,6
18.356176,9,7
77.674565,9,8
8.973579,9,10
32.274989,9,11
121.201381,9,12
0.933941,10,2
3.962219,10,3
2.167667,10,4
0.674283,10,5
1.902552,10,6
2.881085,10,7
29.17844,10,8
4.164632,10,9
29.254352,10,11
0.298637,10,12
0.312853,11,1
14.175851,11,2
26.568704,11,3
5.778304,11,4
5.293037,11,5
14.824413,11,6
15.769856,11,7
36.601069,11,8
22.173331,11,9
5.971061,11,10
21.387299,11,12
0.345467,12,1
103.952016,12,2
92.345208,12,3
70.998819,12,4
36.223835,12,5
63.492867,12,6
28.067813,12,7
123.875347,12,8
180.675261,12,9
4.647413,12,10
52.502443,12,11
succeed
0.0,2.052408,0.338253,0.026667,0.1024,0.090357,0.08,0.213717,0.053333,0.026667,0.103835,1.891805
0.280045,0.0,16.020752,10.089237,14.498696,26.748621,4.348779,18.073683,6.881661,2.620267,7.660312,55.208467
2.803608,39.597328,0.0,15.654461,13.413453,49.790413,26.694629,5890.178133,11.316664,2.011507,9.244547,62.791064
0.223499,10.744237,55.022763,0.0,19.358035,23.407464,32.932779,14.732373,16.9272,40.024573,11.766237,35.767936
0.250936,11.957944,14.329109,4.58804,0.0,3.344467,5.553805,16.844808,3.198635,0.511573,2.266485,8.317621
0.123725,16.356965,68.529992,15.471659,4.721456,0.0,9.810472,26.968333,33.596632,7.209787,19.12484,22.479507
0.314229,10.745467,29.708021,13.749747,9.384555,17.387667,0.0,8.662264,4.606285,0.86636,2.418011,20.124541
0.565709,44.566435,108.960979,43.632989,15.176832,52.714736,12.005541,0.0,47.690472,19.326925,50.059331,113.772619
0.86524,70.105389,131.191469,32.374509,10.636803,36.992752,18.356176,77.674565,0.0,8.973579,32.274989,121.201381
0.0,0.933941,3.962219,2.167667,0.674283,1.902552,2.881085,29.17844,4.164632,0.0,29.254352,0.298637
0.312853,14.175851,26.568704,5.778304,5.293037,14.824413,15.769856,36.601069,22.173331,5.971061,0.0,21.387299
0.345467,103.952016,92.345208,70.998819,36.223835,63.492867,28.067813,123.875347,180.675261,4.647413,52.502443,0.0
