1491.391875
0.424173,1,3
0.619861,1,4
0.063379,1,5
2.950816,1,9
0.053333,1,11
0.053333,1,12
0.053333,2,1
4.254416,2,3
4.47496,2,4
0.787288,2,5
11.581861,2,6
0.332261,2,7
9.735261,2,8
4.274509,2,9
0.04,2,10
5.091248,2,11
24.592173,2,12
0.757789,3,1
7.04556,3,2
3.344448,3,4
4.014957,3,5
27.108869,3,6
6.387824,3,7
38.140867,3,8
5.944448,3,9
3.55072,3,10
6.521243,3,11
15.896395,3,12
0.151829,4,1
1.655197,4,2
32.086003,4,3
13.651141,4,5
21.19652,4,6
6.722728,4,7
2.757539,4,8
11.799781,4,9
3.169611,4,10
9.300136,4,11
28.686621,4,12
2.179149,5,1
7.371485,5,2
7.307411,5,3
1.239776,5,4
0.665704,5,6
0.452573,5,7
3.029227,5,8
1.554747,5,9
0.026667,5,10
0.962747,5,11
1.620859,5,12
5.266267,6,2
47.403771,6,3
5.929616,6,4
22.222829,6,5
1.911896,6,7
7.367795,6,8
9.729467,6,9
0.60112,6,10
11.845181,6,11
16.356803,6,12
1.929528,7,2
16.405747,7,3
8.36172,7,4
2.299763,7,5
9.487485,7,6
4.534795,7,8
8.659888,7,9
1.438912,7,10
6.817317,7,11
9.811304,7,12
39.145224,8,2
51.599637,8,3
5.236485,8,4
2.19756,8,5
5.658141,8,6
1.455771,8,7
41.443419,8,9
25.826909,8,10
39.983992,8,11
24.262203,8,12
0.129595,9,1
9.287899,9,2
20.298573,9,3
25.339179,9,4
2.608944,9,5
16.778771,9,6
2.491595,9,7
56.135728,9,8
1.925333,9,10
14.5644,9,11
39.377536,9,12
0.026667,10,2
0.614448,10,4
8.941245,10,6
30.035896,10,8
0.21664,10,9
28.578773,10,11
0.063149,10,12
0.053333,11,1
6.533499,11,2
31.66396,11,3
1.305619,11,4
2.600992,11,5
2.461933,11,6
2.263776,11,7
10.489395,11,8
7.371704,11,9
1.896768,11,10
3.706859,11,12
0.026667,12,1
60.937675,12,2
48.124152,12,3
45.786683,12,4
9.766296,12,5
38.781811,12,6
8.413725,12,7
56.990245,12,8
89.233224,12,9
1.232979,12,10
23.462888,12,11
succeed
0.0,0.0,0.424173,0.619861,0.063379,0.0,0.0,0.0,2.950816,0.0,0.053333,0.053333
0.053333,0.0,4.254416,4.47496,0.787288,11.581861,0.332261,9.735261,4.274509,0.04,5.091248,24.592173
0.757789,7.04556,0.0,3.344448,4.014957,27.108869,6.387824,38.140867,5.944448,3.55072,6.521243,15.896395
0.151829,1.655197,32.086003,0.0,13.651141,21.19652,6.722728,2.757539,11.799781,3.169611,9.300136,28.686621
2.179149,7.371485,7.307411,1.239776,0.0,0.665704,0.452573,3.029227,1.554747,0.026667,0.962747,1.620859
0.0,5.266267,47.403771,5.929616,22.222829,0.0,1.911896,7.367795,9.729467,0.60112,11.845181,16.356803
0.0,1.929528,16.405747,8.36172,2.299763,9.487485,0.0,4.534795,8.659888,1.438912,6.817317,9.811304
0.0,39.145224,51.599637,5.236485,2.19756,5.658141,1.455771,0.0,41.443419,25.826909,39.983992,24.262203
0.129595,9.287899,20.298573,25.339179,2.608944,16.778771,2.491595,56.135728,0.0,1.925333,14.5644,39.377536
0.0,0.026667,0.0,0.614448,0.0,8.941245,0.0,30.035896,0.21664,0.0,28.578773,0.063149
0.053333,6.533499,31.66396,1.305619,2.600992,2.461933,2.263776,10.489395,7.371704,1.896768,0.0,3.706859
0.026667,60.937675,48.124152,45.786683,9.766296,38.781811,8.413725,56.990245,89.233224,1.232979,23.462888,0.0
