2472.897345
0.553797,1,2
0.703741,1,3
0.053333,1,4
0.089189,1,5
1.064355,1,6
0.124717,1,7
0.151029,1,8
1.166315,1,9
0.381091,1,11
1.220973,1,12
0.238389,2,1
16.657613,2,3
2.781269,2,4
1.1196,2,5
13.313413,2,6
2.520392,2,7
12.992923,2,8
47.287923,2,9
0.905437,2,10
15.949893,2,11
29.713989,2,12
0.755293,3,1
28.828477,3,2
6.448277,3,4
5.920115,3,5
37.257565,3,6
11.30904,3,7
36.414325,3,8
17.880147,3,9
0.848835,3,10
28.953531,3,11
59.025125,3,12
0.116587,4,1
5.364907,4,2
24.27488,4,3
9.343419,4,5
9.785005,4,6
9.504365,4,7
11.309696,4,8
13.338203,4,9
22.611189,4,10
8.153584,4,11
28.313013,4,12
0.026667,5,1
3.938901,5,2
12.61612,5,3
0.970336,5,4
9.443635,5,6
4.891091,5,7
18.959675,5,8
2.052717,5,9
0.202827,5,10
5.888635,5,11
4.292189,5,12
1.868309,6,1
9.550941,6,2
62.471035,6,3
11.700675,6,4
3.805984,6,5
5.808251,6,7
10.167787,6,8
18.303072,6,9
0.719115,6,10
27.361891,6,11
15.991477,6,12
0.076608,7,1
3.685517,7,2
18.647117,7,3
10.092901,7,4
3.318485,7,5
14.779837,7,6
5.8704,7,8
3.918912,7,9
0.478957,7,10
7.750907,7,11
11.265101,7,12
0.08,8,1
13.527565,8,2
98.131541,8,3
6.295067,8,4
7.033675,8,5
13.577603,8,6
5.623973,8,7
38.813963,8,9
16.243528,8,10
41.664123,8,11
76.888485,8,12
0.879712,9,1
28.308432,9,2
37.591544,9,3
10.134891,9,4
5.108213,9,5
28.068621,9,6
8.967096,9,7
49.276888,9,8
1.504448,9,10
21.678464,9,11
115.652992,9,12
0.173728,10,2
0.661899,10,3
2.21484,10,4
0.095584,10,5
0.458733,10,6
16.03236,10,8
0.07336,10,9
20.499837,10,11
0.090885,10,12
0.283653,11,1
67.484043,11,2
66.149469,11,3
4.877221,11,4
8.236109,11,5
69.200496,11,6
21.645515,11,7
46.031317,11,8
31.11008,11,9
1.101512,11,10
83.753043,11,12
0.60628,12,1
61.352373,12,2
93.608469,12,3
45.349632,12,4
15.882515,12,5
39.075653,12,6
9.351896,12,7
98.734763,12,8
147.707195,12,9
0.126627,12,10
60.216403,12,11
succeed
0.0,0.553797,0.703741,0.053333,0.089189,1.064355,0.124717,0.151029,1.166315,0.0,0.381091,1.220973
0.238389,0.0,16.657613,2.781269,1.1196,13.313413,2.520392,12.992923,47.287923,0.905437,15.949893,29.713989
0.755293,28.828477,0.0,6.448277,5.920115,37.257565,11.30904,36.414325,17.880147,0.848835,28.953531,59.025125
0.116587,5.364907,24.27488,0.0,9.343419,9.785005,9.504365,11.309696,13.338203,22.611189,8.153584,28.313013
0.026667,3.938901,12.61612,0.970336,0.0,9.443635,4.891091,18.959675,2.052717,0.202827,5.888635,4.292189
1.868309,9.550941,62.471035,11.700675,3.805984,0.0,5.808251,10.167787,18.303072,0.719115,27.361891,15.991477
0.076608,3.685517,18.647117,10.092901,3.318485,14.779837,0.0,5.8704,3.918912,0.478957,7.750907,11.265101
0.08,13.527565,98.131541,6.295067,7.033675,13.577603,5.623973,0.0,38.813963,16.243528,41.664123,76.888485
0.879712,28.308432,37.591544,10.134891,5.108213,28.068621,8.967096,49.276888,0.0,1.504448,21.678464,115.652992
0.0,0.173728,0.661899,2.21484,0.095584,0.458733,0.0,16.03236,0.07336,0.0,20.499837,0.090885
0.283653,67.484043,66.149469,4.877221,8.236109,69.200496,21.645515,46.031317,31.11008,1.101512,0.0,83.753043
0.60628,61.352373,93.608469,45.349632,15.882515,39.075653,9.351896,98.734763,147.707195,0.126627,60.216403,0.0
