4201.720126
0.147563,1,2
1.228747,1,3
2.246496,1,5
0.549504,1,6
0.586371,1,7
0.571501,1,9
0.028,1,11
2.205464,1,12
34.710213,2,3
0.127637,2,4
60.895843,2,5
34.784496,2,6
12.013323,2,7
25.0802,2,9
0.026667,2,10
0.612035,2,11
52.656224,2,12
55.586152,3,2
27.396904,3,4
157.361581,3,5
77.364544,3,6
13.600387,3,7
0.713195,3,8
58.002341,3,9
0.026667,3,10
0.83768,3,11
54.514595,3,12
10.669875,4,2
68.780304,4,3
51.171443,4,5
38.086307,4,6
14.716464,4,7
0.109456,4,8
36.753715,4,9
8.938027,4,10
0.516915,4,11
46.916979,4,12
53.379867,5,2
1.101739,5,3
0.103605,5,4
0.403488,5,6
9.139989,5,9
0.142248,5,11
140.814901,5,12
27.786459,6,2
165.816077,6,3
20.211533,6,4
99.31824,6,5
18.00664,6,7
0.687088,6,8
107.244744,6,9
0.236869,6,10
0.766216,6,11
40.67032,6,12
7.241133,7,2
33.712224,7,3
10.636773,7,4
26.082403,7,5
19.308165,7,6
9.723989,7,9
0.026667,7,10
0.133333,7,11
19.548067,7,12
44.631469,8,2
10.730448,8,3
24.675403,8,4
257.441987,8,5
0.319776,8,6
0.282213,8,7
105.091749,8,9
14.185011,8,10
31.506877,8,11
128.924016,8,12
75.179995,9,2
123.940013,9,3
42.07316,9,4
170.264896,9,5
65.458744,9,6
25.406365,9,7
0.08,9,8
0.08,9,10
4.957379,9,11
166.40348,9,12
0.914893,10,2
0.138331,10,3
11.125648,10,4
4.593427,10,5
0.026923,10,6
0.60524,10,7
58.290024,10,8
1.528077,10,9
67.089261,10,11
0.542371,10,12
8.437853,11,2
1.889341,11,3
9.665469,11,4
43.155141,11,5
0.313947,11,6
11.147808,11,7
32.753965,11,8
10.906453,11,9
6.049693,11,10
18.205501,11,12
135.630363,12,2
139.705872,12,3
13.371371,12,4
285.682213,12,5
64.196227,12,6
15.695448,12,7
0.283819,12,8
200.363696,12,9
0.053333,12,10
4.948845,12,11
succeed
0.0,0.147563,1.228747,0.0,2.246496,0.549504,0.586371,0.0,0.571501,0.0,0.028,2.205464
0.0,0.0,34.710213,0.127637,60.895843,34.784496,12.013323,0.0,25.0802,0.026667,0.612035,52.656224
0.0,55.586152,0.0,27.396904,157.361581,77.364544,13.600387,0.713195,58.002341,0.026667,0.83768,54.514595
0.0,10.669875,68.780304,0.0,51.171443,38.086307,14.716464,0.109456,36.753715,8.938027,0.516915,46.916979
0.0,53.379867,1.101739,0.103605,0.0,0.403488,0.0,0.0,9.139989,0.0,0.142248,140.814901
0.0,27.786459,165.816077,20.211533,99.31824,0.0,18.00664,0.687088,107.244744,0.236869,0.766216,40.67032
0.0,7.241133,33.712224,10.636773,26.082403,19.308165,0.0,0.0,9.723989,0.026667,0.133333,19.548067
0.0,44.631469,10.730448,24.675403,257.441987,0.319776,0.282213,0.0,105.091749,14.185011,31.506877,128.924016
0.0,75.179995,123.940013,42.07316,170.264896,65.458744,25.406365,0.08,0.0,0.08,4.957379,166.40348
0.0,0.914893,0.138331,11.125648,4.593427,0.026923,0.60524,58.290024,1.528077,0.0,67.089261,0.542371
0.0,8.437853,1.889341,9.665469,43.155141,0.313947,11.147808,32.753965,10.906453,6.049693,0.0,18.205501
0.0,135.630363,139.705872,13.371371,285.682213,64.196227,15.695448,0.283819,200.363696,0.053333,4.948845,0.0
