8940.120483
0.424653,1,2
1.383677,1,3
1.006381,1,5
0.938491,1,6
0.208253,1,7
0.870179,1,9
0.026667,1,11
7.925029,1,12
30.719149,2,3
0.285019,2,4
56.143979,2,5
30.164837,2,6
10.104744,2,7
0.092165,2,8
16.83672,2,9
0.192139,2,10
0.241109,2,11
63.938331,2,12
36.482619,3,2
30.302109,3,4
5122.4936,3,5
90.023883,3,6
21.488664,3,7
0.026667,3,8
46.641512,3,9
0.329528,3,10
1.517131,3,11
64.304683,3,12
12.697704,4,2
114.890552,4,3
70.301949,4,5
45.473256,4,6
26.431005,4,7
0.06832,4,8
38.041069,4,9
15.018427,4,10
3.252365,4,11
49.784248,4,12
43.250216,5,2
2.240061,5,3
0.255341,5,4
0.08,5,6
0.112128,5,7
0.026667,5,8
6.955664,5,9
0.077725,5,10
0.08,5,11
101.664595,5,12
21.296805,6,2
133.633645,6,3
8.810141,6,4
54.219397,6,5
23.065557,6,7
0.053333,6,8
71.648832,6,9
0.249189,6,10
1.763955,6,11
57.325573,6,12
14.271768,7,2
32.744083,7,3
15.925907,7,4
13.705872,7,5
16.708795,7,6
7.478357,7,9
0.067189,7,10
0.336541,7,11
17.183539,7,12
32.825293,8,2
16.673909,8,3
17.648176,8,4
211.766784,8,5
1.243373,8,6
8.768877,8,7
91.032592,8,9
9.401797,8,10
21.137501,8,11
92.49932,8,12
74.589379,9,2
91.225285,9,3
34.468,9,4
104.69272,9,5
90.529416,9,6
26.673208,9,7
0.16,9,8
0.238552,9,10
6.751947,9,11
203.230965,9,12
4.789741,10,2
0.215733,10,3
4.864736,10,4
6.220432,10,5
0.053333,10,6
1.31052,10,7
33.987165,10,8
5.086979,10,9
49.990224,10,11
1.340549,10,12
15.05268,11,2
3.905504,11,3
7.814563,11,4
57.237592,11,5
0.929213,11,6
7.537117,11,7
22.444461,11,8
16.642632,11,9
5.123387,11,10
26.838344,11,12
184.593795,12,2
102.110693,12,3
2.123907,12,4
243.22252,12,5
109.370219,12,6
42.2888,12,7
0.219704,12,8
186.553048,12,9
0.467787,12,10
5.926323,12,11
succeed
0.0,0.424653,1.383677,0.0,1.006381,0.938491,0.208253,0.0,0.870179,0.0,0.026667,7.925029
0.0,0.0,30.719149,0.285019,56.143979,30.164837,10.104744,0.092165,16.83672,0.192139,0.241109,63.938331
0.0,36.482619,0.0,30.302109,5122.4936,90.023883,21.488664,0.026667,46.641512,0.329528,1.517131,64.304683
0.0,12.697704,114.890552,0.0,70.301949,45.473256,26.431005,0.06832,38.041069,15.018427,3.252365,49.784248
0.0,43.250216,2.240061,0.255341,0.0,0.08,0.112128,0.026667,6.955664,0.077725,0.08,101.664595
0.0,21.296805,133.633645,8.810141,54.219397,0.0,23.065557,0.053333,71.648832,0.249189,1.763955,57.325573
0.0,14.271768,32.744083,15.925907,13.705872,16.708795,0.0,0.0,7.478357,0.067189,0.336541,17.183539
0.0,32.825293,16.673909,17.648176,211.766784,1.243373,8.768877,0.0,91.032592,9.401797,21.137501,92.49932
0.0,74.589379,91.225285,34.468,104.69272,90.529416,26.673208,0.16,0.0,0.238552,6.751947,203.230965
0.0,4.789741,0.215733,4.864736,6.220432,0.053333,1.31052,33.987165,5.086979,0.0,49.990224,1.340549
0.0,15.05268,3.905504,7.814563,57.237592,0.929213,7.537117,22.444461,16.642632,5.123387,0.0,26.838344
0.0,184.593795,102.110693,2.123907,243.22252,109.370219,42.2888,0.219704,186.553048,0.467787,5.926323,0.0
