3317.915879
0.145853,1,2
0.483221,1,3
1.406461,1,4
0.126037,1,5
1.655283,1,6
0.413197,1,7
0.624547,1,8
2.283773,1,9
0.483285,1,11
0.833885,1,12
0.15156,2,1
16.537643,2,3
10.137763,2,4
4.170835,2,5
37.131139,2,6
8.912349,2,7
19.970473,2,8
13.98752,2,9
1.873863,2,10
10.417248,2,11
134.189005,2,12
1.321187,3,1
32.571027,3,2
14.872997,3,4
22.758112,3,5
70.829005,3,6
28.360229,3,7
57.145912,3,8
34.717789,3,9
9.895205,3,10
18.755867,3,11
39.857797,3,12
0.232925,4,1
7.395584,4,2
54.447421,4,3
14.843744,4,5
28.501741,4,6
12.259643,4,7
19.257115,4,8
18.275512,4,9
15.062515,4,10
17.27004,4,11
38.205373,4,12
0.145765,5,1
3.553336,5,2
30.623656,5,3
4.948997,5,4
10.226477,5,6
4.218973,5,7
64.169597,5,8
9.656712,5,9
2.966141,5,10
2.88524,5,11
9.449995,5,12
0.955797,6,1
31.227589,6,2
135.384672,6,3
24.230731,6,4
6.458643,6,5
21.23668,6,7
29.2258,6,8
28.686661,6,9
7.300811,6,10
9.189573,6,11
33.884936,6,12
0.224069,7,1
4.811603,7,2
34.827243,7,3
10.184723,7,4
5.335891,7,5
11.931685,7,6
8.116984,7,8
10.632683,7,9
2.741344,7,10
4.3564,7,11
11.361597,7,12
0.666851,8,1
18.244112,8,2
128.8788,8,3
21.499176,8,4
14.719592,8,5
43.732557,8,6
15.264099,8,7
60.972541,8,9
12.268368,8,10
37.143317,8,11
58.647147,8,12
1.800349,9,1
41.497749,9,2
60.438872,9,3
40.126915,9,4
22.7352,9,5
66.522251,9,6
27.982859,9,7
94.392859,9,8
14.761848,9,10
35.113581,9,11
143.987909,9,12
0.361691,10,2
7.948933,10,3
13.576915,10,4
0.87516,10,5
7.290851,10,6
0.715997,10,7
43.202477,10,8
1.79892,10,9
51.114331,10,11
3.310272,10,12
8.919875,11,2
36.742693,11,3
10.039971,11,4
7.064805,11,5
10.315901,11,6
10.564053,11,7
36.188635,11,8
13.725184,11,9
10.936421,11,10
11.991323,11,12
11.897328,12,1
100.792288,12,2
65.035699,12,3
54.712027,12,4
24.187205,12,5
91.194693,12,6
36.170696,12,7
101.852512,12,8
124.520643,12,9
7.480941,12,10
54.067803,12,11
succeed
0.0,0.145853,0.483221,1.406461,0.126037,1.655283,0.413197,0.624547,2.283773,0.0,0.483285,0.833885
0.15156,0.0,16.537643,10.137763,4.170835,37.131139,8.912349,19.970473,13.98752,1.873863,10.417248,134.189005
1.321187,32.571027,0.0,14.872997,22.758112,70.829005,28.360229,57.145912,34.717789,9.895205,18.755867,39.857797
0.232925,7.395584,54.447421,0.0,14.843744,28.501741,12.259643,19.257115,18.275512,15.062515,17.27004,38.205373
0.145765,3.553336,30.623656,4.948997,0.0,10.226477,4.218973,64.169597,9.656712,2.966141,2.88524,9.449995
0.955797,31.227589,135.384672,24.230731,6.458643,0.0,21.23668,29.2258,28.686661,7.300811,9.189573,33.884936
0.224069,4.811603,34.827243,10.184723,5.335891,11.931685,0.0,8.116984,10.632683,2.741344,4.3564,11.361597
0.666851,18.244112,128.8788,21.499176,14.719592,43.732557,15.264099,0.0,60.972541,12.268368,37.143317,58.647147
1.800349,41.497749,60.438872,40.126915,22.7352,66.522251,27.982859,94.392859,0.0,14.761848,35.113581,143.987909
0.0,0.361691,7.948933,13.576915,0.87516,7.290851,0.715997,43.202477,1.79892,0.0,51.114331,3.310272
0.0,8.919875,36.742693,10.039971,7.064805,10.315901,10.564053,36.188635,13.725184,10.936421,0.0,11.991323
11.897328,100.792288,65.035699,54.712027,24.187205,91.194693,36.170696,101.852512,124.520643,7.480941,54.067803,0.0
