9150.260207
0.168781,1,2
0.949563,1,3
0.064677,1,5
1.036699,1,6
0.026667,1,7
0.234608,1,8
0.321979,1,9
0.174576,1,10
1.017211,1,11
61.606331,1,12
0.336317,2,1
22.383091,2,3
6.173891,2,4
22.366936,2,5
26.170587,2,6
6.557677,2,7
15.894984,2,8
26.770005,2,9
0.783451,2,10
24.756301,2,11
57.50376,2,12
1.484147,3,1
50.865171,3,2
20.257864,3,4
18.000979,3,5
110.212491,3,6
16.509643,3,7
4326.2232,3,8
25.084085,3,9
1.802456,3,10
42.585568,3,11
128.421181,3,12
0.18572,4,1
14.550688,4,2
167.179149,4,3
22.473619,4,5
15.391069,4,6
18.814819,4,7
24.055621,4,8
10.200512,4,9
0.713213,4,10
51.6396,4,11
39.894797,4,12
1.662893,5,1
6.813115,5,2
58.157451,5,3
6.557099,5,4
12.018115,5,6
7.079165,5,7
9.752653,5,8
7.224549,5,9
0.755525,5,10
15.720496,5,11
23.345963,5,12
2.62752,6,1
40.825827,6,2
127.552741,6,3
12.422112,6,4
5.876176,6,5
18.104829,6,7
20.516672,6,8
41.016819,6,9
1.645053,6,10
34.89756,6,11
30.386037,6,12
0.077541,7,1
5.132608,7,2
38.149352,7,3
9.207869,7,4
4.494995,7,5
23.330179,7,6
8.553749,7,8
12.99372,7,9
0.525333,7,10
15.726115,7,11
17.150069,7,12
0.123101,8,1
25.332856,8,2
138.826117,8,3
18.016405,8,4
17.299763,8,5
39.770301,8,6
8.989032,8,7
56.927821,8,9
19.645469,8,10
77.864565,8,11
105.135912,8,12
3.171123,9,1
46.814387,9,2
50.988515,9,3
26.620752,9,4
13.335397,9,5
68.757099,9,6
25.259907,9,7
80.483245,9,8
2.350555,9,10
28.083997,9,11
166.041965,9,12
0.026667,10,2
1.7118,10,3
22.799357,10,4
0.949328,10,5
0.862629,10,6
0.065429,10,7
15.735728,10,8
0.722067,10,9
22.510248,10,11
0.330869,10,12
2.575781,11,1
118.983856,11,2
267.648347,11,3
84.863219,11,4
77.776613,11,5
157.833957,11,6
88.136027,11,7
37.25864,11,8
60.737544,11,9
29.953955,11,10
172.230669,11,12
2.82216,12,1
124.839859,12,2
130.752197,12,3
87.443613,12,4
38.032459,12,5
81.919155,12,6
34.150883,12,7
117.331016,12,8
270.654347,12,9
2.285509,12,10
74.334411,12,11
succeed
0.0,0.168781,0.949563,0.0,0.064677,1.036699,0.026667,0.234608,0.321979,0.174576,1.017211,61.606331
0.336317,0.0,22.383091,6.173891,22.366936,26.170587,6.557677,15.894984,26.770005,0.783451,24.756301,57.50376
1.484147,50.865171,0.0,20.257864,18.000979,110.212491,16.509643,4326.2232,25.084085,1.802456,42.585568,128.421181
0.18572,14.550688,167.179149,0.0,22.473619,15.391069,18.814819,24.055621,10.200512,0.713213,51.6396,39.894797
1.662893,6.813115,58.157451,6.557099,0.0,12.018115,7.079165,9.752653,7.224549,0.755525,15.720496,23.345963
2.62752,40.825827,127.552741,12.422112,5.876176,0.0,18.104829,20.516672,41.016819,1.645053,34.89756,30.386037
0.077541,5.132608,38.149352,9.207869,4.494995,23.330179,0.0,8.553749,12.99372,0.525333,15.726115,17.150069
0.123101,25.332856,138.826117,18.016405,17.299763,39.770301,8.989032,0.0,56.927821,19.645469,77.864565,105.135912
3.171123,46.814387,50.988515,26.620752,13.335397,68.757099,25.259907,80.483245,0.0,2.350555,28.083997,166.041965
0.0,0.026667,1.7118,22.799357,0.949328,0.862629,0.065429,15.735728,0.722067,0.0,22.510248,0.330869
2.575781,118.983856,267.648347,84.863219,77.776613,157.833957,88.136027,37.25864,60.737544,29.953955,0.0,172.230669
2.82216,124.839859,130.752197,87.443613,38.032459,81.919155,34.150883,117.331016,270.654347,2.285509,74.334411,0.0
