3465.249512
3.542813,1,2
0.846712,1,3
1.658197,1,5
0.145099,1,6
0.146869,1,7
1.235451,1,9
0.894747,1,12
22.912504,2,3
0.026667,2,4
43.444083,2,5
30.977731,2,6
19.492621,2,7
16.401539,2,9
0.026923,2,10
0.874293,2,11
47.063925,2,12
25.862696,3,2
22.613024,3,4
130.171213,3,5
65.82468,3,6
24.299248,3,7
0.665165,3,8
41.558128,3,9
0.537237,3,10
1.42708,3,11
35.946168,3,12
4.882411,4,2
64.451651,4,3
39.81728,4,5
29.823683,4,6
18.589843,4,7
0.057027,4,8
17.785149,4,9
10.976235,4,10
0.165427,4,11
42.125485,4,12
32.009869,5,2
1.4592,5,3
0.053333,5,7
0.079637,5,8
6.680053,5,9
0.026667,5,10
0.053333,5,11
106.101264,5,12
21.699525,6,2
123.845,6,3
10.593821,6,4
111.670357,6,5
22.803973,6,7
0.145571,6,8
71.18872,6,9
0.153328,6,10
1.65752,6,11
35.503539,6,12
7.170765,7,2
29.129603,7,3
8.413507,7,4
18.215067,7,5
18.557883,7,6
18.832997,7,9
0.08,7,10
0.307365,7,11
17.174021,7,12
25.092133,8,2
15.201997,8,3
24.825685,8,4
166.821936,8,5
0.153621,8,6
0.088624,8,7
80.466088,8,9
9.411955,8,10
31.176251,8,11
92.747512,8,12
39.796333,9,2
113.628475,9,3
41.123984,9,4
180.775555,9,5
66.645773,9,6
26.376413,9,7
0.316272,9,8
5.769112,9,11
129.799371,9,12
0.35204,10,2
0.059741,10,3
2.228589,10,4
11.554507,10,5
0.46892,10,7
36.840699,10,8
3.78636,10,9
47.835469,10,11
0.693173,10,12
11.288805,11,2
3.072099,11,3
6.092227,11,4
38.454477,11,5
5.045445,11,7
29.823723,11,8
17.480152,11,9
6.897547,11,10
14.62592,11,12
114.548029,12,2
98.471243,12,3
260.073317,12,5
62.858744,12,6
46.708933,12,7
0.876357,12,8
152.009184,12,9
0.228077,12,10
11.783723,12,11
succeed
0.0,3.542813,0.846712,0.0,1.658197,0.145099,0.146869,0.0,1.235451,0.0,0.0,0.894747
0.0,0.0,22.912504,0.026667,43.444083,30.977731,19.492621,0.0,16.401539,0.026923,0.874293,47.063925
0.0,25.862696,0.0,22.613024,130.171213,65.82468,24.299248,0.665165,41.558128,0.537237,1.42708,35.946168
0.0,4.882411,64.451651,0.0,39.81728,29.823683,18.589843,0.057027,17.785149,10.976235,0.165427,42.125485
0.0,32.009869,1.4592,0.0,0.0,0.0,0.053333,0.079637,6.680053,0.026667,0.053333,106.101264
0.0,21.699525,123.845,10.593821,111.670357,0.0,22.803973,0.145571,71.18872,0.153328,1.65752,35.503539
0.0,7.170765,29.129603,8.413507,18.215067,18.557883,0.0,0.0,18.832997,0.08,0.307365,17.174021
0.0,25.092133,15.201997,24.825685,166.821936,0.153621,0.088624,0.0,80.466088,9.411955,31.176251,92.747512
0.0,39.796333,113.628475,41.123984,180.775555,66.645773,26.376413,0.316272,0.0,0.0,5.769112,129.799371
0.0,0.35204,0.059741,2.228589,11.554507,0.0,0.46892,36.840699,3.78636,0.0,47.835469,0.693173
0.0,11.288805,3.072099,6.092227,38.454477,0.0,5.045445,29.823723,17.480152,6.897547,0.0,14.62592
0.0,114.548029,98.471243,0.0,260.073317,62.858744,46.708933,0.876357,152.009184,0.228077,11.783723,0.0
