2711.967528
0.194523,1,2
1.053107,1,3
0.057397,1,5
0.705645,1,6
0.048875,1,7
0.150929,1,8
0.589576,1,9
0.014076,1,10
0.830755,1,11
4.516795,1,12
0.11648,2,1
17.378885,2,3
2.654387,2,4
1.865432,2,5
19.364637,2,6
2.479968,2,7
18.463733,2,8
15.22736,2,9
0.298531,2,10
10.969107,2,11
57.867077,2,12
0.679269,3,1
48.812824,3,2
5.536779,3,4
8.71208,3,5
42.774944,3,6
10.762411,3,7
32.79296,3,8
13.142368,3,9
5.848147,3,10
16.702563,3,11
59.167595,3,12
0.276808,4,1
2.671851,4,2
48.740184,4,3
9.884235,4,5
11.878275,4,6
11.458056,4,7
3.401611,4,8
6.514485,4,9
3.696115,4,10
12.489621,4,11
19.935651,4,12
1.495043,5,1
8.438003,5,2
17.402128,5,3
0.867408,5,4
8.541584,5,6
8.40264,5,7
3.326304,5,8
6.270387,5,9
7.258525,5,11
4.914405,5,12
0.106667,6,1
9.211053,6,2
80.634973,6,3
9.06312,6,4
1.814733,6,5
4.044115,6,7
18.615949,6,8
30.840301,6,9
0.455483,6,10
34.587133,6,11
40.656552,6,12
0.087259,7,1
5.981669,7,2
26.615571,7,3
8.263237,7,4
2.435256,7,5
18.731197,7,6
4.578165,7,8
4.751965,7,9
2.624445,7,10
6.718336,7,11
10.803168,7,12
1.426379,8,1
7.549059,8,2
112.960429,8,3
10.069595,8,4
4.134083,8,5
16.067653,8,6
5.008904,8,7
38.981435,8,9
20.245253,8,10
46.904088,8,11
87.69936,8,12
0.681965,9,1
28.432211,9,2
55.098813,9,3
15.891128,9,4
9.12448,9,5
27.547499,9,6
9.091349,9,7
69.937843,9,8
2.861611,9,10
22.607616,9,11
61.198845,9,12
0.053333,10,3
7.007616,10,4
0.026667,10,5
0.404531,10,6
12.591869,10,8
0.097739,10,9
16.068888,10,11
0.08,10,12
0.305595,11,1
61.748507,11,2
86.526597,11,3
20.409493,11,4
20.138277,11,5
57.686691,11,6
38.697965,11,7
50.709173,11,8
27.463181,11,9
7.690443,11,10
81.700771,11,12
2.054515,12,1
99.143739,12,2
101.801859,12,3
57.830088,12,4
30.209379,12,5
47.268677,12,6
18.061349,12,7
98.077576,12,8
147.634627,12,9
6.904259,12,10
40.791645,12,11
succeed
0.0,0.194523,1.053107,0.0,0.057397,0.705645,0.048875,0.150929,0.589576,0.014076,0.830755,4.516795
0.11648,0.0,17.378885,2.654387,1.865432,19.364637,2.479968,18.463733,15.22736,0.298531,10.969107,57.867077
0.679269,48.812824,0.0,5.536779,8.71208,42.774944,10.762411,32.79296,13.142368,5.848147,16.702563,59.167595
0.276808,2.671851,48.740184,0.0,9.884235,11.878275,11.458056,3.401611,6.514485,3.696115,12.489621,19.935651
1.495043,8.438003,17.402128,0.867408,0.0,8.541584,8.40264,3.326304,6.270387,0.0,7.258525,4.914405
0.106667,9.211053,80.634973,9.06312,1.814733,0.0,4.044115,18.615949,30.840301,0.455483,34.587133,40.656552
0.087259,5.981669,26.615571,8.263237,2.435256,18.731197,0.0,4.578165,4.751965,2.624445,6.718336,10.803168
1.426379,7.549059,112.960429,10.069595,4.134083,16.067653,5.008904,0.0,38.981435,20.245253,46.904088,87.69936
0.681965,28.432211,55.098813,15.891128,9.12448,27.547499,9.091349,69.937843,0.0,2.861611,22.607616,61.198845
0.0,0.0,0.053333,7.007616,0.026667,0.404531,0.0,12.591869,0.097739,0.0,16.068888,0.08
0.305595,61.748507,86.526597,20.409493,20.138277,57.686691,38.697965,50.709173,27.463181,7.690443,0.0,81.700771
2.054515,99.143739,101.801859,57.830088,30.209379,47.268677,18.061349,98.077576,147.634627,6.904259,40.791645,0.0
