3428.092982
0.137968,1,2
4.072184,1,3
0.053333,1,4
0.041475,1,5
0.147936,1,6
0.058691,1,7
0.215155,1,8
1.827488,1,9
0.413984,1,11
1.683803,1,12
0.11632,2,1
15.939832,2,3
4.676795,2,4
5.419085,2,5
12.40456,2,6
1.277256,2,7
15.932272,2,8
8.185696,2,9
0.408949,2,10
7.360517,2,11
64.437853,2,12
1.427392,3,1
21.67028,3,2
23.608851,3,4
14.186944,3,5
117.560824,3,6
19.579299,3,7
86.256645,3,8
27.106355,3,9
2.4158,3,10
13.965347,3,11
45.612205,3,12
0.026667,4,1
7.246693,4,2
66.729869,4,3
25.782648,4,5
35.423624,4,6
20.553677,4,7
36.832472,4,8
17.703957,4,9
15.450752,4,10
11.334643,4,11
52.038504,4,12
16.138717,5,2
22.92452,5,3
9.610259,5,4
5.124752,5,6
4.626099,5,7
19.586952,5,8
5.272952,5,9
0.061907,5,10
3.275381,5,11
14.030413,5,12
0.868859,6,1
22.105952,6,2
74.736053,6,3
12.498387,6,4
9.645011,6,5
9.159157,6,7
42.320133,6,8
26.156136,6,9
1.373171,6,10
17.222893,6,11
28.415507,6,12
0.182445,7,1
1.858491,7,2
29.453507,7,3
5.26288,7,4
5.009904,7,5
10.160605,7,6
7.902563,7,8
5.050384,7,9
1.138739,7,10
2.676704,7,11
17.331632,7,12
2.135221,8,1
17.768456,8,2
148.346787,8,3
40.150037,8,4
19.203533,8,5
49.109507,8,6
12.6154,8,7
95.671992,8,9
16.351333,8,10
47.334275,8,11
153.417344,8,12
3.65296,9,1
37.469448,9,2
56.557819,9,3
47.090373,9,4
16.168123,9,5
57.042637,9,6
18.034077,9,7
134.351448,9,8
11.432664,9,10
25.131155,9,11
148.877667,9,12
0.171349,10,2
4.870571,10,3
21.454981,10,4
0.195451,10,5
1.427613,10,6
0.026667,10,7
36.859832,10,8
9.176235,10,9
40.065736,10,11
0.685584,10,12
0.061075,11,1
15.929283,11,2
19.880459,11,3
3.348883,11,4
3.612824,11,5
15.632827,11,6
3.384328,11,7
31.112693,11,8
13.127003,11,9
3.771115,11,10
39.839211,11,12
0.36868,12,1
104.821765,12,2
73.448059,12,3
66.959733,12,4
21.075603,12,5
74.809917,12,6
30.292064,12,7
165.879387,12,8
180.169453,12,9
7.889048,12,10
41.327632,12,11
succeed
0.0,0.137968,4.072184,0.053333,0.041475,0.147936,0.058691,0.215155,1.827488,0.0,0.413984,1.683803
0.11632,0.0,15.939832,4.676795,5.419085,12.40456,1.277256,15.932272,8.185696,0.408949,7.360517,64.437853
1.427392,21.67028,0.0,23.608851,14.186944,117.560824,19.579299,86.256645,27.106355,2.4158,13.965347,45.612205
0.026667,7.246693,66.729869,0.0,25.782648,35.423624,20.553677,36.832472,17.703957,15.450752,11.334643,52.038504
0.0,16.138717,22.92452,9.610259,0.0,5.124752,4.626099,19.586952,5.272952,0.061907,3.275381,14.030413
0.868859,22.105952,74.736053,12.498387,9.645011,0.0,9.159157,42.320133,26.156136,1.373171,17.222893,28.415507
0.182445,1.858491,29.453507,5.26288,5.009904,10.160605,0.0,7.902563,5.050384,1.138739,2.676704,17.331632
2.135221,17.768456,148.346787,40.150037,19.203533,49.109507,12.6154,0.0,95.671992,16.351333,47.334275,153.417344
3.65296,37.469448,56.557819,47.090373,16.168123,57.042637,18.034077,134.351448,0.0,11.432664,25.131155,148.877667
0.0,0.171349,4.870571,21.454981,0.195451,1.427613,0.026667,36.859832,9.176235,0.0,40.065736,0.685584
0.061075,15.929283,19.880459,3.348883,3.612824,15.632827,3.384328,31.112693,13.127003,3.771115,0.0,39.839211
0.36868,104.821765,73.448059,66.959733,21.075603,74.809917,30.292064,165.879387,180.169453,7.889048,41.327632,0.0
