2963.288455
0.055875,1,2
0.5202,1,3
0.053333,1,4
0.053333,1,5
0.291096,1,6
0.310421,1,7
0.231419,1,8
1.272285,1,9
0.211016,1,11
0.874493,1,12
0.164061,2,1
18.049139,2,3
14.537984,2,4
16.980245,2,5
22.259424,2,6
3.790592,2,7
16.097693,2,8
6.531971,2,9
2.849365,2,10
4.331981,2,11
57.287168,2,12
1.669176,3,1
11.278179,3,2
21.867475,3,4
6.270525,3,5
38.522909,3,6
17.594091,3,7
80.816869,3,8
21.541096,3,9
4.507541,3,10
10.931264,3,11
19.220363,3,12
0.501333,4,1
9.896485,4,2
76.396389,4,3
13.562203,4,5
32.856408,4,6
20.176296,4,7
7.503645,4,8
23.61316,4,9
9.405168,4,10
9.835995,4,11
38.985053,4,12
1.190435,5,1
2.941664,5,2
25.667184,5,3
2.316747,5,4
4.437949,5,6
11.67992,5,7
4.214608,5,8
4.95028,5,9
1.869323,5,10
2.572581,5,11
3.754069,5,12
0.413357,6,1
33.858061,6,2
140.011264,6,3
6.290029,6,4
6.360043,6,5
8.163304,6,7
68.965427,6,8
32.077691,6,9
2.2158,6,10
9.035299,6,11
30.600288,6,12
0.15168,7,1
1.80624,7,2
38.662533,7,3
12.092176,7,4
4.695323,7,5
10.516061,7,6
9.456688,7,8
5.945021,7,9
0.547328,7,10
1.482579,7,11
9.767776,7,12
0.455349,8,1
13.718189,8,2
171.012837,8,3
22.049957,8,4
12.967499,8,5
41.148904,8,6
9.292083,8,7
70.055069,8,9
13.570072,8,10
35.904181,8,11
90.010317,8,12
9.289547,9,1
39.965096,9,2
67.315712,9,3
31.075085,9,4
15.324424,9,5
38.378709,9,6
16.837544,9,7
105.242021,9,8
6.989773,9,10
30.16848,9,11
98.017613,9,12
0.111136,10,2
2.146955,10,3
1.558483,10,4
0.264499,10,5
0.668781,10,6
0.026667,10,7
41.970088,10,8
0.354176,10,9
59.002437,10,11
0.304899,10,12
0.524488,11,1
6.842203,11,2
29.864523,11,3
2.763336,11,4
5.384136,11,5
6.149504,11,6
2.620096,11,7
25.115883,11,8
9.212683,11,9
3.270136,11,10
7.046949,11,12
0.636821,12,1
97.518875,12,2
87.045797,12,3
49.113712,12,4
11.821947,12,5
65.423325,12,6
19.788787,12,7
127.138795,12,8
178.074152,12,9
3.488419,12,10
36.833861,12,11
succeed
0.0,0.055875,0.5202,0.053333,0.053333,0.291096,0.310421,0.231419,1.272285,0.0,0.211016,0.874493
0.164061,0.0,18.049139,14.537984,16.980245,22.259424,3.790592,16.097693,6.531971,2.849365,4.331981,57.287168
1.669176,11.278179,0.0,21.867475,6.270525,38.522909,17.594091,80.816869,21.541096,4.507541,10.931264,19.220363
0.501333,9.896485,76.396389,0.0,13.562203,32.856408,20.176296,7.503645,23.61316,9.405168,9.835995,38.985053
1.190435,2.941664,25.667184,2.316747,0.0,4.437949,11.67992,4.214608,4.95028,1.869323,2.572581,3.754069
0.413357,33.858061,140.011264,6.290029,6.360043,0.0,8.163304,68.965427,32.077691,2.2158,9.035299,30.600288
0.15168,1.80624,38.662533,12.092176,4.695323,10.516061,0.0,9.456688,5.945021,0.547328,1.482579,9.767776
0.455349,13.718189,171.012837,22.049957,12.967499,41.148904,9.292083,0.0,70.055069,13.570072,35.904181,90.010317
9.289547,39.965096,67.315712,31.075085,15.324424,38.378709,16.837544,105.242021,0.0,6.989773,30.16848,98.017613
0.0,0.111136,2.146955,1.558483,0.264499,0.668781,0.026667,41.970088,0.354176,0.0,59.002437,0.304899
0.524488,6.842203,29.864523,2.763336,5.384136,6.149504,2.620096,25.115883,9.212683,3.270136,0.0,7.046949
0.636821,97.518875,87.045797,49.113712,11.821947,65.423325,19.788787,127.138795,178.074152,3.488419,36.833861,0.0
