4132.022316
0.191155,1,2
3.051811,1,3
0.467619,1,4
0.21532,1,5
1.943584,1,6
1.844875,1,7
0.441155,1,8
1.601288,1,9
0.051307,1,10
0.181835,1,11
1.294517,1,12
1.335141,2,1
44.228939,2,3
11.333419,2,4
14.661616,2,5
46.946515,2,6
5.033259,2,7
27.731795,2,8
18.748499,2,9
3.061115,2,10
5.764043,2,11
51.327115,2,12
1.7964,3,1
27.785405,3,2
27.697376,3,4
15.610208,3,5
83.088864,3,6
16.398376,3,7
77.245949,3,8
24.872709,3,9
4.939579,3,10
13.083952,3,11
44.37804,3,12
0.535851,4,1
9.538872,4,2
67.8926,4,3
12.684563,4,5
29.809344,4,6
15.133864,4,7
24.786107,4,8
16.956915,4,9
8.763077,4,10
12.065344,4,11
46.798109,4,12
0.208632,5,1
9.250256,5,2
28.016813,5,3
4.253187,5,4
7.689061,5,6
5.698272,5,7
12.933843,5,8
11.217008,5,9
3.763157,5,10
3.433587,5,11
16.713739,5,12
0.793987,6,1
31.256861,6,2
142.733784,6,3
22.746325,6,4
11.411203,6,5
31.097683,6,7
42.065136,6,8
62.996907,6,9
11.323256,6,10
20.058075,6,11
57.054216,6,12
1.214688,7,1
6.357248,7,2
40.89972,7,3
17.190925,7,4
9.996197,7,5
18.365843,7,6
7.129843,7,8
9.372747,7,9
1.958445,7,10
3.511131,7,11
21.873056,7,12
2.344933,8,1
30.503779,8,2
161.863984,8,3
38.460816,8,4
18.979589,8,5
65.519816,8,6
31.374957,8,7
118.92572,8,9
24.878163,8,10
41.290843,8,11
144.468109,8,12
3.795896,9,1
60.550445,9,2
83.428912,9,3
38.080979,9,4
21.598725,9,5
87.495691,9,6
35.215045,9,7
102.429253,9,8
12.647781,9,10
37.442576,9,11
218.483653,9,12
0.196288,10,1
1.496136,10,2
2.080123,10,3
16.033552,10,4
2.031307,10,5
2.512573,10,6
2.408104,10,7
55.026003,10,8
1.141171,10,9
58.004163,10,11
4.347973,10,12
0.567136,11,1
16.275997,11,2
29.548685,11,3
9.658088,11,4
5.946117,11,5
18.928672,11,6
5.196904,11,7
55.072053,11,8
14.111808,11,9
5.650475,11,10
22.912813,11,12
4.861395,12,1
158.870131,12,2
111.593589,12,3
98.908976,12,4
40.378307,12,5
88.678141,12,6
27.969533,12,7
134.078576,12,8
205.120149,12,9
5.863656,12,10
48.8718,12,11
succeed
0.0,0.191155,3.051811,0.467619,0.21532,1.943584,1.844875,0.441155,1.601288,0.051307,0.181835,1.294517
1.335141,0.0,44.228939,11.333419,14.661616,46.946515,5.033259,27.731795,18.748499,3.061115,5.764043,51.327115
1.7964,27.785405,0.0,27.697376,15.610208,83.088864,16.398376,77.245949,24.872709,4.939579,13.083952,44.37804
0.535851,9.538872,67.8926,0.0,12.684563,29.809344,15.133864,24.786107,16.956915,8.763077,12.065344,46.798109
0.208632,9.250256,28.016813,4.253187,0.0,7.689061,5.698272,12.933843,11.217008,3.763157,3.433587,16.713739
0.793987,31.256861,142.733784,22.746325,11.411203,0.0,31.097683,42.065136,62.996907,11.323256,20.058075,57.054216
1.214688,6.357248,40.89972,17.190925,9.996197,18.365843,0.0,7.129843,9.372747,1.958445,3.511131,21.873056
2.344933,30.503779,161.863984,38.460816,18.979589,65.519816,31.374957,0.0,118.92572,24.878163,41.290843,144.468109
3.795896,60.550445,83.428912,38.080979,21.598725,87.495691,35.215045,102.429253,0.0,12.647781,37.442576,218.483653
0.196288,1.496136,2.080123,16.033552,2.031307,2.512573,2.408104,55.026003,1.141171,0.0,58.004163,4.347973
0.567136,16.275997,29.548685,9.658088,5.946117,18.928672,5.196904,55.072053,14.111808,5.650475,0.0,22.912813
4.861395,158.870131,111.593589,98.908976,40.378307,88.678141,27.969533,134.078576,205.120149,5.863656,48.8718,0.0
