4890.153138
0.683739,1,2
1.698709,1,3
0.150101,1,4
0.872637,1,5
2.368989,1,6
0.325283,1,7
0.04,1,8
0.615552,1,9
0.093376,1,10
1.065709,1,11
3.842829,1,12
0.767336,2,1
37.333867,2,3
8.088045,2,4
9.412045,2,5
29.015411,2,6
6.642256,2,7
19.687861,2,8
27.059752,2,9
1.088531,2,10
23.949587,2,11
55.64716,2,12
2.786312,3,1
154.683128,3,2
24.402384,3,4
15.209563,3,5
107.506843,3,6
29.327005,3,7
44.084387,3,8
81.600005,3,9
4.887805,3,10
40.206264,3,11
57.976563,3,12
0.226645,4,1
37.697616,4,2
62.822077,4,3
16.036584,4,5
17.504787,4,6
23.086821,4,7
23.691125,4,8
14.183499,4,9
17.970043,4,10
31.345192,4,11
36.932861,4,12
3.095347,5,1
8.329253,5,2
22.377211,5,3
4.435229,5,4
15.624075,5,6
10.259093,5,7
8.498339,5,8
6.444224,5,9
1.428115,5,10
16.769781,5,11
18.543237,5,12
1.746915,6,1
19.254901,6,2
90.258605,6,3
8.625893,6,4
15.83476,6,5
12.355187,6,7
18.307451,6,8
25.569483,6,9
3.420085,6,10
41.713752,6,11
55.190976,6,12
0.736819,7,1
7.272835,7,2
38.979216,7,3
7.138429,7,4
5.882091,7,5
20.235499,7,6
5.324048,7,8
11.260208,7,9
2.285227,7,10
16.059984,7,11
15.692573,7,12
0.232763,8,1
41.370792,8,2
105.087688,8,3
13.056835,8,4
10.042352,8,5
31.937699,8,6
12.101355,8,7
55.955691,8,9
19.204003,8,10
79.503123,8,11
97.509496,8,12
2.521317,9,1
67.333955,9,2
50.54188,9,3
28.353184,9,4
24.156861,9,5
72.078456,9,6
19.792728,9,7
64.762339,9,8
8.212517,9,10
29.501392,9,11
159.229667,9,12
0.026667,10,1
3.594312,10,2
0.685085,10,3
18.596101,10,4
0.109043,10,5
0.770648,10,6
0.142387,10,7
14.170597,10,8
0.680133,10,9
21.387053,10,11
0.213333,10,12
3.799205,11,1
143.227677,11,2
210.499077,11,3
71.221931,11,4
71.440243,11,5
200.282216,11,6
106.899259,11,7
33.588515,11,8
53.406195,11,9
17.460667,11,10
201.112437,11,12
8.5152,12,1
150.529211,12,2
119.451728,12,3
90.334611,12,4
43.0982,12,5
114.611771,12,6
25.724549,12,7
119.373645,12,8
342.370133,12,9
8.749168,12,10
88.030923,12,11
succeed
0.0,0.683739,1.698709,0.150101,0.872637,2.368989,0.325283,0.04,0.615552,0.093376,1.065709,3.842829
0.767336,0.0,37.333867,8.088045,9.412045,29.015411,6.642256,19.687861,27.059752,1.088531,23.949587,55.64716
2.786312,154.683128,0.0,24.402384,15.209563,107.506843,29.327005,44.084387,81.600005,4.887805,40.206264,57.976563
0.226645,37.697616,62.822077,0.0,16.036584,17.504787,23.086821,23.691125,14.183499,17.970043,31.345192,36.932861
3.095347,8.329253,22.377211,4.435229,0.0,15.624075,10.259093,8.498339,6.444224,1.428115,16.769781,18.543237
1.746915,19.254901,90.258605,8.625893,15.83476,0.0,12.355187,18.307451,25.569483,3.420085,41.713752,55.190976
0.736819,7.272835,38.979216,7.138429,5.882091,20.235499,0.0,5.324048,11.260208,2.285227,16.059984,15.692573
0.232763,41.370792,105.087688,13.056835,10.042352,31.937699,12.101355,0.0,55.955691,19.204003,79.503123,97.509496
2.521317,67.333955,50.54188,28.353184,24.156861,72.078456,19.792728,64.762339,0.0,8.212517,29.501392,159.229667
0.026667,3.594312,0.685085,18.596101,0.109043,0.770648,0.142387,14.170597,0.680133,0.0,21.387053,0.213333
3.799205,143.227677,210.499077,71.221931,71.440243,200.282216,106.899259,33.588515,53.406195,17.460667,0.0,201.112437
8.5152,150.529211,119.451728,90.334611,43.0982,114.611771,25.724549,119.373645,342.370133,8.749168,88.030923,0.0
