3426.969854
0.498517,1,2
0.702184,1,3
0.026667,1,4
2.813112,1,5
0.810707,1,6
0.422291,1,7
0.367099,1,9
2.840568,1,12
22.430824,2,3
0.053333,2,4
36.437456,2,5
27.693059,2,6
5.198168,2,7
0.053333,2,8
16.226136,2,9
0.628475,2,11
49.48952,2,12
72.894379,3,2
22.881589,3,4
97.500091,3,5
95.539645,3,6
14.662795,3,7
0.026667,3,8
38.636613,3,9
0.08,3,10
1.019773,3,11
40.341187,3,12
29.767864,4,2
48.719347,4,3
36.041256,4,5
47.367469,4,6
16.678469,4,7
0.092,4,8
18.170405,4,9
8.981597,4,10
1.671653,4,11
36.121731,4,12
36.676899,5,2
3.236816,5,3
0.026667,5,4
0.026667,5,6
0.026667,5,7
0.053333,5,8
7.406,5,9
0.226688,5,11
107.627421,5,12
24.209712,6,2
128.564707,6,3
18.153387,6,4
78.344032,6,5
16.622891,6,7
0.188037,6,8
68.633048,6,9
0.28964,6,10
1.720157,6,11
37.083528,6,12
6.853328,7,2
27.847715,7,3
5.040981,7,4
12.079349,7,5
32.279293,7,6
0.082624,7,8
12.791419,7,9
0.255301,7,11
20.80332,7,12
27.444859,8,2
13.185451,8,3
14.056275,8,4
209.055307,8,5
0.812192,8,6
0.379896,8,7
72.788197,8,9
7.454693,8,10
23.247693,8,11
101.51756,8,12
35.858736,9,2
82.570005,9,3
52.664989,9,4
130.145355,9,5
79.839629,9,6
25.560136,9,7
0.290693,9,8
0.085309,9,10
8.511248,9,11
147.900285,9,12
0.407781,10,2
0.08,10,3
6.727739,10,4
2.257405,10,5
0.582549,10,7
43.124104,10,8
3.681827,10,9
55.296848,10,11
0.968363,10,12
12.264048,11,2
3.624725,11,3
6.38796,11,4
39.141416,11,5
0.098869,11,6
4.352205,11,7
26.437672,11,8
4.726467,11,9
13.270344,11,10
9.407144,11,12
84.465184,12,2
102.781584,12,3
10.104531,12,4
261.24756,12,5
67.515813,12,6
15.872821,12,7
0.197933,12,8
168.0782,12,9
0.026667,12,10
9.437981,12,11
succeed
0.0,0.498517,0.702184,0.026667,2.813112,0.810707,0.422291,0.0,0.367099,0.0,0.0,2.840568
0.0,0.0,22.430824,0.053333,36.437456,27.693059,5.198168,0.053333,16.226136,0.0,0.628475,49.48952
0.0,72.894379,0.0,22.881589,97.500091,95.539645,14.662795,0.026667,38.636613,0.08,1.019773,40.341187
0.0,29.767864,48.719347,0.0,36.041256,47.367469,16.678469,0.092,18.170405,8.981597,1.671653,36.121731
0.0,36.676899,3.236816,0.026667,0.0,0.026667,0.026667,0.053333,7.406,0.0,0.226688,107.627421
0.0,24.209712,128.564707,18.153387,78.344032,0.0,16.622891,0.188037,68.633048,0.28964,1.720157,37.083528
0.0,6.853328,27.847715,5.040981,12.079349,32.279293,0.0,0.082624,12.791419,0.0,0.255301,20.80332
0.0,27.444859,13.185451,14.056275,209.055307,0.812192,0.379896,0.0,72.788197,7.454693,23.247693,101.51756
0.0,35.858736,82.570005,52.664989,130.145355,79.839629,25.560136,0.290693,0.0,0.085309,8.511248,147.900285
0.0,0.407781,0.08,6.727739,2.257405,0.0,0.582549,43.124104,3.681827,0.0,55.296848,0.968363
0.0,12.264048,3.624725,6.38796,39.141416,0.098869,4.352205,26.437672,4.726467,13.270344,0.0,9.407144
0.0,84.465184,102.781584,10.104531,261.24756,67.515813,15.872821,0.197933,168.0782,0.026667,9.437981,0.0
