2783.373003
0.483272,1,2
0.210952,1,3
0.026667,1,4
0.026667,1,5
0.207395,1,6
0.2724,1,7
0.369645,1,8
0.276925,1,9
0.026667,1,10
0.053333,1,11
0.38484,1,12
0.064368,2,1
17.421837,2,3
27.551296,2,4
2.084715,2,5
17.033195,2,6
3.014213,2,7
44.947955,2,8
13.249891,2,9
0.910744,2,10
5.870624,2,11
48.994213,2,12
2.688248,3,1
18.757824,3,2
18.645651,3,4
27.296776,3,5
44.443277,3,6
21.030125,3,7
49.220659,3,8
45.003997,3,9
14.323085,3,10
7.181699,3,11
51.890557,3,12
0.08096,4,1
5.133075,4,2
59.683771,4,3
27.692821,4,5
26.55444,4,6
19.811824,4,7
9.251125,4,8
18.63044,4,9
11.001005,4,10
10.386243,4,11
47.3302,4,12
0.367077,5,1
1.408048,5,2
20.708397,5,3
3.619405,5,4
11.322341,5,6
4.56188,5,7
102.734789,5,8
4.367987,5,9
2.051464,5,10
4.355384,5,11
2.034472,5,12
0.066648,6,1
16.745547,6,2
64.104661,6,3
32.096288,6,4
3.909445,6,5
15.205635,6,7
34.213605,6,8
37.073176,6,9
6.442203,6,10
10.190304,6,11
15.736707,6,12
1.597467,7,1
1.543856,7,2
31.646613,7,3
10.970176,7,4
3.270915,7,5
12.162723,7,6
6.852197,7,8
8.360611,7,9
2.090517,7,10
3.301453,7,11
8.371928,7,12
0.484416,8,1
22.485293,8,2
162.985245,8,3
20.912221,8,4
15.203304,8,5
46.378821,8,6
11.513315,8,7
56.422328,8,9
8.901893,8,10
17.203965,8,11
70.236736,8,12
2.403971,9,1
23.178576,9,2
33.562917,9,3
25.950653,9,4
10.174219,9,5
56.509547,9,6
18.233075,9,7
76.753229,9,8
11.338008,9,10
22.212771,9,11
99.422933,9,12
0.461208,10,2
2.934933,10,3
2.415765,10,4
0.360872,10,5
1.561467,10,6
3.805653,10,7
26.954104,10,8
0.882792,10,9
57.986104,10,11
0.504728,10,12
0.274189,11,1
6.643877,11,2
25.860256,11,3
8.392336,11,4
5.330232,11,5
6.362155,11,6
4.509387,11,7
23.156309,11,8
11.085285,11,9
5.357653,11,10
9.824165,11,12
0.274891,12,1
101.760717,12,2
59.585485,12,3
49.387296,12,4
19.049445,12,5
49.934781,12,6
14.746088,12,7
81.678589,12,8
155.656912,12,9
8.469995,12,10
22.694363,12,11
succeed
0.0,0.483272,0.210952,0.026667,0.026667,0.207395,0.2724,0.369645,0.276925,0.026667,0.053333,0.38484
0.064368,0.0,17.421837,27.551296,2.084715,17.033195,3.014213,44.947955,13.249891,0.910744,5.870624,48.994213
2.688248,18.757824,0.0,18.645651,27.296776,44.443277,21.030125,49.220659,45.003997,14.323085,7.181699,51.890557
0.08096,5.133075,59.683771,0.0,27.692821,26.55444,19.811824,9.251125,18.63044,11.001005,10.386243,47.3302
0.367077,1.408048,20.708397,3.619405,0.0,11.322341,4.56188,102.734789,4.367987,2.051464,4.355384,2.034472
0.066648,16.745547,64.104661,32.096288,3.909445,0.0,15.205635,34.213605,37.073176,6.442203,10.190304,15.736707
1.597467,1.543856,31.646613,10.970176,3.270915,12.162723,0.0,6.852197,8.360611,2.090517,3.301453,8.371928
0.484416,22.485293,162.985245,20.912221,15.203304,46.378821,11.513315,0.0,56.422328,8.901893,17.203965,70.236736
2.403971,23.178576,33.562917,25.950653,10.174219,56.509547,18.233075,76.753229,0.0,11.338008,22.212771,99.422933
0.0,0.461208,2.934933,2.415765,0.360872,1.561467,3.805653,26.954104,0.882792,0.0,57.986104,0.504728
0.274189,6.643877,25.860256,8.392336,5.330232,6.362155,4.509387,23.156309,11.085285,5.357653,0.0,9.824165
0.274891,101.760717,59.585485,49.387296,19.049445,49.934781,14.746088,81.678589,155.656912,8.469995,22.694363,0.0
