2364.715023
0.071245,1,2
1.618885,1,3
0.114592,1,4
0.109139,1,5
0.564645,1,6
0.335693,1,7
2.191747,1,8
0.460136,1,9
0.065291,1,11
1.45068,1,12
10.969184,2,3
6.468269,2,4
2.506296,2,5
11.899784,2,6
3.527053,2,7
10.886973,2,8
6.002363,2,9
3.30764,2,10
5.891709,2,11
43.800984,2,12
0.151149,3,1
8.235845,3,2
13.331869,3,4
5.200323,3,5
14.149232,3,6
9.212021,3,7
31.568597,3,8
2.607336,3,9
2.465259,3,10
13.675512,3,11
13.916419,3,12
0.882443,4,1
3.244808,4,2
74.920995,4,3
20.646157,4,5
25.505781,4,6
15.790699,4,7
7.126168,4,8
21.295568,4,9
9.390259,4,10
8.550696,4,11
51.905947,4,12
3.61056,5,1
2.295291,5,2
26.708773,5,3
2.397259,5,4
6.283429,5,6
2.878627,5,7
4.325979,5,8
5.707272,5,9
1.700741,5,10
3.324213,5,11
3.116909,5,12
0.650019,6,1
5.114776,6,2
110.128256,6,3
29.823765,6,4
6.389461,6,5
10.181696,6,7
23.182789,6,8
27.636805,6,9
8.705917,6,10
12.694205,6,11
32.278149,6,12
0.254573,7,1
2.002432,7,2
41.977077,7,3
12.128917,7,4
2.308331,7,5
12.263515,7,6
10.431008,7,8
12.515989,7,9
4.916451,7,10
4.870869,7,11
6.419352,7,12
1.485315,8,1
5.492896,8,2
128.459176,8,3
7.917344,8,4
6.567349,8,5
14.986259,8,6
6.706109,8,7
38.382883,8,9
8.260475,8,10
30.183003,8,11
42.428,8,12
1.662667,9,1
17.570256,9,2
80.489701,9,3
40.137349,9,4
22.809675,9,5
23.850725,9,6
20.895453,9,7
71.6028,9,8
7.412731,9,10
38.277672,9,11
44.616973,9,12
0.152752,10,2
2.665568,10,3
1.8304,10,4
0.670547,10,5
0.663179,10,6
0.825067,10,7
33.699827,10,8
1.619976,10,9
72.598608,10,11
0.344571,10,12
0.150629,11,1
5.017021,11,2
63.318227,11,3
19.245664,11,4
4.097317,11,5
10.661507,11,6
6.295859,11,7
30.383019,11,8
18.526899,11,9
7.426693,11,10
7.837219,11,12
0.026667,12,1
126.597381,12,2
68.401157,12,3
33.685027,12,4
18.833893,12,5
19.816408,12,6
24.817056,12,7
59.237171,12,8
129.332035,12,9
2.465323,12,10
28.038749,12,11
succeed
0.0,0.071245,1.618885,0.114592,0.109139,0.564645,0.335693,2.191747,0.460136,0.0,0.065291,1.45068
0.0,0.0,10.969184,6.468269,2.506296,11.899784,3.527053,10.886973,6.002363,3.30764,5.891709,43.800984
0.151149,8.235845,0.0,13.331869,5.200323,14.149232,9.212021,31.568597,2.607336,2.465259,13.675512,13.916419
0.882443,3.244808,74.920995,0.0,20.646157,25.505781,15.790699,7.126168,21.295568,9.390259,8.550696,51.905947
3.61056,2.295291,26.708773,2.397259,0.0,6.283429,2.878627,4.325979,5.707272,1.700741,3.324213,3.116909
0.650019,5.114776,110.128256,29.823765,6.389461,0.0,10.181696,23.182789,27.636805,8.705917,12.694205,32.278149
0.254573,2.002432,41.977077,12.128917,2.308331,12.263515,0.0,10.431008,12.515989,4.916451,4.870869,6.419352
1.485315,5.492896,128.459176,7.917344,6.567349,14.986259,6.706109,0.0,38.382883,8.260475,30.183003,42.428
1.662667,17.570256,80.489701,40.137349,22.809675,23.850725,20.895453,71.6028,0.0,7.412731,38.277672,44.616973
0.0,0.152752,2.665568,1.8304,0.670547,0.663179,0.825067,33.699827,1.619976,0.0,72.598608,0.344571
0.150629,5.017021,63.318227,19.245664,4.097317,10.661507,6.295859,30.383019,18.526899,7.426693,0.0,7.837219
0.026667,126.597381,68.401157,33.685027,18.833893,19.816408,24.817056,59.237171,129.332035,2.465323,28.038749,0.0
