1782.509433
0.08,1,2
0.226536,1,3
0.053333,1,4
0.026667,1,5
0.056,1,6
0.230667,1,8
1.019539,1,9
0.087192,1,11
0.350408,1,12
0.088069,2,1
32.12272,2,3
3.812621,2,4
3.796672,2,5
25.126715,2,6
1.063107,2,7
13.944957,2,8
3.925064,2,9
1.324965,2,10
3.229507,2,11
25.18596,2,12
0.091477,3,1
6.911592,3,2
7.025349,3,4
20.215288,3,5
20.200645,3,6
5.066701,3,7
22.226339,3,8
8.090184,3,9
0.452347,3,10
3.691613,3,11
23.854067,3,12
0.257387,4,1
4.197587,4,2
51.788973,4,3
15.241968,4,5
31.667467,4,6
16.266696,4,7
8.85128,4,8
12.505917,4,9
10.077325,4,10
7.879659,4,11
37.886027,4,12
0.468373,5,1
1.232264,5,2
8.316584,5,3
0.798997,5,4
2.648712,5,6
2.086453,5,7
2.604992,5,8
4.081312,5,9
0.026667,5,10
2.538912,5,11
4.927277,5,12
0.054027,6,1
11.469824,6,2
44.169589,6,3
10.853408,6,4
26.155861,6,5
2.03168,6,7
6.637048,6,8
25.736541,6,9
0.389325,6,10
19.155659,6,11
10.133896,6,12
1.217675,7,2
11.09956,7,3
8.599731,7,4
3.05116,7,5
10.465549,7,6
1.290944,7,8
2.772288,7,9
2.185955,7,10
3.680565,7,11
15.748869,7,12
0.062696,8,1
9.51772,8,2
45.379048,8,3
5.288541,8,4
5.785203,8,5
17.070251,8,6
7.551317,8,7
29.192069,8,9
17.039272,8,10
21.592536,8,11
22.966205,8,12
0.810728,9,1
19.345987,9,2
19.758203,9,3
29.86348,9,4
5.248755,9,5
21.364864,9,6
5.075328,9,7
62.448008,9,8
0.872336,9,10
12.552933,9,11
74.722789,9,12
0.026667,10,2
2.699936,10,4
0.030592,10,5
0.457829,10,6
30.400155,10,8
0.240512,10,9
27.272965,10,11
0.053333,10,12
0.468365,11,1
8.212544,11,2
30.640085,11,3
3.14352,11,4
3.506955,11,5
7.208453,11,6
1.892141,11,7
9.925016,11,8
11.873155,11,9
2.383955,11,10
5.526485,11,12
0.393851,12,1
115.372027,12,2
50.333941,12,3
48.719301,12,4
9.335963,12,5
39.238379,12,6
20.229427,12,7
28.388917,12,8
144.769523,12,9
7.835653,12,10
61.595235,12,11
succeed
0.0,0.08,0.226536,0.053333,0.026667,0.056,0.0,0.230667,1.019539,0.0,0.087192,0.350408
0.088069,0.0,32.12272,3.812621,3.796672,25.126715,1.063107,13.944957,3.925064,1.324965,3.229507,25.18596
0.091477,6.911592,0.0,7.025349,20.215288,20.200645,5.066701,22.226339,8.090184,0.452347,3.691613,23.854067
0.257387,4.197587,51.788973,0.0,15.241968,31.667467,16.266696,8.85128,12.505917,10.077325,7.879659,37.886027
0.468373,1.232264,8.316584,0.798997,0.0,2.648712,2.086453,2.604992,4.081312,0.026667,2.538912,4.927277
0.054027,11.469824,44.169589,10.853408,26.155861,0.0,2.03168,6.637048,25.736541,0.389325,19.155659,10.133896
0.0,1.217675,11.09956,8.599731,3.05116,10.465549,0.0,1.290944,2.772288,2.185955,3.680565,15.748869
0.062696,9.51772,45.379048,5.288541,5.785203,17.070251,7.551317,0.0,29.192069,17.039272,21.592536,22.966205
0.810728,19.345987,19.758203,29.86348,5.248755,21.364864,5.075328,62.448008,0.0,0.872336,12.552933,74.722789
0.0,0.026667,0.0,2.699936,0.030592,0.457829,0.0,30.400155,0.240512,0.0,27.272965,0.053333
0.468365,8.212544,30.640085,3.14352,3.506955,7.208453,1.892141,9.925016,11.873155,2.383955,0.0,5.526485
0.393851,115.372027,50.333941,48.719301,9.335963,39.238379,20.229427,28.388917,144.769523,7.835653,61.595235,0.0
