3173.779919
0.257445,1,2
0.519192,1,3
1.414701,1,5
0.267632,1,6
0.334453,1,7
0.307555,1,9
0.026667,1,11
1.515219,1,12
29.443669,2,3
1.215064,2,4
51.757443,2,5
19.62196,2,6
3.702288,2,7
0.044021,2,8
14.40784,2,9
0.036195,2,10
0.454741,2,11
73.987789,2,12
26.311272,3,2
26.454405,3,4
137.835648,3,5
47.468227,3,6
13.717539,3,7
0.536629,3,8
40.792,3,9
0.026667,3,10
1.682061,3,11
30.901555,3,12
5.424483,4,2
64.852979,4,3
40.779381,4,5
32.682776,4,6
15.434917,4,7
22.777976,4,9
8.269997,4,10
1.269765,4,11
49.164032,4,12
35.275424,5,2
1.521376,5,3
0.053333,5,4
0.026667,5,6
0.08,5,7
4.347,5,9
0.053333,5,11
106.279213,5,12
17.786973,6,2
126.777173,6,3
9.180037,6,4
118.247691,6,5
11.378565,6,7
46.341885,6,9
0.026667,6,10
2.576445,6,11
29.470067,6,12
3.059941,7,2
34.692149,7,3
10.540032,7,4
13.140221,7,5
12.715219,7,6
10.249603,7,9
1.140043,7,10
0.731843,7,11
16.216549,7,12
29.905024,8,2
23.105139,8,3
34.928413,8,4
169.627936,8,5
0.803429,8,6
0.146709,8,7
72.022512,8,9
8.805624,8,10
31.252784,8,11
97.093413,8,12
28.619792,9,2
82.221797,9,3
42.196835,9,4
121.569411,9,5
40.076792,9,6
15.6944,9,7
0.66752,9,8
0.053333,9,10
5.837968,9,11
75.991419,9,12
0.160829,10,2
0.865344,10,3
2.712045,10,4
5.095816,10,5
0.356032,10,7
34.595131,10,8
3.847331,10,9
48.912219,10,11
0.928605,10,12
11.160339,11,2
8.318856,11,3
3.563325,11,4
49.547893,11,5
0.449568,11,6
2.318091,11,7
22.838307,11,8
7.405253,11,9
13.876443,11,10
6.18468,11,12
94.325336,12,2
104.521528,12,3
7.733512,12,4
221.758437,12,5
57.543365,12,6
27.393171,12,7
0.026667,12,8
171.022997,12,9
0.14336,12,10
7.951557,12,11
succeed
0.0,0.257445,0.519192,0.0,1.414701,0.267632,0.334453,0.0,0.307555,0.0,0.026667,1.515219
0.0,0.0,29.443669,1.215064,51.757443,19.62196,3.702288,0.044021,14.40784,0.036195,0.454741,73.987789
0.0,26.311272,0.0,26.454405,137.835648,47.468227,13.717539,0.536629,40.792,0.026667,1.682061,30.901555
0.0,5.424483,64.852979,0.0,40.779381,32.682776,15.434917,0.0,22.777976,8.269997,1.269765,49.164032
0.0,35.275424,1.521376,0.053333,0.0,0.026667,0.08,0.0,4.347,0.0,0.053333,106.279213
0.0,17.786973,126.777173,9.180037,118.247691,0.0,11.378565,0.0,46.341885,0.026667,2.576445,29.470067
0.0,3.059941,34.692149,10.540032,13.140221,12.715219,0.0,0.0,10.249603,1.140043,0.731843,16.216549
0.0,29.905024,23.105139,34.928413,169.627936,0.803429,0.146709,0.0,72.022512,8.805624,31.252784,97.093413
0.0,28.619792,82.221797,42.196835,121.569411,40.076792,15.6944,0.66752,0.0,0.053333,5.837968,75.991419
0.0,0.160829,0.865344,2.712045,5.095816,0.0,0.356032,34.595131,3.847331,0.0,48.912219,0.928605
0.0,11.160339,8.318856,3.563325,49.547893,0.449568,2.318091,22.838307,7.405253,13.876443,0.0,6.18468
0.0,94.325336,104.521528,7.733512,221.758437,57.543365,27.393171,0.026667,171.022997,0.14336,7.951557,0.0
