3172.218554
0.088069,1,2
0.959891,1,3
0.053333,1,4
0.120112,1,5
5.001573,1,6
2.166693,1,7
0.628216,1,8
0.339936,1,9
0.026667,1,10
0.167936,1,11
1.578901,1,12
0.458773,2,1
31.654035,2,3
7.462523,2,4
2.752301,2,5
24.292629,2,6
8.321792,2,7
20.142821,2,8
15.3064,2,9
0.936411,2,10
5.544763,2,11
32.883283,2,12
1.456309,3,1
39.981928,3,2
25.031965,3,4
57.623715,3,5
58.263357,3,6
22.991224,3,7
88.309061,3,8
21.069669,3,9
6.65956,3,10
14.162283,3,11
30.592237,3,12
0.297669,4,1
5.438595,4,2
73.384693,4,3
14.581779,4,5
26.533064,4,6
21.140451,4,7
6.102072,4,8
18.365152,4,9
16.589509,4,10
12.869587,4,11
62.533125,4,12
4.316515,5,1
2.933485,5,2
22.259971,5,3
3.159035,5,4
4.187464,5,6
5.224869,5,7
8.572627,5,8
4.580493,5,9
2.014549,5,10
1.660275,5,11
6.374565,5,12
1.306656,6,1
30.575013,6,2
112.877141,6,3
13.505272,6,4
6.364683,6,5
9.786336,6,7
41.027803,6,8
51.747483,6,9
5.976685,6,10
11.823344,6,11
38.482819,6,12
0.979992,7,1
3.976128,7,2
25.454029,7,3
22.705856,7,4
5.02292,7,5
16.599475,7,6
6.491917,7,8
5.897643,7,9
0.772672,7,10
2.1954,7,11
20.316627,7,12
2.143443,8,1
19.386515,8,2
90.404712,8,3
15.954957,8,4
9.680187,8,5
73.028779,8,6
12.004515,8,7
66.403605,8,9
9.095672,8,10
31.111619,8,11
104.726123,8,12
2.629789,9,1
33.023381,9,2
65.571149,9,3
34.348552,9,4
23.743059,9,5
76.947976,9,6
19.870611,9,7
86.036691,9,8
3.253243,9,10
27.137352,9,11
143.817181,9,12
0.151488,10,1
0.105312,10,2
1.388771,10,3
18.791723,10,4
0.349931,10,5
1.231955,10,6
0.088517,10,7
51.106333,10,8
0.649808,10,9
65.978037,10,11
1.391349,10,12
0.142901,11,1
8.407029,11,2
15.320997,11,3
4.010507,11,4
7.792755,11,5
9.235904,11,6
3.213747,11,7
27.723832,11,8
7.376181,11,9
4.912603,11,10
11.912053,11,12
1.694603,12,1
100.061664,12,2
91.793048,12,3
69.755787,12,4
30.179675,12,5
56.2088,12,6
24.302571,12,7
133.100592,12,8
160.549459,12,9
2.03084,12,10
26.906867,12,11
succeed
0.0,0.088069,0.959891,0.053333,0.120112,5.001573,2.166693,0.628216,0.339936,0.026667,0.167936,1.578901
0.458773,0.0,31.654035,7.462523,2.752301,24.292629,8.321792,20.142821,15.3064,0.936411,5.544763,32.883283
1.456309,39.981928,0.0,25.031965,57.623715,58.263357,22.991224,88.309061,21.069669,6.65956,14.162283,30.592237
0.297669,5.438595,73.384693,0.0,14.581779,26.533064,21.140451,6.102072,18.365152,16.589509,12.869587,62.533125
4.316515,2.933485,22.259971,3.159035,0.0,4.187464,5.224869,8.572627,4.580493,2.014549,1.660275,6.374565
1.306656,30.575013,112.877141,13.505272,6.364683,0.0,9.786336,41.027803,51.747483,5.976685,11.823344,38.482819
0.979992,3.976128,25.454029,22.705856,5.02292,16.599475,0.0,6.491917,5.897643,0.772672,2.1954,20.316627
2.143443,19.386515,90.404712,15.954957,9.680187,73.028779,12.004515,0.0,66.403605,9.095672,31.111619,104.726123
2.629789,33.023381,65.571149,34.348552,23.743059,76.947976,19.870611,86.036691,0.0,3.253243,27.137352,143.817181
0.151488,0.105312,1.388771,18.791723,0.349931,1.231955,0.088517,51.106333,0.649808,0.0,65.978037,1.391349
0.142901,8.407029,15.320997,4.010507,7.792755,9.235904,3.213747,27.723832,7.376181,4.912603,0.0,11.912053
1.694603,100.061664,91.793048,69.755787,30.179675,56.2088,24.302571,133.100592,160.549459,2.03084,26.906867,0.0
