2426.148305
1.593992,1,2
0.084968,1,3
0.053333,1,4
0.026667,1,6
0.368187,1,8
0.390648,1,11
0.40648,1,12
0.122443,2,1
9.369443,2,3
4.70356,2,4
0.641896,2,5
17.717544,2,6
2.451008,2,7
14.34244,2,8
16.190677,2,9
0.03672,2,10
4.338843,2,11
30.395715,2,12
0.359184,3,1
20.170384,3,2
12.04088,3,4
5.652856,3,5
32.790437,3,6
4.119893,3,7
61.55036,3,8
5.785093,3,9
0.327701,3,10
12.888157,3,11
22.864272,3,12
0.2568,4,1
5.589829,4,2
52.079771,4,3
25.844923,4,5
28.22224,4,6
27.179013,4,7
10.071805,4,8
16.154491,4,9
8.522947,4,10
10.926536,4,11
29.32424,4,12
0.211317,5,1
3.296352,5,2
9.965131,5,3
1.022723,5,4
1.998653,5,6
0.779472,5,7
13.712248,5,8
3.053904,5,9
3.481075,5,11
1.373459,5,12
0.026667,6,1
16.737403,6,2
66.59696,6,3
9.996501,6,4
1.139907,6,5
3.485109,6,7
59.979536,6,8
17.813104,6,9
0.614301,6,10
9.824171,6,11
10.728565,6,12
2.166512,7,2
16.668771,7,3
12.061869,7,4
3.477635,7,5
13.670608,7,6
6.313419,7,8
0.908248,7,9
0.026667,7,10
1.234891,7,11
12.083392,7,12
0.613067,8,1
19.274707,8,2
204.618592,8,3
13.853528,8,4
7.659704,8,5
27.391032,8,6
2.611067,8,7
65.745912,8,9
20.153259,8,10
44.899189,8,11
99.554429,8,12
0.026667,9,1
32.910315,9,2
64.117872,9,3
24.900248,9,4
12.405629,9,5
18.884744,9,6
14.585488,9,7
104.031859,9,8
1.330869,9,10
25.28828,9,11
39.959216,9,12
0.026667,10,2
1.317467,10,3
8.302661,10,4
0.043733,10,5
2.332571,10,6
34.683557,10,8
0.351901,10,9
20.740099,10,11
0.053333,10,12
0.218384,11,1
9.845029,11,2
21.871107,11,3
3.456589,11,4
1.509595,11,5
3.958411,11,6
0.897605,11,7
32.787549,11,8
8.464685,11,9
17.074277,11,10
7.799181,11,12
0.210819,12,1
103.967747,12,2
91.526789,12,3
58.979003,12,4
9.342469,12,5
50.644728,12,6
25.075853,12,7
127.836131,12,8
86.648664,12,9
0.861021,12,10
50.100061,12,11
succeed
0.0,1.593992,0.084968,0.053333,0.0,0.026667,0.0,0.368187,0.0,0.0,0.390648,0.40648
0.122443,0.0,9.369443,4.70356,0.641896,17.717544,2.451008,14.34244,16.190677,0.03672,4.338843,30.395715
0.359184,20.170384,0.0,12.04088,5.652856,32.790437,4.119893,61.55036,5.785093,0.327701,12.888157,22.864272
0.2568,5.589829,52.079771,0.0,25.844923,28.22224,27.179013,10.071805,16.154491,8.522947,10.926536,29.32424
0.211317,3.296352,9.965131,1.022723,0.0,1.998653,0.779472,13.712248,3.053904,0.0,3.481075,1.373459
0.026667,16.737403,66.59696,9.996501,1.139907,0.0,3.485109,59.979536,17.813104,0.614301,9.824171,10.728565
0.0,2.166512,16.668771,12.061869,3.477635,13.670608,0.0,6.313419,0.908248,0.026667,1.234891,12.083392
0.613067,19.274707,204.618592,13.853528,7.659704,27.391032,2.611067,0.0,65.745912,20.153259,44.899189,99.554429
0.026667,32.910315,64.117872,24.900248,12.405629,18.884744,14.585488,104.031859,0.0,1.330869,25.28828,39.959216
0.0,0.026667,1.317467,8.302661,0.043733,2.332571,0.0,34.683557,0.351901,0.0,20.740099,0.053333
0.218384,9.845029,21.871107,3.456589,1.509595,3.958411,0.897605,32.787549,8.464685,17.074277,0.0,7.799181
0.210819,103.967747,91.526789,58.979003,9.342469,50.644728,25.075853,127.836131,86.648664,0.861021,50.100061,0.0
