3598.338
0.375019,1,2
0.723517,1,3
0.308432,1,4
0.120453,1,5
0.254989,1,6
0.0618,1,7
0.210555,1,8
0.063925,1,9
0.013333,1,10
0.026667,1,11
0.760528,1,12
0.312269,2,1
7.156605,2,3
9.329907,2,4
7.202509,2,5
11.650504,2,6
2.924533,2,7
17.035299,2,8
14.771285,2,9
1.133931,2,10
5.608571,2,11
39.842387,2,12
1.062707,3,1
11.120843,3,2
19.939093,3,4
10.018245,3,5
32.026488,3,6
11.663528,3,7
44.173587,3,8
14.893944,3,9
5.643165,3,10
6.218789,3,11
27.014829,3,12
0.934408,4,1
16.181125,4,2
64.640923,4,3
29.738453,4,5
17.867029,4,6
28.737843,4,7
15.783304,4,8
18.517765,4,9
12.18592,4,10
14.263653,4,11
33.674259,4,12
2.321472,5,1
14.010952,5,2
9.193848,5,3
9.287555,5,4
3.70136,5,6
1.57152,5,7
3.743611,5,8
2.018547,5,9
0.192717,5,10
2.926096,5,11
17.282829,5,12
1.336856,6,1
13.920803,6,2
48.768131,6,3
14.087229,6,4
23.371005,6,5
11.147179,6,7
25.806035,6,8
29.350419,6,9
2.01608,6,10
18.252011,6,11
30.034768,6,12
0.026667,7,1
6.299075,7,2
16.197168,7,3
16.391307,7,4
4.318245,7,5
11.286933,7,6
6.963989,7,8
8.039621,7,9
3.151795,7,10
4.298291,7,11
12.726587,7,12
1.444619,8,1
16.401736,8,2
1081.774587,8,3
13.785227,8,4
7.477453,8,5
32.638851,8,6
7.706829,8,7
59.040035,8,9
15.074437,8,10
31.001424,8,11
33.934544,8,12
0.510416,9,1
33.941245,9,2
25.975997,9,3
51.580453,9,4
15.548349,9,5
31.809469,9,6
11.050261,9,7
73.889525,9,8
4.971051,9,10
13.181024,9,11
113.873416,9,12
0.084435,10,2
3.060539,10,3
8.662155,10,4
0.106955,10,5
0.296104,10,6
0.159576,10,7
22.750851,10,8
0.407427,10,9
21.266013,10,11
0.08,10,12
0.026667,11,1
17.1388,11,2
35.682488,11,3
19.66032,11,4
9.497565,11,5
6.114675,11,6
4.108776,11,7
17.694992,11,8
12.920941,11,9
7.379931,11,10
11.624752,11,12
2.393963,12,1
147.089845,12,2
70.905501,12,3
102.711181,12,4
23.0552,12,5
77.356723,12,6
36.280408,12,7
65.728189,12,8
184.581893,12,9
7.239203,12,10
75.433365,12,11
succeed
0.0,0.375019,0.723517,0.308432,0.120453,0.254989,0.0618,0.210555,0.063925,0.013333,0.026667,0.760528
0.312269,0.0,7.156605,9.329907,7.202509,11.650504,2.924533,17.035299,14.771285,1.133931,5.608571,39.842387
1.062707,11.120843,0.0,19.939093,10.018245,32.026488,11.663528,44.173587,14.893944,5.643165,6.218789,27.014829
0.934408,16.181125,64.640923,0.0,29.738453,17.867029,28.737843,15.783304,18.517765,12.18592,14.263653,33.674259
2.321472,14.010952,9.193848,9.287555,0.0,3.70136,1.57152,3.743611,2.018547,0.192717,2.926096,17.282829
1.336856,13.920803,48.768131,14.087229,23.371005,0.0,11.147179,25.806035,29.350419,2.01608,18.252011,30.034768
0.026667,6.299075,16.197168,16.391307,4.318245,11.286933,0.0,6.963989,8.039621,3.151795,4.298291,12.726587
1.444619,16.401736,1081.774587,13.785227,7.477453,32.638851,7.706829,0.0,59.040035,15.074437,31.001424,33.934544
0.510416,33.941245,25.975997,51.580453,15.548349,31.809469,11.050261,73.889525,0.0,4.971051,13.181024,113.873416
0.0,0.084435,3.060539,8.662155,0.106955,0.296104,0.159576,22.750851,0.407427,0.0,21.266013,0.08
0.026667,17.1388,35.682488,19.66032,9.497565,6.114675,4.108776,17.694992,12.920941,7.379931,0.0,11.624752
2.393963,147.089845,70.905501,102.711181,23.0552,77.356723,36.280408,65.728189,184.581893,7.239203,75.433365,0.0
