2836.445241
0.238187,1,2
0.397077,1,3
0.080987,1,4
0.185296,1,5
0.117376,1,6
0.068128,1,7
0.179341,1,8
0.079779,1,9
0.026667,1,10
0.861472,1,11
0.812027,1,12
0.483483,2,1
22.762835,2,3
13.896355,2,4
16.10448,2,5
30.900344,2,6
2.240251,2,7
13.274164,2,8
15.453101,2,9
1.286535,2,10
2.724296,2,11
44.630056,2,12
0.163768,3,1
23.907608,3,2
23.628899,3,4
11.485496,3,5
52.296368,3,6
14.745757,3,7
31.720571,3,8
27.688867,3,9
2.699896,3,10
4.855685,3,11
24.488059,3,12
0.167051,4,1
28.840315,4,2
125.925365,4,3
19.310027,4,5
33.981768,4,6
28.257541,4,7
9.390197,4,8
13.626243,4,9
16.645403,4,10
14.453408,4,11
59.832547,4,12
0.511243,5,1
30.027029,5,2
15.993923,5,3
1.063533,5,4
13.252635,5,6
2.040595,5,7
4.79988,5,8
2.652541,5,9
0.616931,5,10
0.558869,5,11
7.565211,5,12
0.895811,6,1
30.508165,6,2
88.776293,6,3
10.346445,6,4
25.175803,6,5
6.510725,6,7
13.72536,6,8
38.22384,6,9
5.619675,6,10
17.147536,6,11
31.341864,6,12
0.411864,7,1
3.338224,7,2
21.436907,7,3
11.356307,7,4
1.315453,7,5
19.404331,7,6
2.005971,7,8
3.19936,7,9
1.747893,7,10
1.303867,7,11
8.49228,7,12
0.429117,8,1
19.039432,8,2
101.279821,8,3
25.691171,8,4
8.83092,8,5
16.604291,8,6
8.598509,8,7
53.337099,8,9
24.376997,8,10
17.395245,8,11
31.894712,8,12
1.387072,9,1
36.140693,9,2
35.353485,9,3
30.377467,9,4
9.014253,9,5
40.287869,9,6
12.876611,9,7
58.422736,9,8
5.561587,9,10
18.90076,9,11
91.920008,9,12
0.107768,10,2
0.458416,10,3
6.470283,10,4
0.276472,10,5
0.516507,10,6
0.359072,10,7
40.020693,10,8
0.321296,10,9
33.978795,10,11
1.028459,10,12
0.396845,11,1
10.803571,11,2
67.795755,11,3
15.431021,11,4
4.519619,11,5
11.929275,11,6
5.041037,11,7
13.006291,11,8
22.299779,11,9
3.692459,11,10
21.904267,11,12
0.513477,12,1
116.687877,12,2
103.398232,12,3
80.424797,12,4
31.235349,12,5
81.818003,12,6
35.390693,12,7
42.861603,12,8
220.95576,12,9
4.777136,12,10
54.025339,12,11
succeed
0.0,0.238187,0.397077,0.080987,0.185296,0.117376,0.068128,0.179341,0.079779,0.026667,0.861472,0.812027
0.483483,0.0,22.762835,13.896355,16.10448,30.900344,2.240251,13.274164,15.453101,1.286535,2.724296,44.630056
0.163768,23.907608,0.0,23.628899,11.485496,52.296368,14.745757,31.720571,27.688867,2.699896,4.855685,24.488059
0.167051,28.840315,125.925365,0.0,19.310027,33.981768,28.257541,9.390197,13.626243,16.645403,14.453408,59.832547
0.511243,30.027029,15.993923,1.063533,0.0,13.252635,2.040595,4.79988,2.652541,0.616931,0.558869,7.565211
0.895811,30.508165,88.776293,10.346445,25.175803,0.0,6.510725,13.72536,38.22384,5.619675,17.147536,31.341864
0.411864,3.338224,21.436907,11.356307,1.315453,19.404331,0.0,2.005971,3.19936,1.747893,1.303867,8.49228
0.429117,19.039432,101.279821,25.691171,8.83092,16.604291,8.598509,0.0,53.337099,24.376997,17.395245,31.894712
1.387072,36.140693,35.353485,30.377467,9.014253,40.287869,12.876611,58.422736,0.0,5.561587,18.90076,91.920008
0.0,0.107768,0.458416,6.470283,0.276472,0.516507,0.359072,40.020693,0.321296,0.0,33.978795,1.028459
0.396845,10.803571,67.795755,15.431021,4.519619,11.929275,5.041037,13.006291,22.299779,3.692459,0.0,21.904267
0.513477,116.687877,103.398232,80.424797,31.235349,81.818003,35.390693,42.861603,220.95576,4.777136,54.025339,0.0
