2175.254617
0.182045,1,3
0.028,1,4
0.026667,1,5
0.026667,1,6
0.704581,1,8
0.026667,1,9
0.147509,1,12
0.026667,2,1
13.765181,2,3
5.251768,2,4
13.872339,2,5
32.466739,2,6
1.931163,2,7
15.369737,2,8
4.460715,2,9
0.104844,2,10
10.002189,2,11
26.956968,2,12
0.133333,3,1
18.965749,3,2
7.513299,3,4
13.726917,3,5
12.526459,3,6
6.227285,3,7
42.999824,3,8
9.991123,3,9
1.510427,3,10
9.066144,3,11
23.663235,3,12
0.10688,4,1
5.05824,4,2
49.071213,4,3
19.415451,4,5
23.772797,4,6
13.767952,4,7
16.097088,4,8
14.602939,4,9
7.090669,4,10
40.712461,4,11
37.828891,4,12
0.27264,5,1
19.591821,5,2
7.866827,5,3
1.383829,5,4
2.118331,5,6
0.804885,5,7
4.804352,5,8
1.899427,5,9
0.026667,5,10
5.232005,5,11
1.17072,5,12
0.026667,6,1
8.150637,6,2
70.128917,6,3
10.655171,6,4
0.771483,6,5
1.636096,6,7
32.138573,6,8
19.810147,6,9
0.507453,6,10
19.303531,6,11
14.83836,6,12
0.049163,7,1
3.001037,7,2
15.824248,7,3
16.622811,7,4
6.813245,7,5
7.238149,7,6
5.097192,7,8
3.3562,7,9
1.997389,7,10
6.563645,7,11
8.075403,7,12
1.416427,8,1
29.859504,8,2
90.542509,8,3
18.791557,8,4
3.192509,8,5
18.629989,8,6
2.402203,8,7
31.34196,8,9
27.3316,8,10
26.979267,8,11
96.871429,8,12
0.976197,9,1
17.816931,9,2
25.002821,9,3
34.287496,9,4
4.403056,9,5
13.543029,9,6
12.790528,9,7
63.055595,9,8
6.479608,9,10
30.812299,9,11
43.322165,9,12
0.086304,10,3
0.893536,10,4
0.300803,10,6
28.072275,10,8
0.053333,10,9
42.209699,10,11
0.053333,10,12
0.046744,11,1
10.371152,11,2
18.770768,11,3
4.735683,11,4
3.93892,11,5
5.736752,11,6
2.632976,11,7
22.230712,11,8
6.839643,11,9
8.992221,11,10
8.874275,11,12
8.409248,12,1
91.790019,12,2
159.576739,12,3
60.469157,12,4
21.763563,12,5
43.615525,12,6
9.12952,12,7
59.386944,12,8
125.933579,12,9
2.002509,12,10
31.514163,12,11
succeed
0.0,0.0,0.182045,0.028,0.026667,0.026667,0.0,0.704581,0.026667,0.0,0.0,0.147509
0.026667,0.0,13.765181,5.251768,13.872339,32.466739,1.931163,15.369737,4.460715,0.104844,10.002189,26.956968
0.133333,18.965749,0.0,7.513299,13.726917,12.526459,6.227285,42.999824,9.991123,1.510427,9.066144,23.663235
0.10688,5.05824,49.071213,0.0,19.415451,23.772797,13.767952,16.097088,14.602939,7.090669,40.712461,37.828891
0.27264,19.591821,7.866827,1.383829,0.0,2.118331,0.804885,4.804352,1.899427,0.026667,5.232005,1.17072
0.026667,8.150637,70.128917,10.655171,0.771483,0.0,1.636096,32.138573,19.810147,0.507453,19.303531,14.83836
0.049163,3.001037,15.824248,16.622811,6.813245,7.238149,0.0,5.097192,3.3562,1.997389,6.563645,8.075403
1.416427,29.859504,90.542509,18.791557,3.192509,18.629989,2.402203,0.0,31.34196,27.3316,26.979267,96.871429
0.976197,17.816931,25.002821,34.287496,4.403056,13.543029,12.790528,63.055595,0.0,6.479608,30.812299,43.322165
0.0,0.0,0.086304,0.893536,0.0,0.300803,0.0,28.072275,0.053333,0.0,42.209699,0.053333
0.046744,10.371152,18.770768,4.735683,3.93892,5.736752,2.632976,22.230712,6.839643,8.992221,0.0,8.874275
8.409248,91.790019,159.576739,60.469157,21.763563,43.615525,9.12952,59.386944,125.933579,2.002509,31.514163,0.0
