3088.2313910000003
0.297723,1,2
1.119627,1,3
0.026667,1,5
0.180064,1,6
0.966771,1,8
0.119229,1,9
0.026667,1,10
0.032299,1,11
1.252827,1,12
1.207069,2,1
15.967771,2,3
3.669371,2,4
14.353141,2,5
12.778864,2,6
10.969019,2,7
16.655415,2,8
5.811632,2,9
2.079831,2,10
4.700328,2,11
67.432405,2,12
0.260029,3,1
17.452848,3,2
11.966925,3,4
4.498496,3,5
16.280645,3,6
7.629579,3,7
44.760128,3,8
8.622336,3,9
2.877221,3,10
5.027048,3,11
28.974467,3,12
0.09792,4,1
8.135024,4,2
99.700389,4,3
17.898,4,5
30.915997,4,6
23.352981,4,7
13.133811,4,8
12.865949,4,9
14.219464,4,10
12.223864,4,11
44.594971,4,12
0.247248,5,1
10.812581,5,2
17.740301,5,3
0.785528,5,4
1.688803,5,6
1.341693,5,7
9.436739,5,8
3.231637,5,9
0.834821,5,10
1.323995,5,11
4.451776,5,12
0.08,6,1
20.912072,6,2
99.027285,6,3
10.213523,6,4
2.744957,6,5
3.216696,6,7
40.355467,6,8
39.738637,6,9
0.521984,6,10
12.214787,6,11
21.786808,6,12
0.634845,7,1
5.501195,7,2
26.578171,7,3
7.802117,7,4
6.901429,7,5
9.489333,7,6
3.314544,7,8
5.752672,7,9
0.183563,7,10
2.522651,7,11
10.544768,7,12
0.059875,8,1
16.929037,8,2
152.752781,8,3
7.86772,8,4
14.288443,8,5
37.618864,8,6
5.346621,8,7
48.768189,8,9
30.537011,8,10
35.381296,8,11
89.215061,8,12
6.982192,9,1
42.733829,9,2
62.592869,9,3
24.941104,9,4
8.213091,9,5
17.598989,9,6
14.231883,9,7
82.283888,9,8
1.583693,9,10
29.706072,9,11
138.405035,9,12
0.074667,10,1
6.264173,10,2
0.754448,10,3
11.202192,10,4
1.298955,10,5
0.504621,10,6
0.06556,10,7
32.627323,10,8
0.501755,10,9
25.397384,10,11
0.366488,10,12
0.253061,11,1
14.915973,11,2
39.440027,11,3
2.094427,11,4
4.763624,11,5
13.040032,11,6
4.714101,11,7
350.922107,11,8
16.753752,11,9
3.108883,11,10
13.234245,11,12
4.208352,12,1
115.432408,12,2
125.376765,12,3
69.70108,12,4
26.646208,12,5
36.399816,12,6
31.815533,12,7
110.373117,12,8
157.825261,12,9
6.343789,12,10
26.706283,12,11
succeed
0.0,0.297723,1.119627,0.0,0.026667,0.180064,0.0,0.966771,0.119229,0.026667,0.032299,1.252827
1.207069,0.0,15.967771,3.669371,14.353141,12.778864,10.969019,16.655415,5.811632,2.079831,4.700328,67.432405
0.260029,17.452848,0.0,11.966925,4.498496,16.280645,7.629579,44.760128,8.622336,2.877221,5.027048,28.974467
0.09792,8.135024,99.700389,0.0,17.898,30.915997,23.352981,13.133811,12.865949,14.219464,12.223864,44.594971
0.247248,10.812581,17.740301,0.785528,0.0,1.688803,1.341693,9.436739,3.231637,0.834821,1.323995,4.451776
0.08,20.912072,99.027285,10.213523,2.744957,0.0,3.216696,40.355467,39.738637,0.521984,12.214787,21.786808
0.634845,5.501195,26.578171,7.802117,6.901429,9.489333,0.0,3.314544,5.752672,0.183563,2.522651,10.544768
0.059875,16.929037,152.752781,7.86772,14.288443,37.618864,5.346621,0.0,48.768189,30.537011,35.381296,89.215061
6.982192,42.733829,62.592869,24.941104,8.213091,17.598989,14.231883,82.283888,0.0,1.583693,29.706072,138.405035
0.074667,6.264173,0.754448,11.202192,1.298955,0.504621,0.06556,32.627323,0.501755,0.0,25.397384,0.366488
0.253061,14.915973,39.440027,2.094427,4.763624,13.040032,4.714101,350.922107,16.753752,3.108883,0.0,13.234245
4.208352,115.432408,125.376765,69.70108,26.646208,36.399816,31.815533,110.373117,157.825261,6.343789,26.706283,0.0
