2289.62164
0.071211,1,2
0.177328,1,3
0.028544,1,7
0.093333,1,8
0.053912,1,9
0.013333,1,10
0.389021,1,12
0.143856,2,1
10.680536,2,3
2.702757,2,4
6.788608,2,5
12.315435,2,6
0.54312,2,7
15.882956,2,8
3.671744,2,9
0.090151,2,10
2.329691,2,11
28.916704,2,12
0.114629,3,1
14.919875,3,2
7.601725,3,4
13.0794,3,5
27.972616,3,6
8.107885,3,7
29.258112,3,8
106.023259,3,9
6.166264,3,10
4.904803,3,11
18.764181,3,12
0.119077,4,1
11.558115,4,2
43.799779,4,3
28.028533,4,5
27.839795,4,6
24.931808,4,7
18.187659,4,8
40.5596,4,9
16.321827,4,10
22.772845,4,11
37.667035,4,12
0.046,5,1
2.124464,5,2
14.428277,5,3
2.613261,5,4
2.878328,5,6
1.149261,5,7
6.883309,5,8
4.011083,5,9
0.120901,5,10
2.902501,5,11
8.568005,5,12
24.656304,6,2
21.130435,6,3
6.624635,6,4
3.991221,6,5
4.634845,6,7
26.424424,6,8
42.85652,6,9
0.677621,6,10
6.631093,6,11
22.756293,6,12
3.037432,7,2
9.915296,7,3
7.531149,7,4
18.299688,7,5
19.045829,7,6
4.554523,7,8
9.93252,7,9
1.190635,7,10
0.942653,7,11
8.289576,7,12
1.203397,8,1
18.060747,8,2
28.614099,8,3
9.68416,8,4
10.791517,8,5
27.359672,8,6
6.804531,8,7
117.562981,8,9
16.231435,8,10
32.113221,8,11
88.799736,8,12
0.462416,9,1
21.083645,9,2
54.130736,9,3
24.540051,9,4
11.297811,9,5
20.346789,9,6
11.904925,9,7
71.06148,9,8
5.270075,9,10
19.007923,9,11
46.279099,9,12
0.053333,10,2
0.199763,10,3
9.816448,10,4
0.041003,10,5
0.181379,10,6
35.452152,10,8
1.140165,10,9
39.338269,10,11
0.22776,10,12
9.784693,11,2
4.498043,11,3
3.549467,11,4
4.956869,11,5
7.247008,11,6
2.135256,11,7
19.678261,11,8
14.572704,11,9
5.462429,11,10
13.813904,11,12
0.328693,12,1
130.265523,12,2
62.869392,12,3
54.629883,12,4
16.370957,12,5
42.435499,12,6
9.318067,12,7
100.062549,12,8
133.182149,12,9
2.707187,12,10
40.253245,12,11
succeed
0.0,0.071211,0.177328,0.0,0.0,0.0,0.028544,0.093333,0.053912,0.013333,0.0,0.389021
0.143856,0.0,10.680536,2.702757,6.788608,12.315435,0.54312,15.882956,3.671744,0.090151,2.329691,28.916704
0.114629,14.919875,0.0,7.601725,13.0794,27.972616,8.107885,29.258112,106.023259,6.166264,4.904803,18.764181
0.119077,11.558115,43.799779,0.0,28.028533,27.839795,24.931808,18.187659,40.5596,16.321827,22.772845,37.667035
0.046,2.124464,14.428277,2.613261,0.0,2.878328,1.149261,6.883309,4.011083,0.120901,2.902501,8.568005
0.0,24.656304,21.130435,6.624635,3.991221,0.0,4.634845,26.424424,42.85652,0.677621,6.631093,22.756293
0.0,3.037432,9.915296,7.531149,18.299688,19.045829,0.0,4.554523,9.93252,1.190635,0.942653,8.289576
1.203397,18.060747,28.614099,9.68416,10.791517,27.359672,6.804531,0.0,117.562981,16.231435,32.113221,88.799736
0.462416,21.083645,54.130736,24.540051,11.297811,20.346789,11.904925,71.06148,0.0,5.270075,19.007923,46.279099
0.0,0.053333,0.199763,9.816448,0.041003,0.181379,0.0,35.452152,1.140165,0.0,39.338269,0.22776
0.0,9.784693,4.498043,3.549467,4.956869,7.247008,2.135256,19.678261,14.572704,5.462429,0.0,13.813904
0.328693,130.265523,62.869392,54.629883,16.370957,42.435499,9.318067,100.062549,133.182149,2.707187,40.253245,0.0
