2748.973013
0.026667,1,2
0.507595,1,3
0.75904,1,5
1.11828,1,6
0.728299,1,9
2.037608,1,12
16.657451,2,3
0.026667,2,4
30.054515,2,5
21.153283,2,6
1.953661,2,7
17.412912,2,9
0.04424,2,10
1.453195,2,11
41.307168,2,12
21.424485,3,2
26.769,3,4
88.348725,3,5
47.949379,3,6
25.870685,3,7
0.127744,3,8
37.324093,3,9
0.945011,3,11
37.65704,3,12
16.419019,4,2
52.876099,4,3
32.948453,4,5
43.957395,4,6
17.486531,4,7
12.297883,4,9
7.331765,4,10
0.879136,4,11
33.47288,4,12
15.232757,5,2
1.015597,5,3
0.069347,5,4
0.08,5,6
0.053333,5,7
9.855749,5,9
0.042136,5,10
0.053333,5,11
103.022499,5,12
11.481197,6,2
98.712704,6,3
4.690077,6,4
30.187885,6,5
23.143131,6,7
0.061675,6,8
65.165099,6,9
0.026667,6,10
4.199315,6,11
34.300592,6,12
2.802757,7,2
23.727213,7,3
5.528773,7,4
9.281051,7,5
10.051811,7,6
6.457741,7,9
0.134539,7,11
17.770253,7,12
12.805133,8,2
20.828045,8,3
8.022973,8,4
136.377133,8,5
2.266384,8,6
1.862101,8,7
68.948605,8,9
5.706123,8,10
18.397829,8,11
98.582232,8,12
28.225048,9,2
74.002891,9,3
43.611813,9,4
107.049021,9,5
54.891597,9,6
15.234403,9,7
0.541131,9,8
7.774315,9,11
125.193155,9,12
0.16,10,2
0.053333,10,3
3.162989,10,4
6.660152,10,5
0.026667,10,6
0.026667,10,7
32.30032,10,8
4.174544,10,9
43.733096,10,11
0.574725,10,12
8.297835,11,2
2.395832,11,3
4.093475,11,4
35.996301,11,5
0.560139,11,6
4.030517,11,7
18.102467,11,8
7.986624,11,9
2.798517,11,10
11.245019,11,12
136.729384,12,2
79.748173,12,3
5.016091,12,4
194.132597,12,5
45.860445,12,6
23.689968,12,7
0.172299,12,8
126.201581,12,9
0.20696,12,10
4.043229,12,11
succeed
0.0,0.026667,0.507595,0.0,0.75904,1.11828,0.0,0.0,0.728299,0.0,0.0,2.037608
0.0,0.0,16.657451,0.026667,30.054515,21.153283,1.953661,0.0,17.412912,0.04424,1.453195,41.307168
0.0,21.424485,0.0,26.769,88.348725,47.949379,25.870685,0.127744,37.324093,0.0,0.945011,37.65704
0.0,16.419019,52.876099,0.0,32.948453,43.957395,17.486531,0.0,12.297883,7.331765,0.879136,33.47288
0.0,15.232757,1.015597,0.069347,0.0,0.08,0.053333,0.0,9.855749,0.042136,0.053333,103.022499
0.0,11.481197,98.712704,4.690077,30.187885,0.0,23.143131,0.061675,65.165099,0.026667,4.199315,34.300592
0.0,2.802757,23.727213,5.528773,9.281051,10.051811,0.0,0.0,6.457741,0.0,0.134539,17.770253
0.0,12.805133,20.828045,8.022973,136.377133,2.266384,1.862101,0.0,68.948605,5.706123,18.397829,98.582232
0.0,28.225048,74.002891,43.611813,107.049021,54.891597,15.234403,0.541131,0.0,0.0,7.774315,125.193155
0.0,0.16,0.053333,3.162989,6.660152,0.026667,0.026667,32.30032,4.174544,0.0,43.733096,0.574725
0.0,8.297835,2.395832,4.093475,35.996301,0.560139,4.030517,18.102467,7.986624,2.798517,0.0,11.245019
0.0,136.729384,79.748173,5.016091,194.132597,45.860445,23.689968,0.172299,126.201581,0.20696,4.043229,0.0
