2810.641448
0.461461,1,2
0.912869,1,3
0.026667,1,4
0.890773,1,6
0.320005,1,7
0.543669,1,8
0.141541,1,9
0.187045,1,11
0.562765,1,12
0.113043,2,1
12.278413,2,3
3.537131,2,4
7.04564,2,5
16.037581,2,6
2.647763,2,7
14.186557,2,8
5.346528,2,9
0.208429,2,10
6.886003,2,11
28.812045,2,12
1.073816,3,1
16.371685,3,2
21.871451,3,4
3.176763,3,5
41.388395,3,6
7.612267,3,7
78.870496,3,8
14.159307,3,9
0.759269,3,10
10.335568,3,11
21.855757,3,12
0.12688,4,1
7.246256,4,2
41.852899,4,3
14.185723,4,5
33.161483,4,6
19.015112,4,7
39.006544,4,8
11.298275,4,9
10.271005,4,10
16.05632,4,11
40.764075,4,12
0.053333,5,1
12.67948,5,2
9.174779,5,3
1.108992,5,4
0.775797,5,6
1.348603,5,7
11.933923,5,8
2.214923,5,9
3.2608,5,11
3.474792,5,12
0.215573,6,1
36.522859,6,2
63.106136,6,3
10.904216,6,4
1.088667,6,5
4.983408,6,7
46.282795,6,8
15.332835,6,9
0.290944,6,10
9.361531,6,11
21.627365,6,12
1.894235,7,2
17.832704,7,3
9.580019,7,4
9.64036,7,5
9.651987,7,6
6.942744,7,8
3.300704,7,9
2.896581,7,10
4.65416,7,11
8.395835,7,12
0.053333,8,1
25.787283,8,2
84.056987,8,3
28.756197,8,4
17.786051,8,5
27.131701,8,6
8.218259,8,7
45.509101,8,9
18.911971,8,10
56.150536,8,11
494.935733,8,12
1.006931,9,1
23.768576,9,2
51.439885,9,3
28.384437,9,4
11.534563,9,5
22.263221,9,6
7.979448,9,7
96.750691,9,8
1.162744,9,10
30.741133,9,11
91.531507,9,12
0.053333,10,2
0.400616,10,3
23.849344,10,4
1.273237,10,5
0.260256,10,6
44.69068,10,8
0.523824,10,9
34.100317,10,11
0.224341,10,12
0.170171,11,1
10.435488,11,2
22.506061,11,3
2.540685,11,4
3.820203,11,5
7.096677,11,6
7.559243,11,7
32.304592,11,8
6.029109,11,9
2.635181,11,10
12.878709,11,12
1.38036,12,1
88.015733,12,2
73.347605,12,3
62.55824,12,4
30.52472,12,5
31.418459,12,6
7.169931,12,7
70.375669,12,8
140.116224,12,9
1.595563,12,10
34.790235,12,11
succeed
0.0,0.461461,0.912869,0.026667,0.0,0.890773,0.320005,0.543669,0.141541,0.0,0.187045,0.562765
0.113043,0.0,12.278413,3.537131,7.04564,16.037581,2.647763,14.186557,5.346528,0.208429,6.886003,28.812045
1.073816,16.371685,0.0,21.871451,3.176763,41.388395,7.612267,78.870496,14.159307,0.759269,10.335568,21.855757
0.12688,7.246256,41.852899,0.0,14.185723,33.161483,19.015112,39.006544,11.298275,10.271005,16.05632,40.764075
0.053333,12.67948,9.174779,1.108992,0.0,0.775797,1.348603,11.933923,2.214923,0.0,3.2608,3.474792
0.215573,36.522859,63.106136,10.904216,1.088667,0.0,4.983408,46.282795,15.332835,0.290944,9.361531,21.627365
0.0,1.894235,17.832704,9.580019,9.64036,9.651987,0.0,6.942744,3.300704,2.896581,4.65416,8.395835
0.053333,25.787283,84.056987,28.756197,17.786051,27.131701,8.218259,0.0,45.509101,18.911971,56.150536,494.935733
1.006931,23.768576,51.439885,28.384437,11.534563,22.263221,7.979448,96.750691,0.0,1.162744,30.741133,91.531507
0.0,0.053333,0.400616,23.849344,1.273237,0.260256,0.0,44.69068,0.523824,0.0,34.100317,0.224341
0.170171,10.435488,22.506061,2.540685,3.820203,7.096677,7.559243,32.304592,6.029109,2.635181,0.0,12.878709
1.38036,88.015733,73.347605,62.55824,30.52472,31.418459,7.169931,70.375669,140.116224,1.595563,34.790235,0.0
