2304.508855
2.790389,1,2
0.218989,1,3
0.212869,1,4
0.237179,1,5
0.42252,1,6
0.912717,1,7
0.185699,1,8
0.242427,1,9
0.043141,1,10
1.29096,1,11
0.524288,1,12
0.463163,2,1
17.197333,2,3
7.056947,2,4
30.813448,2,5
22.311467,2,6
6.642915,2,7
15.741732,2,8
4.871864,2,9
0.059993,2,10
22.490579,2,11
42.541845,2,12
1.539869,3,1
16.097395,3,2
20.171936,3,4
16.135243,3,5
71.454157,3,6
14.253469,3,7
37.195027,3,8
11.090859,3,9
1.927235,3,10
36.804952,3,11
20.100005,3,12
1.116371,4,1
11.975269,4,2
28.782128,4,3
14.612261,4,5
12.893629,4,6
11.254408,4,7
5.16092,4,8
8.060976,4,9
6.594912,4,10
25.148875,4,11
18.884504,4,12
1.476312,5,1
4.848485,5,2
14.904205,5,3
2.818579,5,4
6.706688,5,6
2.23068,5,7
4.786667,5,8
4.206424,5,9
12.694723,5,11
9.316192,5,12
0.159389,6,1
15.030213,6,2
41.263581,6,3
7.734013,6,4
4.343661,6,5
5.945544,6,7
10.351429,6,8
12.151731,6,9
1.923093,6,10
43.027347,6,11
22.422107,6,12
7.016061,7,2
28.249968,7,3
11.284237,7,4
6.591048,7,5
14.734411,7,6
6.133589,7,8
5.397477,7,9
2.407075,7,10
13.332725,7,11
16.101,7,12
0.198237,8,1
21.681237,8,2
42.73984,8,3
30.694101,8,4
5.89016,8,5
12.474611,8,6
4.709256,8,7
23.894621,8,9
16.918627,8,10
96.672245,8,11
51.800128,8,12
0.719427,9,1
22.317459,9,2
29.384805,9,3
15.51344,9,4
8.38912,9,5
26.639107,9,6
10.951357,9,7
58.031299,9,8
1.381616,9,10
31.993285,9,11
87.997928,9,12
0.104507,10,2
0.026667,10,3
9.645981,10,4
0.053333,10,5
4.659989,10,6
0.053987,10,7
12.985707,10,8
0.08,10,9
22.14,10,11
0.053333,10,12
1.233016,11,1
22.117456,11,2
34.112725,11,3
11.879765,11,4
9.058941,11,5
32.063691,11,6
18.057971,11,7
32.716504,11,8
13.816357,11,9
5.384165,11,10
39.62904,11,12
0.774413,12,1
117.062997,12,2
70.047656,12,3
38.816672,12,4
15.497701,12,5
46.899283,12,6
12.584715,12,7
68.315584,12,8
89.712651,12,9
1.977179,12,10
63.839445,12,11
succeed
0.0,2.790389,0.218989,0.212869,0.237179,0.42252,0.912717,0.185699,0.242427,0.043141,1.29096,0.524288
0.463163,0.0,17.197333,7.056947,30.813448,22.311467,6.642915,15.741732,4.871864,0.059993,22.490579,42.541845
1.539869,16.097395,0.0,20.171936,16.135243,71.454157,14.253469,37.195027,11.090859,1.927235,36.804952,20.100005
1.116371,11.975269,28.782128,0.0,14.612261,12.893629,11.254408,5.16092,8.060976,6.594912,25.148875,18.884504
1.476312,4.848485,14.904205,2.818579,0.0,6.706688,2.23068,4.786667,4.206424,0.0,12.694723,9.316192
0.159389,15.030213,41.263581,7.734013,4.343661,0.0,5.945544,10.351429,12.151731,1.923093,43.027347,22.422107
0.0,7.016061,28.249968,11.284237,6.591048,14.734411,0.0,6.133589,5.397477,2.407075,13.332725,16.101
0.198237,21.681237,42.73984,30.694101,5.89016,12.474611,4.709256,0.0,23.894621,16.918627,96.672245,51.800128
0.719427,22.317459,29.384805,15.51344,8.38912,26.639107,10.951357,58.031299,0.0,1.381616,31.993285,87.997928
0.0,0.104507,0.026667,9.645981,0.053333,4.659989,0.053987,12.985707,0.08,0.0,22.14,0.053333
1.233016,22.117456,34.112725,11.879765,9.058941,32.063691,18.057971,32.716504,13.816357,5.384165,0.0,39.62904
0.774413,117.062997,70.047656,38.816672,15.497701,46.899283,12.584715,68.315584,89.712651,1.977179,63.839445,0.0
