2091.436363
0.167789,1,2
0.249592,1,3
0.090272,1,5
0.036408,1,7
0.026667,1,8
0.127659,1,11
0.08,1,12
0.242717,2,1
4.958536,2,3
3.816619,2,4
25.230832,2,5
10.434432,2,6
3.225277,2,7
7.031239,2,8
3.109245,2,9
0.074911,2,10
2.426619,2,11
36.17508,2,12
0.073632,3,1
8.698131,3,2
12.629515,3,4
7.832032,3,5
46.739504,3,6
7.505664,3,7
23.991107,3,8
108.020411,3,9
0.591765,3,10
4.177195,3,11
22.359408,3,12
0.09296,4,1
14.166173,4,2
39.363085,4,3
27.641168,4,5
27.298256,4,6
18.501115,4,7
16.783629,4,8
35.643261,4,9
13.2246,4,10
16.736565,4,11
52.279501,4,12
2.195421,5,1
0.608072,5,2
18.466021,5,3
1.393827,5,4
1.480603,5,6
0.412896,5,7
2.225173,5,8
1.669195,5,9
0.173995,5,10
3.844184,5,11
8.143408,5,12
20.007805,6,2
26.607064,6,3
5.355496,6,4
0.808936,6,5
9.800171,6,7
19.905373,6,8
33.693685,6,9
0.264093,6,10
10.068485,6,11
7.086571,6,12
0.816283,7,2
9.989968,7,3
8.507037,7,4
2.687563,7,5
10.825099,7,6
5.846496,7,8
9.124128,7,9
1.413088,7,10
1.642925,7,11
5.052907,7,12
0.570413,8,1
23.300093,8,2
35.659904,8,3
8.073104,8,4
15.492285,8,5
21.798373,8,6
6.995077,8,7
98.842245,8,9
8.911344,8,10
22.424248,8,11
82.113797,8,12
0.113523,9,1
14.095291,9,2
42.569875,9,3
25.264397,9,4
8.645472,9,5
24.581109,9,6
8.035296,9,7
45.585147,9,8
1.518709,9,10
15.946648,9,11
69.299184,9,12
0.053333,10,2
0.271821,10,3
1.023171,10,4
10.011597,10,5
0.113528,10,6
34.118811,10,8
0.38848,10,9
40.907656,10,11
0.0552,10,12
6.535491,11,2
5.577312,11,3
1.317757,11,4
2.511992,11,5
12.571037,11,6
0.89332,11,7
22.540069,11,8
22.074773,11,9
4.02568,11,10
9.185776,11,12
0.026667,12,1
96.874171,12,2
46.806992,12,3
56.444139,12,4
9.038699,12,5
37.942816,12,6
11.590645,12,7
96.133112,12,8
112.476176,12,9
5.67772,12,10
32.444349,12,11
succeed
0.0,0.167789,0.249592,0.0,0.090272,0.0,0.036408,0.026667,0.0,0.0,0.127659,0.08
0.242717,0.0,4.958536,3.816619,25.230832,10.434432,3.225277,7.031239,3.109245,0.074911,2.426619,36.17508
0.073632,8.698131,0.0,12.629515,7.832032,46.739504,7.505664,23.991107,108.020411,0.591765,4.177195,22.359408
0.09296,14.166173,39.363085,0.0,27.641168,27.298256,18.501115,16.783629,35.643261,13.2246,16.736565,52.279501
2.195421,0.608072,18.466021,1.393827,0.0,1.480603,0.412896,2.225173,1.669195,0.173995,3.844184,8.143408
0.0,20.007805,26.607064,5.355496,0.808936,0.0,9.800171,19.905373,33.693685,0.264093,10.068485,7.086571
0.0,0.816283,9.989968,8.507037,2.687563,10.825099,0.0,5.846496,9.124128,1.413088,1.642925,5.052907
0.570413,23.300093,35.659904,8.073104,15.492285,21.798373,6.995077,0.0,98.842245,8.911344,22.424248,82.113797
0.113523,14.095291,42.569875,25.264397,8.645472,24.581109,8.035296,45.585147,0.0,1.518709,15.946648,69.299184
0.0,0.053333,0.271821,1.023171,10.011597,0.113528,0.0,34.118811,0.38848,0.0,40.907656,0.0552
0.0,6.535491,5.577312,1.317757,2.511992,12.571037,0.89332,22.540069,22.074773,4.02568,0.0,9.185776
0.026667,96.874171,46.806992,56.444139,9.038699,37.942816,11.590645,96.133112,112.476176,5.67772,32.444349,0.0
