3646.789675
0.389453,1,2
0.671557,1,3
2.792011,1,5
1.203413,1,6
0.08544,1,7
0.210072,1,9
0.026667,1,11
2.606539,1,12
33.647923,2,3
0.205685,2,4
46.344091,2,5
47.408301,2,6
8.93304,2,7
20.437517,2,9
0.026667,2,10
0.209315,2,11
44.235296,2,12
30.449528,3,2
16.521275,3,4
89.661187,3,5
43.888208,3,6
21.297947,3,7
0.026667,3,8
58.780019,3,9
0.08,3,10
1.233619,3,11
48.401736,3,12
11.496869,4,2
56.828755,4,3
49.775435,4,5
31.707397,4,6
22.560128,4,7
15.378939,4,9
9.944621,4,10
2.318525,4,11
45.791392,4,12
38.713667,5,2
2.346013,5,3
0.148376,5,4
0.053333,5,6
13.541909,5,9
0.803331,5,11
121.761432,5,12
25.711104,6,2
168.244957,6,3
18.588837,6,4
88.582597,6,5
28.998467,6,7
95.166779,6,9
5.242768,6,10
1.103461,6,11
42.844509,6,12
4.953136,7,2
32.323699,7,3
8.744819,7,4
23.140952,7,5
14.174283,7,6
13.392165,7,9
0.026667,7,10
0.233197,7,11
15.718477,7,12
31.449264,8,2
5.145795,8,3
19.290203,8,4
179.083472,8,5
0.607779,8,6
0.135816,8,7
75.727896,8,9
10.88452,8,10
30.214203,8,11
103.089176,8,12
42.141608,9,2
100.99796,9,3
38.107885,9,4
131.616581,9,5
57.198579,9,6
27.095592,9,7
0.374293,9,8
0.106667,9,10
7.900261,9,11
160.318861,9,12
1.1514,10,2
0.08,10,3
11.756771,10,4
6.26088,10,5
0.053333,10,6
0.405771,10,7
37.230067,10,8
5.339571,10,9
51.867275,10,11
2.661728,10,12
9.894328,11,2
21.949808,11,3
7.659821,11,4
45.839773,11,5
0.760771,11,6
3.540437,11,7
29.866083,11,8
24.769589,11,9
8.657275,11,10
37.516899,11,12
95.081008,12,2
136.733525,12,3
2.731333,12,4
293.888293,12,5
49.849224,12,6
22.948843,12,7
0.101435,12,8
180.263376,12,9
0.137955,12,10
6.172523,12,11
succeed
0.0,0.389453,0.671557,0.0,2.792011,1.203413,0.08544,0.0,0.210072,0.0,0.026667,2.606539
0.0,0.0,33.647923,0.205685,46.344091,47.408301,8.93304,0.0,20.437517,0.026667,0.209315,44.235296
0.0,30.449528,0.0,16.521275,89.661187,43.888208,21.297947,0.026667,58.780019,0.08,1.233619,48.401736
0.0,11.496869,56.828755,0.0,49.775435,31.707397,22.560128,0.0,15.378939,9.944621,2.318525,45.791392
0.0,38.713667,2.346013,0.148376,0.0,0.053333,0.0,0.0,13.541909,0.0,0.803331,121.761432
0.0,25.711104,168.244957,18.588837,88.582597,0.0,28.998467,0.0,95.166779,5.242768,1.103461,42.844509
0.0,4.953136,32.323699,8.744819,23.140952,14.174283,0.0,0.0,13.392165,0.026667,0.233197,15.718477
0.0,31.449264,5.145795,19.290203,179.083472,0.607779,0.135816,0.0,75.727896,10.88452,30.214203,103.089176
0.0,42.141608,100.99796,38.107885,131.616581,57.198579,27.095592,0.374293,0.0,0.106667,7.900261,160.318861
0.0,1.1514,0.08,11.756771,6.26088,0.053333,0.405771,37.230067,5.339571,0.0,51.867275,2.661728
0.0,9.894328,21.949808,7.659821,45.839773,0.760771,3.540437,29.866083,24.769589,8.657275,0.0,37.516899
0.0,95.081008,136.733525,2.731333,293.888293,49.849224,22.948843,0.101435,180.263376,0.137955,6.172523,0.0
