4172.834142
0.34056,1,2
3.85824,1,3
1.829552,1,5
1.218035,1,6
0.440429,1,7
1.316549,1,9
0.09648,1,11
3.724248,1,12
87.740744,2,3
0.081352,2,4
45.715187,2,5
31.569709,2,6
5.817499,2,7
0.026667,2,8
16.263456,2,9
0.2732,2,10
0.541355,2,11
74.375763,2,12
39.690789,3,2
56.671163,3,4
115.783949,3,5
63.621029,3,6
18.455957,3,7
0.397576,3,8
56.348957,3,9
0.266659,3,10
2.246992,3,11
46.620795,3,12
10.539197,4,2
70.698629,4,3
63.140109,4,5
33.495315,4,6
21.463573,4,7
0.053333,4,8
20.0338,4,9
18.355445,4,10
5.475312,4,11
43.682883,4,12
44.626296,5,2
2.694507,5,3
0.106667,5,4
0.106667,5,6
0.418589,5,7
0.118749,5,8
5.900541,5,9
0.168056,5,10
0.242501,5,11
121.505891,5,12
29.383331,6,2
163.343083,6,3
9.975395,6,4
69.175083,6,5
16.176885,6,7
0.053333,6,8
64.250269,6,9
1.363579,6,10
5.82792,6,11
49.511955,6,12
4.986875,7,2
39.331885,7,3
7.355909,7,4
17.583608,7,5
14.925747,7,6
0.026667,7,8
7.207776,7,9
0.106667,7,11
19.171205,7,12
34.291728,8,2
13.349293,8,3
24.352205,8,4
258.406077,8,5
1.258651,8,6
2.045411,8,7
108.8494,8,9
10.337701,8,10
33.353651,8,11
111.099037,8,12
48.427763,9,2
101.417008,9,3
40.068851,9,4
141.092896,9,5
93.426597,9,6
27.066827,9,7
0.438419,9,8
2.588949,9,10
4.867259,9,11
178.756637,9,12
1.260368,10,2
0.522613,10,3
5.934075,10,4
7.994891,10,5
3.859392,10,7
44.391315,10,8
1.51372,10,9
49.910397,10,11
0.517013,10,12
13.480712,11,2
2.098752,11,3
4.292139,11,4
48.640597,11,5
0.270272,11,6
9.898229,11,7
21.391445,11,8
16.357341,11,9
4.950592,11,10
20.22592,11,12
107.737752,12,2
135.285576,12,3
29.790933,12,4
335.333333,12,5
132.870821,12,6
62.996133,12,7
0.115328,12,8
211.203021,12,9
0.419128,12,10
6.161851,12,11
succeed
0.0,0.34056,3.85824,0.0,1.829552,1.218035,0.440429,0.0,1.316549,0.0,0.09648,3.724248
0.0,0.0,87.740744,0.081352,45.715187,31.569709,5.817499,0.026667,16.263456,0.2732,0.541355,74.375763
0.0,39.690789,0.0,56.671163,115.783949,63.621029,18.455957,0.397576,56.348957,0.266659,2.246992,46.620795
0.0,10.539197,70.698629,0.0,63.140109,33.495315,21.463573,0.053333,20.0338,18.355445,5.475312,43.682883
0.0,44.626296,2.694507,0.106667,0.0,0.106667,0.418589,0.118749,5.900541,0.168056,0.242501,121.505891
0.0,29.383331,163.343083,9.975395,69.175083,0.0,16.176885,0.053333,64.250269,1.363579,5.82792,49.511955
0.0,4.986875,39.331885,7.355909,17.583608,14.925747,0.0,0.026667,7.207776,0.0,0.106667,19.171205
0.0,34.291728,13.349293,24.352205,258.406077,1.258651,2.045411,0.0,108.8494,10.337701,33.353651,111.099037
0.0,48.427763,101.417008,40.068851,141.092896,93.426597,27.066827,0.438419,0.0,2.588949,4.867259,178.756637
0.0,1.260368,0.522613,5.934075,7.994891,0.0,3.859392,44.391315,1.51372,0.0,49.910397,0.517013
0.0,13.480712,2.098752,4.292139,48.640597,0.270272,9.898229,21.391445,16.357341,4.950592,0.0,20.22592
0.0,107.737752,135.285576,29.790933,335.333333,132.870821,62.996133,0.115328,211.203021,0.419128,6.161851,0.0
