3683.950898
0.376155,1,2
2.098013,1,3
1.490957,1,5
2.211584,1,6
0.094835,1,7
1.433328,1,9
0.067733,1,11
1.515376,1,12
40.529256,2,3
0.061717,2,4
78.886067,2,5
28.133597,2,6
6.294221,2,7
28.418419,2,9
0.026667,2,10
0.827192,2,11
49.709637,2,12
42.513843,3,2
24.282083,3,4
108.380597,3,5
87.156896,3,6
18.070811,3,7
0.107211,3,8
42.072104,3,9
0.053333,3,10
3.313093,3,11
81.555395,3,12
12.563461,4,2
58.257117,4,3
64.934533,4,5
47.715725,4,6
20.65376,4,7
0.053333,4,8
21.245104,4,9
10.762704,4,10
0.480443,4,11
42.339437,4,12
61.637667,5,2
2.196165,5,3
0.082576,5,6
7.259701,5,9
0.464496,5,11
123.630037,5,12
25.20024,6,2
91.348949,6,3
14.285653,6,4
94.161277,6,5
20.094835,6,7
28.343224,6,9
0.559789,6,10
4.466312,6,11
51.120173,6,12
7.530469,7,2
29.598187,7,3
10.220517,7,4
21.31872,7,5
20.957349,7,6
10.860085,7,9
0.607,7,11
21.875355,7,12
54.002248,8,2
5.553355,8,3
20.486256,8,4
142.43688,8,5
0.405611,8,6
0.240683,8,7
69.212773,8,9
9.641645,8,10
33.941563,8,11
115.829669,8,12
47.193373,9,2
102.407717,9,3
39.750541,9,4
144.477861,9,5
49.925613,9,6
34.010464,9,7
0.204392,9,8
0.026667,9,10
12.359659,9,11
144.879125,9,12
0.600136,10,2
0.060037,10,3
2.834088,10,4
10.438533,10,5
0.434917,10,7
44.390443,10,8
3.649597,10,9
48.458797,10,11
1.614624,10,12
12.891387,11,2
2.503344,11,3
5.426056,11,4
45.631677,11,5
0.135283,11,6
7.736248,11,7
35.525328,11,8
17.766568,11,9
6.080608,11,10
16.241499,11,12
146.991867,12,2
137.983181,12,3
10.415173,12,4
256.434707,12,5
50.237939,12,6
37.518536,12,7
0.057152,12,8
170.175653,12,9
0.169571,12,10
8.057341,12,11
succeed
0.0,0.376155,2.098013,0.0,1.490957,2.211584,0.094835,0.0,1.433328,0.0,0.067733,1.515376
0.0,0.0,40.529256,0.061717,78.886067,28.133597,6.294221,0.0,28.418419,0.026667,0.827192,49.709637
0.0,42.513843,0.0,24.282083,108.380597,87.156896,18.070811,0.107211,42.072104,0.053333,3.313093,81.555395
0.0,12.563461,58.257117,0.0,64.934533,47.715725,20.65376,0.053333,21.245104,10.762704,0.480443,42.339437
0.0,61.637667,2.196165,0.0,0.0,0.082576,0.0,0.0,7.259701,0.0,0.464496,123.630037
0.0,25.20024,91.348949,14.285653,94.161277,0.0,20.094835,0.0,28.343224,0.559789,4.466312,51.120173
0.0,7.530469,29.598187,10.220517,21.31872,20.957349,0.0,0.0,10.860085,0.0,0.607,21.875355
0.0,54.002248,5.553355,20.486256,142.43688,0.405611,0.240683,0.0,69.212773,9.641645,33.941563,115.829669
0.0,47.193373,102.407717,39.750541,144.477861,49.925613,34.010464,0.204392,0.0,0.026667,12.359659,144.879125
0.0,0.600136,0.060037,2.834088,10.438533,0.0,0.434917,44.390443,3.649597,0.0,48.458797,1.614624
0.0,12.891387,2.503344,5.426056,45.631677,0.135283,7.736248,35.525328,17.766568,6.080608,0.0,16.241499
0.0,146.991867,137.983181,10.415173,256.434707,50.237939,37.518536,0.057152,170.175653,0.169571,8.057341,0.0
