2899.131006
0.047203,1,2
0.370787,1,3
0.026667,1,4
0.115731,1,5
0.476333,1,6
0.978371,1,7
0.247797,1,8
0.362501,1,9
0.053333,1,10
0.053333,1,11
1.384611,1,12
0.374952,2,1
14.74264,2,3
9.726603,2,4
4.489648,2,5
20.006283,2,6
4.149752,2,7
12.691916,2,8
9.823451,2,9
1.516212,2,10
3.512216,2,11
51.799688,2,12
0.697515,3,1
21.718589,3,2
44.444379,3,4
18.678688,3,5
52.932843,3,6
15.23588,3,7
49.677077,3,8
29.351083,3,9
6.881147,3,10
23.368731,3,11
43.409432,3,12
0.090701,4,1
14.633373,4,2
67.947928,4,3
22.718403,4,5
27.988,4,6
16.995773,4,7
15.282483,4,8
20.268981,4,9
14.664979,4,10
14.287093,4,11
51.315744,4,12
3.088168,5,1
4.175672,5,2
30.139712,5,3
6.044075,5,4
7.376227,5,6
5.761592,5,7
11.120739,5,8
5.804595,5,9
1.481715,5,10
3.505144,5,11
3.43424,5,12
0.390003,6,1
14.295475,6,2
92.165725,6,3
14.226064,6,4
12.140061,6,5
11.386965,6,7
21.949664,6,8
28.540829,6,9
7.333517,6,10
10.800443,6,11
12.641949,6,12
0.390749,7,1
2.817141,7,2
25.24612,7,3
12.048325,7,4
7.871531,7,5
10.783048,7,6
8.743504,7,8
9.821104,7,9
2.925893,7,10
8.498832,7,11
9.243987,7,12
0.632037,8,1
15.374019,8,2
95.480925,8,3
24.187752,8,4
18.318379,8,5
51.64952,8,6
12.130077,8,7
55.082085,8,9
10.565773,8,10
27.174653,8,11
54.886707,8,12
1.764075,9,1
41.053528,9,2
72.678803,9,3
35.562435,9,4
24.26708,9,5
66.48448,9,6
25.221208,9,7
79.582341,9,8
11.057835,9,10
52.501061,9,11
85.088624,9,12
0.377885,10,2
3.571797,10,3
6.991339,10,4
1.012984,10,5
2.953827,10,6
0.527517,10,7
32.339237,10,8
1.640261,10,9
55.307688,10,11
0.542397,10,12
0.061587,11,1
6.932536,11,2
35.366464,11,3
6.18724,11,4
9.073883,11,5
8.416237,11,6
6.96192,11,7
31.672445,11,8
15.087576,11,9
4.774,11,10
9.344587,11,12
7.973632,12,1
132.667576,12,2
106.13408,12,3
57.213779,12,4
18.988797,12,5
50.007224,12,6
13.652811,12,7
102.026333,12,8
143.392811,12,9
3.769824,12,10
47.685677,12,11
succeed
0.0,0.047203,0.370787,0.026667,0.115731,0.476333,0.978371,0.247797,0.362501,0.053333,0.053333,1.384611
0.374952,0.0,14.74264,9.726603,4.489648,20.006283,4.149752,12.691916,9.823451,1.516212,3.512216,51.799688
0.697515,21.718589,0.0,44.444379,18.678688,52.932843,15.23588,49.677077,29.351083,6.881147,23.368731,43.409432
0.090701,14.633373,67.947928,0.0,22.718403,27.988,16.995773,15.282483,20.268981,14.664979,14.287093,51.315744
3.088168,4.175672,30.139712,6.044075,0.0,7.376227,5.761592,11.120739,5.804595,1.481715,3.505144,3.43424
0.390003,14.295475,92.165725,14.226064,12.140061,0.0,11.386965,21.949664,28.540829,7.333517,10.800443,12.641949
0.390749,2.817141,25.24612,12.048325,7.871531,10.783048,0.0,8.743504,9.821104,2.925893,8.498832,9.243987
0.632037,15.374019,95.480925,24.187752,18.318379,51.64952,12.130077,0.0,55.082085,10.565773,27.174653,54.886707
1.764075,41.053528,72.678803,35.562435,24.26708,66.48448,25.221208,79.582341,0.0,11.057835,52.501061,85.088624
0.0,0.377885,3.571797,6.991339,1.012984,2.953827,0.527517,32.339237,1.640261,0.0,55.307688,0.542397
0.061587,6.932536,35.366464,6.18724,9.073883,8.416237,6.96192,31.672445,15.087576,4.774,0.0,9.344587
7.973632,132.667576,106.13408,57.213779,18.988797,50.007224,13.652811,102.026333,143.392811,3.769824,47.685677,0.0
