2005.772716
0.060229,1,2
0.112699,1,3
0.212427,1,5
0.163243,1,6
0.991627,1,7
0.013333,1,8
0.053333,1,9
0.013333,1,10
0.053333,1,11
0.499627,1,12
0.176827,2,1
4.298717,2,3
3.874739,2,4
1.422805,2,5
11.314488,2,6
1.518744,2,7
17.518003,2,8
4.008731,2,9
0.316723,2,10
2.89892,2,11
23.648869,2,12
0.111813,3,1
11.087971,3,2
6.598008,3,4
7.337107,3,5
17.522056,3,6
5.993688,3,7
37.666035,3,8
29.91024,3,9
1.270907,3,10
8.437072,3,11
20.131917,3,12
0.172664,4,1
1.339453,4,2
46.908141,4,3
13.259939,4,5
25.982325,4,6
15.948784,4,7
20.497685,4,8
20.231107,4,9
8.969797,4,10
8.762696,4,11
33.802256,4,12
3.045112,5,1
16.261579,5,2
5.893576,5,3
0.818341,5,4
0.832597,5,6
1.469704,5,7
8.877211,5,8
1.039219,5,9
2.252896,5,11
5.327437,5,12
0.053333,6,1
15.5686,6,2
65.682923,6,3
5.255291,6,4
22.855856,6,5
4.8662,6,7
51.10824,6,8
32.367877,6,9
0.413469,6,10
19.109152,6,11
10.533333,6,12
0.038736,7,1
2.485549,7,2
8.811285,7,3
8.659075,7,4
3.246477,7,5
12.62812,7,6
7.465496,7,8
1.466373,7,9
2.116781,7,10
3.675352,7,11
17.271019,7,12
0.136437,8,1
13.933923,8,2
68.465613,8,3
9.817872,8,4
12.086312,8,5
23.713232,8,6
4.519309,8,7
41.653979,8,9
14.361816,8,10
29.489099,8,11
16.395893,8,12
0.248317,9,1
23.175475,9,2
12.972317,9,3
23.247261,9,4
8.938565,9,5
8.828512,9,6
5.589043,9,7
74.664651,9,8
2.016083,9,10
18.596699,9,11
39.127904,9,12
0.656261,10,2
12.161603,10,4
0.077547,10,5
0.275133,10,6
55.542568,10,8
0.283136,10,9
30.762824,10,11
0.058488,11,1
10.039024,11,2
19.400171,11,3
2.651728,11,4
2.482325,11,5
11.34008,11,6
3.452157,11,7
18.046352,11,8
16.692208,11,9
13.337859,11,10
86.358203,11,12
0.965285,12,1
78.8442,12,2
59.30788,12,3
45.273464,12,4
21.035469,12,5
56.929808,12,6
7.588123,12,7
61.282744,12,8
144.506984,12,9
6.437909,12,10
31.396251,12,11
succeed
0.0,0.060229,0.112699,0.0,0.212427,0.163243,0.991627,0.013333,0.053333,0.013333,0.053333,0.499627
0.176827,0.0,4.298717,3.874739,1.422805,11.314488,1.518744,17.518003,4.008731,0.316723,2.89892,23.648869
0.111813,11.087971,0.0,6.598008,7.337107,17.522056,5.993688,37.666035,29.91024,1.270907,8.437072,20.131917
0.172664,1.339453,46.908141,0.0,13.259939,25.982325,15.948784,20.497685,20.231107,8.969797,8.762696,33.802256
3.045112,16.261579,5.893576,0.818341,0.0,0.832597,1.469704,8.877211,1.039219,0.0,2.252896,5.327437
0.053333,15.5686,65.682923,5.255291,22.855856,0.0,4.8662,51.10824,32.367877,0.413469,19.109152,10.533333
0.038736,2.485549,8.811285,8.659075,3.246477,12.62812,0.0,7.465496,1.466373,2.116781,3.675352,17.271019
0.136437,13.933923,68.465613,9.817872,12.086312,23.713232,4.519309,0.0,41.653979,14.361816,29.489099,16.395893
0.248317,23.175475,12.972317,23.247261,8.938565,8.828512,5.589043,74.664651,0.0,2.016083,18.596699,39.127904
0.0,0.656261,0.0,12.161603,0.077547,0.275133,0.0,55.542568,0.283136,0.0,30.762824,0.0
0.058488,10.039024,19.400171,2.651728,2.482325,11.34008,3.452157,18.046352,16.692208,13.337859,0.0,86.358203
0.965285,78.8442,59.30788,45.273464,21.035469,56.929808,7.588123,61.282744,144.506984,6.437909,31.396251,0.0
