4220.569517
0.850048,1,2
3.569837,1,3
1.483637,1,5
0.961227,1,6
0.480104,1,7
0.971539,1,9
0.026667,1,11
5.013781,1,12
94.95468,2,3
0.167821,2,4
48.235469,2,5
31.18392,2,6
6.111648,2,7
0.029923,2,8
18.497259,2,9
0.707659,2,10
0.303453,2,11
70.781075,2,12
41.402141,3,2
56.955037,3,4
122.683915,3,5
71.575339,3,6
17.268213,3,7
0.114269,3,8
56.104419,3,9
0.207888,3,10
4.008056,3,11
43.293355,3,12
10.271157,4,2
71.547981,4,3
54.423328,4,5
32.032504,4,6
19.23224,4,7
0.062997,4,8
17.161155,4,9
16.896933,4,10
14.696376,4,11
46.198059,4,12
47.656411,5,2
2.796659,5,3
0.059243,5,4
0.070296,5,6
0.252453,5,7
7.2596,5,9
0.193216,5,10
0.407053,5,11
125.458275,5,12
27.697653,6,2
164.995349,6,3
8.332733,6,4
71.111779,6,5
16.602016,6,7
0.026667,6,8
62.888397,6,9
1.421987,6,10
6.222525,6,11
52.034824,6,12
5.679032,7,2
36.809832,7,3
9.207453,7,4
17.749909,7,5
18.458933,7,6
7.731925,7,9
0.108128,7,11
20.273656,7,12
37.749805,8,2
12.774309,8,3
22.748741,8,4
250.243736,8,5
1.512304,8,6
1.96132,8,7
93.449752,8,9
12.002296,8,10
36.197341,8,11
115.539173,8,12
48.911672,9,2
103.124152,9,3
37.658133,9,4
130.386888,9,5
88.326467,9,6
23.477635,9,7
0.685179,9,8
2.641091,9,10
4.594456,9,11
173.933808,9,12
0.51228,10,2
0.465707,10,3
3.980533,10,4
8.090541,10,5
0.026667,10,6
3.867139,10,7
46.285347,10,8
2.096184,10,9
49.546749,10,11
0.947619,10,12
13.458243,11,2
2.37776,11,3
4.255051,11,4
47.259747,11,5
0.398587,11,6
10.740261,11,7
23.017659,11,8
16.763917,11,9
5.653875,11,10
19.706163,11,12
145.265645,12,2
135.7996,12,3
31.043352,12,4
324.522293,12,5
140.455691,12,6
61.780395,12,7
0.333813,12,8
225.035643,12,9
0.468021,12,10
6.525664,12,11
succeed
0.0,0.850048,3.569837,0.0,1.483637,0.961227,0.480104,0.0,0.971539,0.0,0.026667,5.013781
0.0,0.0,94.95468,0.167821,48.235469,31.18392,6.111648,0.029923,18.497259,0.707659,0.303453,70.781075
0.0,41.402141,0.0,56.955037,122.683915,71.575339,17.268213,0.114269,56.104419,0.207888,4.008056,43.293355
0.0,10.271157,71.547981,0.0,54.423328,32.032504,19.23224,0.062997,17.161155,16.896933,14.696376,46.198059
0.0,47.656411,2.796659,0.059243,0.0,0.070296,0.252453,0.0,7.2596,0.193216,0.407053,125.458275
0.0,27.697653,164.995349,8.332733,71.111779,0.0,16.602016,0.026667,62.888397,1.421987,6.222525,52.034824
0.0,5.679032,36.809832,9.207453,17.749909,18.458933,0.0,0.0,7.731925,0.0,0.108128,20.273656
0.0,37.749805,12.774309,22.748741,250.243736,1.512304,1.96132,0.0,93.449752,12.002296,36.197341,115.539173
0.0,48.911672,103.124152,37.658133,130.386888,88.326467,23.477635,0.685179,0.0,2.641091,4.594456,173.933808
0.0,0.51228,0.465707,3.980533,8.090541,0.026667,3.867139,46.285347,2.096184,0.0,49.546749,0.947619
0.0,13.458243,2.37776,4.255051,47.259747,0.398587,10.740261,23.017659,16.763917,5.653875,0.0,19.706163
0.0,145.265645,135.7996,31.043352,324.522293,140.455691,61.780395,0.333813,225.035643,0.468021,6.525664,0.0
