2056.9614109999998
0.655621,1,2
0.026667,1,3
0.385867,1,5
0.228619,1,6
0.026667,1,7
0.550568,1,8
0.120077,1,9
0.036157,1,10
0.165419,1,11
0.738864,1,12
0.106923,2,1
5.84332,2,3
4.221059,2,4
1.409485,2,5
17.811091,2,6
2.23072,2,7
13.293855,2,8
8.150555,2,9
0.343383,2,10
5.116733,2,11
33.811424,2,12
0.325504,3,1
23.805829,3,2
7.977861,3,4
7.946139,3,5
57.797051,3,6
6.993091,3,7
86.477387,3,8
14.930243,3,9
5.268403,3,10
7.257816,3,11
26.847661,3,12
0.272363,4,1
5.996973,4,2
47.912376,4,3
22.449344,4,5
14.536091,4,6
28.12028,4,7
19.210099,4,8
8.384408,4,9
30.5422,4,10
18.354056,4,11
23.659931,4,12
1.080173,5,1
0.850547,5,2
12.246653,5,3
1.716608,5,4
1.934253,5,6
2.624379,5,7
2.149216,5,8
1.204907,5,9
0.026667,5,10
2.886699,5,11
5.390864,5,12
0.113152,6,1
18.052512,6,2
90.571752,6,3
14.296541,6,4
3.059808,6,5
6.478653,6,7
9.356067,6,8
4.792085,6,9
0.577293,6,10
12.706555,6,11
13.768536,6,12
0.081147,7,1
2.038568,7,2
22.884075,7,3
10.672416,7,4
11.994549,7,5
17.436099,7,6
4.091848,7,8
2.655861,7,9
2.473165,7,10
5.189795,7,11
13.497424,7,12
0.08,8,1
9.224088,8,2
103.724008,8,3
28.171259,8,4
2.767355,8,5
9.811995,8,6
4.015667,8,7
20.592645,8,9
11.605307,8,10
17.919085,8,11
51.472317,8,12
0.152805,9,1
16.374709,9,2
18.961325,9,3
11.119587,9,4
5.517533,9,5
7.080592,9,6
11.651429,9,7
70.010293,9,8
0.816371,9,10
13.797816,9,11
41.043885,9,12
0.600691,10,4
1.674093,10,6
20.585461,10,8
0.072723,10,9
17.567779,10,11
0.026667,10,12
0.206141,11,1
9.636067,11,2
19.254197,11,3
3.817661,11,4
3.834421,11,5
8.139587,11,6
2.782216,11,7
24.325325,11,8
4.441821,11,9
1.552963,11,10
6.195301,11,12
0.102325,12,1
96.008501,12,2
72.224763,12,3
71.899483,12,4
18.526579,12,5
44.007355,12,6
45.352003,12,7
135.556787,12,8
96.201261,12,9
1.024405,12,10
36.197717,12,11
succeed
0.0,0.655621,0.026667,0.0,0.385867,0.228619,0.026667,0.550568,0.120077,0.036157,0.165419,0.738864
0.106923,0.0,5.84332,4.221059,1.409485,17.811091,2.23072,13.293855,8.150555,0.343383,5.116733,33.811424
0.325504,23.805829,0.0,7.977861,7.946139,57.797051,6.993091,86.477387,14.930243,5.268403,7.257816,26.847661
0.272363,5.996973,47.912376,0.0,22.449344,14.536091,28.12028,19.210099,8.384408,30.5422,18.354056,23.659931
1.080173,0.850547,12.246653,1.716608,0.0,1.934253,2.624379,2.149216,1.204907,0.026667,2.886699,5.390864
0.113152,18.052512,90.571752,14.296541,3.059808,0.0,6.478653,9.356067,4.792085,0.577293,12.706555,13.768536
0.081147,2.038568,22.884075,10.672416,11.994549,17.436099,0.0,4.091848,2.655861,2.473165,5.189795,13.497424
0.08,9.224088,103.724008,28.171259,2.767355,9.811995,4.015667,0.0,20.592645,11.605307,17.919085,51.472317
0.152805,16.374709,18.961325,11.119587,5.517533,7.080592,11.651429,70.010293,0.0,0.816371,13.797816,41.043885
0.0,0.0,0.0,0.600691,0.0,1.674093,0.0,20.585461,0.072723,0.0,17.567779,0.026667
0.206141,9.636067,19.254197,3.817661,3.834421,8.139587,2.782216,24.325325,4.441821,1.552963,0.0,6.195301
0.102325,96.008501,72.224763,71.899483,18.526579,44.007355,45.352003,135.556787,96.201261,1.024405,36.197717,0.0
