2865.59568
0.260381,1,2
0.449333,1,3
0.053333,1,4
0.168248,1,5
0.320192,1,6
0.757381,1,7
0.092509,1,8
0.099549,1,9
0.013333,1,10
1.348251,1,12
1.679408,2,1
28.475736,2,3
5.634509,2,4
6.266885,2,5
22.174709,2,6
3.873997,2,7
12.585216,2,8
10.702928,2,9
0.497595,2,10
14.431229,2,11
55.446901,2,12
0.281725,3,1
24.316976,3,2
15.02752,3,4
12.350653,3,5
39.184851,3,6
22.082821,3,7
49.170293,3,8
11.938235,3,9
1.666131,3,10
4.246003,3,11
33.785136,3,12
0.331947,4,1
22.060733,4,2
79.613779,4,3
18.473341,4,5
26.84172,4,6
27.330637,4,7
15.714355,4,8
22.038467,4,9
14.067107,4,10
9.416256,4,11
39.153443,4,12
0.984056,5,1
10.814312,5,2
21.960507,5,3
6.512571,5,4
1.773613,5,6
3.771909,5,7
7.982867,5,8
7.127221,5,9
0.160888,5,10
0.476035,5,11
9.98844,5,12
0.448864,6,1
17.4276,6,2
59.421395,6,3
7.236477,6,4
5.256093,6,5
6.948877,6,7
27.760491,6,8
18.830832,6,9
1.045485,6,10
8.484029,6,11
22.378424,6,12
2.570293,7,1
5.299995,7,2
25.440277,7,3
12.498637,7,4
5.666723,7,5
14.423915,7,6
6.350619,7,8
9.05808,7,9
2.753197,7,10
2.929853,7,11
21.511085,7,12
0.437064,8,1
31.302571,8,2
152.05788,8,3
26.125725,8,4
9.043248,8,5
35.741611,8,6
8.711288,8,7
64.476323,8,9
23.074645,8,10
38.434552,8,11
41.068077,8,12
3.541568,9,1
48.705517,9,2
30.54108,9,3
42.133763,9,4
11.513357,9,5
43.676659,9,6
19.178736,9,7
69.087147,9,8
4.154181,9,10
30.202995,9,11
130.438264,9,12
0.053333,10,2
0.16,10,3
10.955293,10,4
0.068992,10,5
2.05632,10,6
0.108,10,7
37.841651,10,8
0.272213,10,9
29.458387,10,11
0.788003,10,12
0.42576,11,1
12.635331,11,2
44.213181,11,3
3.113419,11,4
3.210043,11,5
13.903085,11,6
8.236221,11,7
16.708173,11,8
19.532291,11,9
6.981035,11,10
26.962912,11,12
0.387589,12,1
127.202797,12,2
74.965232,12,3
67.22356,12,4
49.254171,12,5
69.731483,12,6
21.359907,12,7
81.815904,12,8
227.728189,12,9
2.331787,12,10
32.547755,12,11
succeed
0.0,0.260381,0.449333,0.053333,0.168248,0.320192,0.757381,0.092509,0.099549,0.013333,0.0,1.348251
1.679408,0.0,28.475736,5.634509,6.266885,22.174709,3.873997,12.585216,10.702928,0.497595,14.431229,55.446901
0.281725,24.316976,0.0,15.02752,12.350653,39.184851,22.082821,49.170293,11.938235,1.666131,4.246003,33.785136
0.331947,22.060733,79.613779,0.0,18.473341,26.84172,27.330637,15.714355,22.038467,14.067107,9.416256,39.153443
0.984056,10.814312,21.960507,6.512571,0.0,1.773613,3.771909,7.982867,7.127221,0.160888,0.476035,9.98844
0.448864,17.4276,59.421395,7.236477,5.256093,0.0,6.948877,27.760491,18.830832,1.045485,8.484029,22.378424
2.570293,5.299995,25.440277,12.498637,5.666723,14.423915,0.0,6.350619,9.05808,2.753197,2.929853,21.511085
0.437064,31.302571,152.05788,26.125725,9.043248,35.741611,8.711288,0.0,64.476323,23.074645,38.434552,41.068077
3.541568,48.705517,30.54108,42.133763,11.513357,43.676659,19.178736,69.087147,0.0,4.154181,30.202995,130.438264
0.0,0.053333,0.16,10.955293,0.068992,2.05632,0.108,37.841651,0.272213,0.0,29.458387,0.788003
0.42576,12.635331,44.213181,3.113419,3.210043,13.903085,8.236221,16.708173,19.532291,6.981035,0.0,26.962912
0.387589,127.202797,74.965232,67.22356,49.254171,69.731483,21.359907,81.815904,227.728189,2.331787,32.547755,0.0
