2203.213991
0.035101,1,2
0.07716,1,3
0.026667,1,4
0.103717,1,5
0.306395,1,8
0.026667,1,9
0.026667,1,11
0.173987,1,12
0.129787,2,1
5.059299,2,3
3.437867,2,4
8.973365,2,5
18.146653,2,6
3.319899,2,7
13.522267,2,8
7.258848,2,9
0.045731,2,10
10.949413,2,11
32.777376,2,12
0.146069,3,1
14.291368,3,2
5.586368,3,4
8.177381,3,5
47.112984,3,6
6.027064,3,7
30.941675,3,8
9.752416,3,9
1.200496,3,10
7.730533,3,11
23.57612,3,12
0.09984,4,1
5.508323,4,2
43.255139,4,3
19.805811,4,5
23.213269,4,6
17.281003,4,7
12.401715,4,8
20.732867,4,9
9.839053,4,10
26.964448,4,11
44.654032,4,12
2.770293,5,1
16.260888,5,2
7.928197,5,3
1.349277,5,4
2.412957,5,6
1.362885,5,7
15.833976,5,8
1.51524,5,9
0.026667,5,10
5.639792,5,11
2.28948,5,12
0.111069,6,1
7.114237,6,2
60.413037,6,3
7.129131,6,4
0.398488,6,5
3.373875,6,7
18.933085,6,8
18.332256,6,9
0.769872,6,10
20.069691,6,11
10.0684,6,12
0.026667,7,1
2.553768,7,2
10.983472,7,3
18.513992,7,4
5.873891,7,5
10.122797,7,6
3.291955,7,8
3.506509,7,9
2.176104,7,10
3.026493,7,11
7.068909,7,12
0.950443,8,1
27.452264,8,2
77.106957,8,3
18.240613,8,4
9.347808,8,5
18.180963,8,6
4.069141,8,7
39.116781,8,9
23.195085,8,10
33.700491,8,11
131.339096,8,12
1.574256,9,1
18.538237,9,2
29.340616,9,3
32.183712,9,4
4.171325,9,5
12.128877,9,6
11.287016,9,7
79.906085,9,8
1.566827,9,10
33.498611,9,11
63.664595,9,12
0.051043,10,2
3.493771,10,4
0.048496,10,5
0.322173,10,6
0.026667,10,7
31.492715,10,8
0.026667,10,9
38.129909,10,11
0.026667,10,12
9.666141,11,2
15.121427,11,3
12.794763,11,4
3.951357,11,5
10.723312,11,6
2.184547,11,7
22.471387,11,8
8.820624,11,9
8.310424,11,10
6.900923,11,12
8.330581,12,1
102.471712,12,2
153.016008,12,3
47.124901,12,4
35.646928,12,5
20.345,12,6
11.209251,12,7
55.958163,12,8
127.376883,12,9
2.906021,12,10
39.763541,12,11
succeed
0.0,0.035101,0.07716,0.026667,0.103717,0.0,0.0,0.306395,0.026667,0.0,0.026667,0.173987
0.129787,0.0,5.059299,3.437867,8.973365,18.146653,3.319899,13.522267,7.258848,0.045731,10.949413,32.777376
0.146069,14.291368,0.0,5.586368,8.177381,47.112984,6.027064,30.941675,9.752416,1.200496,7.730533,23.57612
0.09984,5.508323,43.255139,0.0,19.805811,23.213269,17.281003,12.401715,20.732867,9.839053,26.964448,44.654032
2.770293,16.260888,7.928197,1.349277,0.0,2.412957,1.362885,15.833976,1.51524,0.026667,5.639792,2.28948
0.111069,7.114237,60.413037,7.129131,0.398488,0.0,3.373875,18.933085,18.332256,0.769872,20.069691,10.0684
0.026667,2.553768,10.983472,18.513992,5.873891,10.122797,0.0,3.291955,3.506509,2.176104,3.026493,7.068909
0.950443,27.452264,77.106957,18.240613,9.347808,18.180963,4.069141,0.0,39.116781,23.195085,33.700491,131.339096
1.574256,18.538237,29.340616,32.183712,4.171325,12.128877,11.287016,79.906085,0.0,1.566827,33.498611,63.664595
0.0,0.051043,0.0,3.493771,0.048496,0.322173,0.026667,31.492715,0.026667,0.0,38.129909,0.026667
0.0,9.666141,15.121427,12.794763,3.951357,10.723312,2.184547,22.471387,8.820624,8.310424,0.0,6.900923
8.330581,102.471712,153.016008,47.124901,35.646928,20.345,11.209251,55.958163,127.376883,2.906021,39.763541,0.0
