2043.849336
0.026667,1,2
0.040749,1,3
0.092539,1,5
0.026667,1,6
0.358141,1,8
0.158435,1,11
0.19748,1,12
0.090357,2,1
2.986677,2,3
15.573048,2,4
0.391171,2,5
13.584424,2,6
0.440845,2,7
11.983081,2,8
2.365789,2,9
0.445175,2,10
3.334957,2,11
17.570805,2,12
0.053333,3,1
5.498592,3,2
13.771597,3,4
4.783037,3,5
36.216061,3,6
4.560629,3,7
63.140675,3,8
6.354843,3,9
0.346435,3,10
5.386203,3,11
12.192317,3,12
0.358464,4,1
1.098912,4,2
44.390299,4,3
17.126952,4,5
24.55084,4,6
24.067253,4,7
15.452603,4,8
31.443392,4,9
7.848704,4,10
16.488304,4,11
47.769496,4,12
2.871456,5,1
15.197624,5,2
14.596133,5,3
1.282941,5,4
2.142451,5,6
0.51312,5,7
3.971597,5,8
4.586563,5,9
0.348293,5,11
3.098056,5,12
0.238752,6,1
10.812872,6,2
59.04324,6,3
21.012139,6,4
2.047456,6,5
5.813059,6,7
43.912211,6,8
28.122064,6,9
0.202819,6,10
5.225768,6,11
20.206136,6,12
0.726888,7,2
21.79016,7,3
14.192907,7,4
3.888701,7,5
17.960221,7,6
6.65652,7,8
2.822957,7,9
1.398347,7,10
3.336539,7,11
7.551803,7,12
0.4932,8,1
21.249557,8,2
86.707701,8,3
12.755008,8,4
8.802429,8,5
27.226787,8,6
5.389752,8,7
30.771733,8,9
6.724531,8,10
27.296968,8,11
72.864245,8,12
0.109019,9,1
24.165539,9,2
32.087592,9,3
26.660125,9,4
13.396781,9,5
20.292291,9,6
9.904101,9,7
88.545784,9,8
0.388701,9,10
15.51832,9,11
38.667189,9,12
1.81272,10,2
0.515339,10,3
7.44652,10,4
0.029333,10,5
0.697883,10,6
0.026667,10,7
35.7974,10,8
0.177707,10,9
24.615144,10,11
0.026667,10,12
6.968045,11,2
16.586269,11,3
2.236792,11,4
0.775024,11,5
4.264907,11,6
1.865299,11,7
19.307683,11,8
8.985923,11,9
4.565832,11,10
2.920864,11,12
0.08,12,1
102.448413,12,2
55.405413,12,3
56.175776,12,4
16.920773,12,5
38.090933,12,6
18.583883,12,7
103.876195,12,8
126.413011,12,9
2.760099,12,10
35.319728,12,11
succeed
0.0,0.026667,0.040749,0.0,0.092539,0.026667,0.0,0.358141,0.0,0.0,0.158435,0.19748
0.090357,0.0,2.986677,15.573048,0.391171,13.584424,0.440845,11.983081,2.365789,0.445175,3.334957,17.570805
0.053333,5.498592,0.0,13.771597,4.783037,36.216061,4.560629,63.140675,6.354843,0.346435,5.386203,12.192317
0.358464,1.098912,44.390299,0.0,17.126952,24.55084,24.067253,15.452603,31.443392,7.848704,16.488304,47.769496
2.871456,15.197624,14.596133,1.282941,0.0,2.142451,0.51312,3.971597,4.586563,0.0,0.348293,3.098056
0.238752,10.812872,59.04324,21.012139,2.047456,0.0,5.813059,43.912211,28.122064,0.202819,5.225768,20.206136
0.0,0.726888,21.79016,14.192907,3.888701,17.960221,0.0,6.65652,2.822957,1.398347,3.336539,7.551803
0.4932,21.249557,86.707701,12.755008,8.802429,27.226787,5.389752,0.0,30.771733,6.724531,27.296968,72.864245
0.109019,24.165539,32.087592,26.660125,13.396781,20.292291,9.904101,88.545784,0.0,0.388701,15.51832,38.667189
0.0,1.81272,0.515339,7.44652,0.029333,0.697883,0.026667,35.7974,0.177707,0.0,24.615144,0.026667
0.0,6.968045,16.586269,2.236792,0.775024,4.264907,1.865299,19.307683,8.985923,4.565832,0.0,2.920864
0.08,102.448413,55.405413,56.175776,16.920773,38.090933,18.583883,103.876195,126.413011,2.760099,35.319728,0.0
