1831.407275
0.053333,1,2
0.045243,1,3
0.074181,1,5
0.0848,1,9
0.12492,1,11
0.08,1,12
0.047173,2,1
6.684936,2,3
5.158792,2,4
0.905533,2,5
13.970128,2,6
0.338243,2,7
6.768944,2,8
3.695024,2,9
0.057587,2,10
5.709413,2,11
23.999371,2,12
9.181299,3,2
8.917731,3,4
6.511752,3,5
30.106493,3,6
16.208984,3,7
28.377376,3,8
27.793352,3,9
0.422381,3,10
3.986776,3,11
9.98296,3,12
0.184115,4,1
14.957539,4,2
34.911811,4,3
22.017912,4,5
30.884163,4,6
13.517989,4,7
3.967261,4,8
11.776029,4,9
5.655675,4,10
4.86388,4,11
34.629304,4,12
1.847547,5,1
2.028011,5,2
13.566896,5,3
0.683331,5,4
3.677147,5,6
0.994787,5,7
5.486579,5,8
2.426656,5,9
0.026667,5,10
0.972675,5,11
6.240408,5,12
15.275109,6,2
41.891339,6,3
7.253221,6,4
3.421579,6,5
7.570152,6,7
11.734592,6,8
12.827376,6,9
0.305605,6,10
4.852344,6,11
12.590043,6,12
0.026667,7,1
6.783637,7,2
11.729776,7,3
5.429195,7,4
3.460107,7,5
20.968341,7,6
2.876541,7,8
13.125029,7,9
1.837248,7,10
1.263285,7,11
12.351272,7,12
0.852885,8,1
11.487568,8,2
54.046539,8,3
15.585645,8,4
2.548611,8,5
13.903888,8,6
4.157941,8,7
56.865949,8,9
21.531579,8,10
20.118221,8,11
125.743205,8,12
0.323269,9,1
13.042787,9,2
18.133552,9,3
22.499099,9,4
2.633779,9,5
22.011877,9,6
4.790456,9,7
48.015541,9,8
1.562013,9,10
19.951483,9,11
37.250509,9,12
0.053333,10,2
0.026667,10,3
1.893547,10,4
0.215269,10,6
47.192843,10,8
0.026667,10,9
35.954037,10,11
1.373488,11,1
7.280928,11,2
14.906821,11,3
2.005416,11,4
1.929285,11,5
5.343053,11,6
1.100491,11,7
9.694477,11,8
9.855645,11,9
14.454461,11,10
7.696771,11,12
0.351728,12,1
59.84932,12,2
38.301075,12,3
41.566235,12,4
18.951851,12,5
60.339739,12,6
28.72592,12,7
111.955725,12,8
143.205544,12,9
1.060893,12,10
26.864085,12,11
succeed
0.0,0.053333,0.045243,0.0,0.074181,0.0,0.0,0.0,0.0848,0.0,0.12492,0.08
0.047173,0.0,6.684936,5.158792,0.905533,13.970128,0.338243,6.768944,3.695024,0.057587,5.709413,23.999371
0.0,9.181299,0.0,8.917731,6.511752,30.106493,16.208984,28.377376,27.793352,0.422381,3.986776,9.98296
0.184115,14.957539,34.911811,0.0,22.017912,30.884163,13.517989,3.967261,11.776029,5.655675,4.86388,34.629304
1.847547,2.028011,13.566896,0.683331,0.0,3.677147,0.994787,5.486579,2.426656,0.026667,0.972675,6.240408
0.0,15.275109,41.891339,7.253221,3.421579,0.0,7.570152,11.734592,12.827376,0.305605,4.852344,12.590043
0.026667,6.783637,11.729776,5.429195,3.460107,20.968341,0.0,2.876541,13.125029,1.837248,1.263285,12.351272
0.852885,11.487568,54.046539,15.585645,2.548611,13.903888,4.157941,0.0,56.865949,21.531579,20.118221,125.743205
0.323269,13.042787,18.133552,22.499099,2.633779,22.011877,4.790456,48.015541,0.0,1.562013,19.951483,37.250509
0.0,0.053333,0.026667,1.893547,0.0,0.215269,0.0,47.192843,0.026667,0.0,35.954037,0.0
1.373488,7.280928,14.906821,2.005416,1.929285,5.343053,1.100491,9.694477,9.855645,14.454461,0.0,7.696771
0.351728,59.84932,38.301075,41.566235,18.951851,60.339739,28.72592,111.955725,143.205544,1.060893,26.864085,0.0
