3862.635948
1.274992,1,2
1.612224,1,3
0.026667,1,4
0.425091,1,5
1.192731,1,6
0.34996,1,7
1.034077,1,8
1.505941,1,9
0.19744,1,10
2.702405,1,12
0.502496,2,1
62.522936,2,3
10.459971,2,4
10.946421,2,5
20.198325,2,6
7.518504,2,7
22.110848,2,8
34.099243,2,9
2.129112,2,10
5.211392,2,11
92.456653,2,12
0.500525,3,1
35.438715,3,2
18.210288,3,4
28.395637,3,5
43.410312,3,6
25.206147,3,7
62.422627,3,8
26.806112,3,9
11.999301,3,10
17.836213,3,11
61.022699,3,12
0.042091,4,1
9.718589,4,2
66.508437,4,3
26.502739,4,5
33.95928,4,6
23.504648,4,7
15.752635,4,8
25.372437,4,9
14.600179,4,10
17.604229,4,11
77.930643,4,12
1.244112,5,1
4.876701,5,2
32.045512,5,3
3.218787,5,4
8.321552,5,6
6.22252,5,7
59.701779,5,8
8.271219,5,9
1.726552,5,10
2.669547,5,11
10.163152,5,12
0.572309,6,1
42.500077,6,2
106.35816,6,3
20.999693,6,4
7.645605,6,5
22.211432,6,7
34.92708,6,8
47.698085,6,9
9.000915,6,10
11.716853,6,11
55.343995,6,12
0.094365,7,1
4.742968,7,2
38.55996,7,3
32.997269,7,4
4.828827,7,5
16.024408,7,6
8.42428,7,8
7.93324,7,9
2.960803,7,10
5.581771,7,11
9.59504,7,12
1.220395,8,1
28.85584,8,2
173.88368,8,3
20.769493,8,4
22.659405,8,5
57.176549,8,6
21.613368,8,7
67.75312,8,9
17.044685,8,10
27.997845,8,11
100.508315,8,12
1.74164,9,1
46.39284,9,2
77.267467,9,3
46.642229,9,4
21.287403,9,5
72.116899,9,6
32.504648,9,7
93.832544,9,8
15.008187,9,10
35.071733,9,11
114.202232,9,12
0.026667,10,1
1.041021,10,2
6.504256,10,3
6.594291,10,4
1.062256,10,5
5.412267,10,6
0.836104,10,7
34.071043,10,8
4.322296,10,9
61.344717,10,11
5.117483,10,12
0.357976,11,1
14.780795,11,2
60.534456,11,3
17.042656,11,4
5.506016,11,5
25.667781,11,6
11.761419,11,7
49.398387,11,8
20.873928,11,9
9.674723,11,10
19.300608,11,12
0.714733,12,1
149.676893,12,2
109.239437,12,3
86.501731,12,4
37.044419,12,5
85.194043,12,6
32.908437,12,7
106.197293,12,8
177.777149,12,9
22.280867,12,10
47.918803,12,11
succeed
0.0,1.274992,1.612224,0.026667,0.425091,1.192731,0.34996,1.034077,1.505941,0.19744,0.0,2.702405
0.502496,0.0,62.522936,10.459971,10.946421,20.198325,7.518504,22.110848,34.099243,2.129112,5.211392,92.456653
0.500525,35.438715,0.0,18.210288,28.395637,43.410312,25.206147,62.422627,26.806112,11.999301,17.836213,61.022699
0.042091,9.718589,66.508437,0.0,26.502739,33.95928,23.504648,15.752635,25.372437,14.600179,17.604229,77.930643
1.244112,4.876701,32.045512,3.218787,0.0,8.321552,6.22252,59.701779,8.271219,1.726552,2.669547,10.163152
0.572309,42.500077,106.35816,20.999693,7.645605,0.0,22.211432,34.92708,47.698085,9.000915,11.716853,55.343995
0.094365,4.742968,38.55996,32.997269,4.828827,16.024408,0.0,8.42428,7.93324,2.960803,5.581771,9.59504
1.220395,28.85584,173.88368,20.769493,22.659405,57.176549,21.613368,0.0,67.75312,17.044685,27.997845,100.508315
1.74164,46.39284,77.267467,46.642229,21.287403,72.116899,32.504648,93.832544,0.0,15.008187,35.071733,114.202232
0.026667,1.041021,6.504256,6.594291,1.062256,5.412267,0.836104,34.071043,4.322296,0.0,61.344717,5.117483
0.357976,14.780795,60.534456,17.042656,5.506016,25.667781,11.761419,49.398387,20.873928,9.674723,0.0,19.300608
0.714733,149.676893,109.239437,86.501731,37.044419,85.194043,32.908437,106.197293,177.777149,22.280867,47.918803,0.0
