2120.783801
1.270205,1,3
0.127144,1,6
0.367357,1,7
0.095939,1,8
3.508211,1,9
0.053333,1,11
0.951048,1,12
0.134328,2,1
8.105176,2,3
6.057253,2,4
8.935589,2,5
15.792203,2,6
1.272352,2,7
13.017688,2,8
6.792077,2,9
0.054144,2,10
9.897653,2,11
17.328805,2,12
0.092795,3,1
24.406813,3,2
8.862773,3,4
12.708285,3,5
27.136331,3,6
8.69172,3,7
48.320824,3,8
7.649032,3,9
2.290211,3,10
4.325789,3,11
27.041131,3,12
0.475896,4,1
1.959995,4,2
68.029163,4,3
20.368125,4,5
28.0106,4,6
20.133861,4,7
9.604469,4,8
10.338795,4,9
5.925872,4,10
8.272216,4,11
43.046597,4,12
0.250963,5,1
4.561499,5,2
12.027677,5,3
2.45012,5,4
2.355123,5,6
2.897555,5,7
9.576723,5,8
2.091792,5,9
0.205357,5,10
3.264208,5,11
5.292483,5,12
0.668259,6,1
13.046419,6,2
68.597029,6,3
12.711981,6,4
4.202277,6,5
4.195053,6,7
12.524053,6,8
19.175517,6,9
4.427328,6,10
10.294152,6,11
22.823053,6,12
0.196227,7,1
4.214357,7,2
14.233368,7,3
9.459013,7,4
2.835819,7,5
14.292173,7,6
5.463459,7,8
4.613789,7,9
2.491544,7,10
7.662419,7,11
6.918347,7,12
0.367581,8,1
14.259323,8,2
70.280101,8,3
15.139933,8,4
6.180051,8,5
23.808536,8,6
8.470675,8,7
33.595133,8,9
18.087029,8,10
27.785763,8,11
82.711621,8,12
0.840173,9,1
28.019275,9,2
15.720277,9,3
27.080248,9,4
16.672669,9,5
33.120331,9,6
15.206035,9,7
44.748003,9,8
1.647925,9,10
11.735568,9,11
57.49496,9,12
0.287947,10,2
0.026667,10,3
1.603333,10,4
0.064939,10,5
0.199267,10,6
37.426893,10,8
0.108672,10,9
30.312416,10,11
0.269189,11,1
6.184101,11,2
7.051979,11,3
2.296933,11,4
0.552331,11,5
1.972837,11,6
0.815128,11,7
27.380619,11,8
5.941579,11,9
3.064136,11,10
8.147667,11,12
0.0912,12,1
81.57548,12,2
60.428869,12,3
87.339088,12,4
25.410968,12,5
49.276904,12,6
21.106683,12,7
187.890917,12,8
107.41224,12,9
3.098536,12,10
39.004139,12,11
succeed
0.0,0.0,1.270205,0.0,0.0,0.127144,0.367357,0.095939,3.508211,0.0,0.053333,0.951048
0.134328,0.0,8.105176,6.057253,8.935589,15.792203,1.272352,13.017688,6.792077,0.054144,9.897653,17.328805
0.092795,24.406813,0.0,8.862773,12.708285,27.136331,8.69172,48.320824,7.649032,2.290211,4.325789,27.041131
0.475896,1.959995,68.029163,0.0,20.368125,28.0106,20.133861,9.604469,10.338795,5.925872,8.272216,43.046597
0.250963,4.561499,12.027677,2.45012,0.0,2.355123,2.897555,9.576723,2.091792,0.205357,3.264208,5.292483
0.668259,13.046419,68.597029,12.711981,4.202277,0.0,4.195053,12.524053,19.175517,4.427328,10.294152,22.823053
0.196227,4.214357,14.233368,9.459013,2.835819,14.292173,0.0,5.463459,4.613789,2.491544,7.662419,6.918347
0.367581,14.259323,70.280101,15.139933,6.180051,23.808536,8.470675,0.0,33.595133,18.087029,27.785763,82.711621
0.840173,28.019275,15.720277,27.080248,16.672669,33.120331,15.206035,44.748003,0.0,1.647925,11.735568,57.49496
0.0,0.287947,0.026667,1.603333,0.064939,0.199267,0.0,37.426893,0.108672,0.0,30.312416,0.0
0.269189,6.184101,7.051979,2.296933,0.552331,1.972837,0.815128,27.380619,5.941579,3.064136,0.0,8.147667
0.0912,81.57548,60.428869,87.339088,25.410968,49.276904,21.106683,187.890917,107.41224,3.098536,39.004139,0.0
