2098.641094
0.184888,1,2
0.484696,1,3
0.026667,1,4
0.026667,1,5
0.053333,1,6
0.363507,1,7
0.750704,1,8
0.055893,1,9
0.585819,1,11
0.585117,1,12
0.261752,2,1
22.462517,2,3
7.137531,2,4
34.03284,2,5
17.850789,2,6
3.719533,2,7
18.379644,2,8
4.636376,2,9
0.395748,2,10
16.472405,2,11
47.380363,2,12
0.564195,3,1
29.723048,3,2
19.951405,3,4
7.161621,3,5
57.627704,3,6
12.526848,3,7
30.444811,3,8
11.001504,3,9
2.617331,3,10
21.644275,3,11
28.97296,3,12
0.257547,4,1
17.143405,4,2
41.347651,4,3
15.125741,4,5
10.842584,4,6
11.743405,4,7
11.315675,4,8
5.622797,4,9
10.473003,4,10
17.209499,4,11
21.415469,4,12
0.150741,5,1
7.270624,5,2
11.54504,5,3
2.246749,5,4
3.779579,5,6
2.63276,5,7
4.746093,5,8
3.290688,5,9
0.125821,5,10
11.066024,5,11
7.346859,5,12
0.102784,6,1
14.903331,6,2
48.885832,6,3
9.987872,6,4
4.491187,6,5
7.4668,6,7
8.812864,6,8
12.256208,6,9
0.660288,6,10
21.370283,6,11
26.015355,6,12
0.553491,7,1
3.483499,7,2
18.603696,7,3
12.263888,7,4
7.634891,7,5
13.879115,7,6
3.484813,7,8
6.851891,7,9
2.57752,7,10
12.374688,7,11
26.721195,7,12
0.567011,8,1
30.764,8,2
53.507381,8,3
23.088301,8,4
7.164464,8,5
21.891837,8,6
10.494155,8,7
28.085573,8,9
16.714256,8,10
48.339645,8,11
56.395672,8,12
1.943571,9,1
18.896211,9,2
25.946515,9,3
16.432723,9,4
6.947008,9,5
20.219749,9,6
14.584861,9,7
56.431256,9,8
1.604989,9,10
18.123995,9,11
60.192261,9,12
0.053333,10,3
20.832336,10,4
0.294109,10,6
0.026667,10,7
16.351731,10,8
0.095595,10,9
29.252899,10,11
0.026667,10,12
0.638171,11,1
18.352544,11,2
30.585061,11,3
11.341968,11,4
10.347739,11,5
18.245325,11,6
11.302365,11,7
14.761267,11,8
9.211187,11,9
3.169587,11,10
19.157128,11,12
0.136776,12,1
66.006408,12,2
50.58944,12,3
54.881931,12,4
23.910357,12,5
56.891288,12,6
14.753275,12,7
63.821528,12,8
84.929096,12,9
1.861189,12,10
50.316957,12,11
succeed
0.0,0.184888,0.484696,0.026667,0.026667,0.053333,0.363507,0.750704,0.055893,0.0,0.585819,0.585117
0.261752,0.0,22.462517,7.137531,34.03284,17.850789,3.719533,18.379644,4.636376,0.395748,16.472405,47.380363
0.564195,29.723048,0.0,19.951405,7.161621,57.627704,12.526848,30.444811,11.001504,2.617331,21.644275,28.97296
0.257547,17.143405,41.347651,0.0,15.125741,10.842584,11.743405,11.315675,5.622797,10.473003,17.209499,21.415469
0.150741,7.270624,11.54504,2.246749,0.0,3.779579,2.63276,4.746093,3.290688,0.125821,11.066024,7.346859
0.102784,14.903331,48.885832,9.987872,4.491187,0.0,7.4668,8.812864,12.256208,0.660288,21.370283,26.015355
0.553491,3.483499,18.603696,12.263888,7.634891,13.879115,0.0,3.484813,6.851891,2.57752,12.374688,26.721195
0.567011,30.764,53.507381,23.088301,7.164464,21.891837,10.494155,0.0,28.085573,16.714256,48.339645,56.395672
1.943571,18.896211,25.946515,16.432723,6.947008,20.219749,14.584861,56.431256,0.0,1.604989,18.123995,60.192261
0.0,0.0,0.053333,20.832336,0.0,0.294109,0.026667,16.351731,0.095595,0.0,29.252899,0.026667
0.638171,18.352544,30.585061,11.341968,10.347739,18.245325,11.302365,14.761267,9.211187,3.169587,0.0,19.157128
0.136776,66.006408,50.58944,54.881931,23.910357,56.891288,14.753275,63.821528,84.929096,1.861189,50.316957,0.0
