2772.11531
0.568053,1,3
0.026667,1,4
0.026667,1,7
0.098773,1,8
0.767464,1,9
0.330261,1,11
1.343264,1,12
0.171685,2,1
18.159373,2,3
3.119408,2,4
18.912875,2,5
14.166019,2,6
0.836184,2,7
14.003993,2,8
4.631365,2,9
0.414908,2,10
4.056083,2,11
44.68184,2,12
0.158496,3,1
13.953597,3,2
19.543432,3,4
7.350608,3,5
33.350627,3,6
7.911077,3,7
85.587187,3,8
78.035613,3,9
1.187672,3,10
9.878523,3,11
36.992213,3,12
0.249248,4,1
2.698691,4,2
60.832163,4,3
25.111493,4,5
31.350144,4,6
19.518859,4,7
11.558261,4,8
25.086869,4,9
9.011301,4,10
23.205067,4,11
47.499485,4,12
0.504483,5,1
6.691451,5,2
15.872411,5,3
1.960053,5,4
2.961397,5,6
1.309947,5,7
8.428677,5,8
5.880136,5,9
0.053333,5,10
3.182224,5,11
2.244915,5,12
0.026667,6,1
20.589112,6,2
51.552984,6,3
17.916461,6,4
1.585059,6,5
5.044429,6,7
40.581349,6,8
20.262563,6,9
1.345581,6,10
14.26324,6,11
9.237731,6,12
0.026667,7,1
1.313224,7,2
20.669035,7,3
4.467752,7,4
2.578579,7,5
11.371605,7,6
7.203037,7,8
7.473043,7,9
0.224923,7,10
0.978565,7,11
9.170765,7,12
5.37996,8,1
24.467528,8,2
102.046291,8,3
18.962501,8,4
8.937371,8,5
25.514085,8,6
14.865115,8,7
81.815256,8,9
20.613683,8,10
31.358373,8,11
112.540613,8,12
0.135011,9,1
42.000432,9,2
54.715056,9,3
42.223677,9,4
10.162888,9,5
49.570131,9,6
17.709032,9,7
108.468765,9,8
4.471683,9,10
24.155245,9,11
99.102957,9,12
0.026667,10,2
0.891213,10,3
2.014187,10,4
0.127147,10,5
1.19088,10,6
0.116005,10,7
45.845573,10,8
0.282112,10,9
51.204187,10,11
0.283616,10,12
0.413744,11,1
8.157736,11,2
15.161933,11,3
3.951787,11,4
4.623141,11,5
7.51308,11,6
4.038128,11,7
34.840843,11,8
12.798683,11,9
12.060747,11,10
17.449381,11,12
0.053333,12,1
120.090648,12,2
70.768123,12,3
75.783344,12,4
12.878427,12,5
58.020699,12,6
11.360875,12,7
131.388653,12,8
143.98324,12,9
6.138064,12,10
46.086555,12,11
succeed
0.0,0.0,0.568053,0.026667,0.0,0.0,0.026667,0.098773,0.767464,0.0,0.330261,1.343264
0.171685,0.0,18.159373,3.119408,18.912875,14.166019,0.836184,14.003993,4.631365,0.414908,4.056083,44.68184
0.158496,13.953597,0.0,19.543432,7.350608,33.350627,7.911077,85.587187,78.035613,1.187672,9.878523,36.992213
0.249248,2.698691,60.832163,0.0,25.111493,31.350144,19.518859,11.558261,25.086869,9.011301,23.205067,47.499485
0.504483,6.691451,15.872411,1.960053,0.0,2.961397,1.309947,8.428677,5.880136,0.053333,3.182224,2.244915
0.026667,20.589112,51.552984,17.916461,1.585059,0.0,5.044429,40.581349,20.262563,1.345581,14.26324,9.237731
0.026667,1.313224,20.669035,4.467752,2.578579,11.371605,0.0,7.203037,7.473043,0.224923,0.978565,9.170765
5.37996,24.467528,102.046291,18.962501,8.937371,25.514085,14.865115,0.0,81.815256,20.613683,31.358373,112.540613
0.135011,42.000432,54.715056,42.223677,10.162888,49.570131,17.709032,108.468765,0.0,4.471683,24.155245,99.102957
0.0,0.026667,0.891213,2.014187,0.127147,1.19088,0.116005,45.845573,0.282112,0.0,51.204187,0.283616
0.413744,8.157736,15.161933,3.951787,4.623141,7.51308,4.038128,34.840843,12.798683,12.060747,0.0,17.449381
0.053333,120.090648,70.768123,75.783344,12.878427,58.020699,11.360875,131.388653,143.98324,6.138064,46.086555,0.0
