3272.663393
0.464763,1,2
0.718504,1,3
0.026667,1,4
0.307368,1,5
0.965107,1,6
0.081749,1,7
0.444385,1,8
0.224515,1,9
0.180585,1,10
0.060672,1,11
0.821915,1,12
1.066419,2,1
18.570837,2,3
10.450109,2,4
13.659645,2,5
25.589731,2,6
9.93752,2,7
22.490207,2,8
11.565704,2,9
1.726764,2,10
8.709584,2,11
72.227459,2,12
0.336061,3,1
30.743813,3,2
33.719928,3,4
14.713931,3,5
43.191243,3,6
14.072877,3,7
79.922883,3,8
17.844909,3,9
3.534195,3,10
8.352459,3,11
33.622827,3,12
0.247693,4,1
5.160069,4,2
54.377075,4,3
24.055419,4,5
47.582189,4,6
27.336501,4,7
49.115227,4,8
25.650509,4,9
19.463587,4,10
22.480613,4,11
43.83848,4,12
2.998363,5,1
18.123523,5,2
23.003389,5,3
2.092584,5,4
4.520099,5,6
3.546312,5,7
7.240915,5,8
7.218229,5,9
1.695856,5,10
2.129619,5,11
5.710808,5,12
1.522763,6,1
29.053427,6,2
88.652541,6,3
16.737717,6,4
17.812781,6,5
17.193568,6,7
38.569352,6,8
48.931984,6,9
2.944941,6,10
24.849053,6,11
43.815739,6,12
0.11532,7,1
6.819397,7,2
25.646445,7,3
10.509189,7,4
10.281501,7,5
11.527261,7,6
7.477064,7,8
5.472072,7,9
2.622709,7,10
5.29704,7,11
13.606704,7,12
0.336592,8,1
29.989469,8,2
124.66148,8,3
39.894885,8,4
22.403259,8,5
18.907563,8,6
9.743757,8,7
55.888472,8,9
13.621059,8,10
42.301136,8,11
55.520936,8,12
2.06276,9,1
54.751875,9,2
106.118488,9,3
27.336408,9,4
26.938744,9,5
47.050221,9,6
20.346723,9,7
105.045757,9,8
3.790197,9,10
22.307547,9,11
127.867499,9,12
2.869307,10,1
0.172328,10,2
0.149971,10,3
16.895336,10,4
0.198736,10,5
4.014197,10,6
0.425608,10,7
27.860597,10,8
0.314795,10,9
29.200571,10,11
0.395371,10,12
0.292691,11,1
13.214667,11,2
20.424232,11,3
5.879496,11,4
4.276011,11,5
25.599037,11,6
10.259664,11,7
36.955435,11,8
16.181568,11,9
16.328323,11,10
26.138043,11,12
2.373971,12,1
139.727027,12,2
131.338755,12,3
66.7164,12,4
27.427397,12,5
64.890859,12,6
28.143048,12,7
88.624224,12,8
153.350328,12,9
5.647883,12,10
42.101728,12,11
succeed
0.0,0.464763,0.718504,0.026667,0.307368,0.965107,0.081749,0.444385,0.224515,0.180585,0.060672,0.821915
1.066419,0.0,18.570837,10.450109,13.659645,25.589731,9.93752,22.490207,11.565704,1.726764,8.709584,72.227459
0.336061,30.743813,0.0,33.719928,14.713931,43.191243,14.072877,79.922883,17.844909,3.534195,8.352459,33.622827
0.247693,5.160069,54.377075,0.0,24.055419,47.582189,27.336501,49.115227,25.650509,19.463587,22.480613,43.83848
2.998363,18.123523,23.003389,2.092584,0.0,4.520099,3.546312,7.240915,7.218229,1.695856,2.129619,5.710808
1.522763,29.053427,88.652541,16.737717,17.812781,0.0,17.193568,38.569352,48.931984,2.944941,24.849053,43.815739
0.11532,6.819397,25.646445,10.509189,10.281501,11.527261,0.0,7.477064,5.472072,2.622709,5.29704,13.606704
0.336592,29.989469,124.66148,39.894885,22.403259,18.907563,9.743757,0.0,55.888472,13.621059,42.301136,55.520936
2.06276,54.751875,106.118488,27.336408,26.938744,47.050221,20.346723,105.045757,0.0,3.790197,22.307547,127.867499
2.869307,0.172328,0.149971,16.895336,0.198736,4.014197,0.425608,27.860597,0.314795,0.0,29.200571,0.395371
0.292691,13.214667,20.424232,5.879496,4.276011,25.599037,10.259664,36.955435,16.181568,16.328323,0.0,26.138043
2.373971,139.727027,131.338755,66.7164,27.427397,64.890859,28.143048,88.624224,153.350328,5.647883,42.101728,0.0
