2454.106343
1.014872,1,2
0.177728,1,3
0.028328,1,5
0.061291,1,6
0.026667,1,7
0.89504,1,8
0.481344,1,9
0.184811,1,12
0.049365,2,1
3.403696,2,3
2.751643,2,4
23.172765,2,5
18.738653,2,6
1.129381,2,7
683.725093,2,8
3.291464,2,9
3.57968,2,11
30.053803,2,12
0.026667,3,1
12.945923,3,2
24.840643,3,4
4.599229,3,5
25.716651,3,6
10.396091,3,7
51.790555,3,8
2.142152,3,9
0.2016,3,10
11.215861,3,11
10.846389,3,12
0.04496,4,1
5.223597,4,2
29.571123,4,3
15.876051,4,5
35.68924,4,6
18.644141,4,7
15.104779,4,8
10.691867,4,9
8.595605,4,10
25.979152,4,11
36.125061,4,12
0.166507,5,1
19.601571,5,2
4.138045,5,3
3.204709,5,4
0.506541,5,6
1.257571,5,7
2.912848,5,8
1.209016,5,9
0.659141,5,11
1.991483,5,12
3.710395,6,1
14.215627,6,2
48.455117,6,3
11.014421,6,4
0.487987,6,5
3.012459,6,7
33.035517,6,8
10.700757,6,9
0.382571,6,10
3.621859,6,11
10.54816,6,12
1.604336,7,2
12.030701,7,3
5.86572,7,4
5.614837,7,5
13.189955,7,6
3.052717,7,8
2.680608,7,9
1.880152,7,10
3.194901,7,11
7.322453,7,12
0.434789,8,1
20.513139,8,2
57.462195,8,3
6.66404,8,4
2.172293,8,5
8.498808,8,6
4.796848,8,7
23.765344,8,9
7.474715,8,10
30.271283,8,11
44.140613,8,12
0.060611,9,1
22.996763,9,2
21.578904,9,3
20.267773,9,4
3.343968,9,5
27.200331,9,6
7.629544,9,7
53.142541,9,8
0.631667,9,10
22.011051,9,11
27.106896,9,12
0.026667,10,2
0.106667,10,3
10.183544,10,4
0.036587,10,5
2.273051,10,6
17.307995,10,8
2.442571,10,9
18.895645,10,11
0.063957,10,12
8.587501,11,2
10.618165,11,3
3.957275,11,4
1.601373,11,5
4.055336,11,6
2.304653,11,7
15.990933,11,8
3.606472,11,9
4.031024,11,10
4.482811,11,12
0.026667,12,1
86.233419,12,2
61.597939,12,3
53.674595,12,4
14.246595,12,5
42.958987,12,6
109.86272,12,7
37.338256,12,8
127.402981,12,9
4.779859,12,10
32.946339,12,11
succeed
0.0,1.014872,0.177728,0.0,0.028328,0.061291,0.026667,0.89504,0.481344,0.0,0.0,0.184811
0.049365,0.0,3.403696,2.751643,23.172765,18.738653,1.129381,683.725093,3.291464,0.0,3.57968,30.053803
0.026667,12.945923,0.0,24.840643,4.599229,25.716651,10.396091,51.790555,2.142152,0.2016,11.215861,10.846389
0.04496,5.223597,29.571123,0.0,15.876051,35.68924,18.644141,15.104779,10.691867,8.595605,25.979152,36.125061
0.166507,19.601571,4.138045,3.204709,0.0,0.506541,1.257571,2.912848,1.209016,0.0,0.659141,1.991483
3.710395,14.215627,48.455117,11.014421,0.487987,0.0,3.012459,33.035517,10.700757,0.382571,3.621859,10.54816
0.0,1.604336,12.030701,5.86572,5.614837,13.189955,0.0,3.052717,2.680608,1.880152,3.194901,7.322453
0.434789,20.513139,57.462195,6.66404,2.172293,8.498808,4.796848,0.0,23.765344,7.474715,30.271283,44.140613
0.060611,22.996763,21.578904,20.267773,3.343968,27.200331,7.629544,53.142541,0.0,0.631667,22.011051,27.106896
0.0,0.026667,0.106667,10.183544,0.036587,2.273051,0.0,17.307995,2.442571,0.0,18.895645,0.063957
0.0,8.587501,10.618165,3.957275,1.601373,4.055336,2.304653,15.990933,3.606472,4.031024,0.0,4.482811
0.026667,86.233419,61.597939,53.674595,14.246595,42.958987,109.86272,37.338256,127.402981,4.779859,32.946339,0.0
