3752.548284
1.090528,1,2
1.124797,1,3
0.150541,1,5
0.505347,1,6
0.178573,1,7
0.144448,1,8
0.9026,1,9
0.027653,1,10
2.348771,1,11
0.998915,1,12
0.786285,2,1
18.685067,2,3
3.807981,2,4
29.088245,2,5
32.142933,2,6
7.553219,2,7
18.680089,2,8
13.010811,2,9
1.500847,2,10
29.517739,2,11
65.972896,2,12
1.142765,3,1
45.542349,3,2
10.396016,3,4
14.967464,3,5
128.915651,3,6
15.997517,3,7
70.252928,3,8
16.157992,3,9
12.280811,3,10
38.921712,3,11
43.584637,3,12
0.3246,4,1
9.196371,4,2
58.834416,4,3
20.088848,4,5
21.910893,4,6
28.440224,4,7
19.356387,4,8
20.490795,4,9
20.223971,4,10
42.232027,4,11
35.981211,4,12
2.598211,5,1
10.330133,5,2
16.984589,5,3
3.290077,5,4
4.849712,5,6
5.03408,5,7
4.243656,5,8
2.414163,5,9
0.519312,5,10
14.624149,5,11
6.814613,5,12
0.535328,6,1
28.997512,6,2
103.563059,6,3
8.953381,6,4
7.113621,6,5
14.735235,6,7
13.979699,6,8
24.111451,6,9
2.794179,6,10
37.245773,6,11
37.503792,6,12
0.820309,7,1
9.264011,7,2
26.876941,7,3
11.472627,7,4
4.986712,7,5
25.04172,7,6
14.074051,7,8
3.270731,7,9
3.446275,7,10
15.782587,7,11
15.683112,7,12
0.714627,8,1
24.719053,8,2
113.973221,8,3
20.326293,8,4
21.939328,8,5
26.294171,8,6
12.227683,8,7
35.600069,8,9
18.42052,8,10
65.227096,8,11
77.846067,8,12
2.083381,9,1
40.30616,9,2
52.991603,9,3
18.728619,9,4
16.918883,9,5
27.724531,9,6
23.267664,9,7
67.521221,9,8
5.032707,9,10
24.654203,9,11
97.931181,9,12
0.363325,10,3
19.382752,10,4
0.124672,10,5
0.606547,10,6
0.053333,10,7
23.697717,10,8
0.192496,10,9
27.037336,10,11
0.418709,10,12
6.20468,11,1
75.639453,11,2
99.825501,11,3
79.4336,11,4
37.812437,11,5
94.399197,11,6
68.928912,11,7
16.739392,11,8
23.592701,11,9
11.09236,11,10
106.428088,11,12
2.467349,12,1
151.344355,12,2
100.6832,12,3
131.539344,12,4
37.863891,12,5
72.285984,12,6
26.696459,12,7
79.502864,12,8
201.932331,12,9
12.427099,12,10
63.971248,12,11
succeed
0.0,1.090528,1.124797,0.0,0.150541,0.505347,0.178573,0.144448,0.9026,0.027653,2.348771,0.998915
0.786285,0.0,18.685067,3.807981,29.088245,32.142933,7.553219,18.680089,13.010811,1.500847,29.517739,65.972896
1.142765,45.542349,0.0,10.396016,14.967464,128.915651,15.997517,70.252928,16.157992,12.280811,38.921712,43.584637
0.3246,9.196371,58.834416,0.0,20.088848,21.910893,28.440224,19.356387,20.490795,20.223971,42.232027,35.981211
2.598211,10.330133,16.984589,3.290077,0.0,4.849712,5.03408,4.243656,2.414163,0.519312,14.624149,6.814613
0.535328,28.997512,103.563059,8.953381,7.113621,0.0,14.735235,13.979699,24.111451,2.794179,37.245773,37.503792
0.820309,9.264011,26.876941,11.472627,4.986712,25.04172,0.0,14.074051,3.270731,3.446275,15.782587,15.683112
0.714627,24.719053,113.973221,20.326293,21.939328,26.294171,12.227683,0.0,35.600069,18.42052,65.227096,77.846067
2.083381,40.30616,52.991603,18.728619,16.918883,27.724531,23.267664,67.521221,0.0,5.032707,24.654203,97.931181
0.0,0.0,0.363325,19.382752,0.124672,0.606547,0.053333,23.697717,0.192496,0.0,27.037336,0.418709
6.20468,75.639453,99.825501,79.4336,37.812437,94.399197,68.928912,16.739392,23.592701,11.09236,0.0,106.428088
2.467349,151.344355,100.6832,131.539344,37.863891,72.285984,26.696459,79.502864,201.932331,12.427099,63.971248,0.0
