3149.146112
0.262629,1,2
0.406008,1,3
0.649816,1,5
0.903901,1,6
0.221547,1,7
0.265493,1,9
0.691656,1,12
20.799379,2,3
0.044341,2,4
31.730293,2,5
23.485227,2,6
3.825003,2,7
12.948757,2,9
0.028179,2,10
1.616995,2,11
51.156235,2,12
47.178669,3,2
20.433997,3,4
78.671477,3,5
102.477392,3,6
14.549317,3,7
0.189525,3,8
47.398112,3,9
0.631237,3,11
35.012491,3,12
8.273539,4,2
57.845531,4,3
41.975605,4,5
25.114344,4,6
24.065856,4,7
0.026667,4,8
15.881752,4,9
14.135947,4,10
6.300472,4,11
36.163635,4,12
35.301101,5,2
1.590243,5,3
0.085,5,4
4.855907,5,9
0.052139,5,10
0.053333,5,11
97.860299,5,12
23.243827,6,2
139.382973,6,3
9.432688,6,4
67.397395,6,5
6.435269,6,7
55.280429,6,9
0.271013,6,10
1.702085,6,11
47.321085,6,12
4.479795,7,2
27.520893,7,3
4.418592,7,4
18.190464,7,5
15.348507,7,6
0.026667,7,8
5.863048,7,9
0.302896,7,11
11.933032,7,12
24.594616,8,2
7.96288,8,3
33.122045,8,4
170.597259,8,5
0.369408,8,6
0.301813,8,7
80.925701,8,9
5.700365,8,10
21.012435,8,11
90.207523,8,12
37.295741,9,2
94.689437,9,3
40.713061,9,4
89.824019,9,5
47.231779,9,6
19.119776,9,7
0.142293,9,8
1.706053,9,11
150.090928,9,12
0.201261,10,2
13.602731,10,3
2.654888,10,4
2.469581,10,5
0.254173,10,7
40.917432,10,8
3.872368,10,9
38.052968,10,11
0.259744,10,12
8.845933,11,2
1.960736,11,3
7.249731,11,4
23.6188,11,5
0.073195,11,6
5.259557,11,7
20.927965,11,8
8.62692,11,9
2.172883,11,10
16.554419,11,12
133.987715,12,2
106.841165,12,3
12.349339,12,4
243.410053,12,5
50.272661,12,6
19.099069,12,7
0.053333,12,8
156.850144,12,9
9.390512,12,11
succeed
0.0,0.262629,0.406008,0.0,0.649816,0.903901,0.221547,0.0,0.265493,0.0,0.0,0.691656
0.0,0.0,20.799379,0.044341,31.730293,23.485227,3.825003,0.0,12.948757,0.028179,1.616995,51.156235
0.0,47.178669,0.0,20.433997,78.671477,102.477392,14.549317,0.189525,47.398112,0.0,0.631237,35.012491
0.0,8.273539,57.845531,0.0,41.975605,25.114344,24.065856,0.026667,15.881752,14.135947,6.300472,36.163635
0.0,35.301101,1.590243,0.085,0.0,0.0,0.0,0.0,4.855907,0.052139,0.053333,97.860299
0.0,23.243827,139.382973,9.432688,67.397395,0.0,6.435269,0.0,55.280429,0.271013,1.702085,47.321085
0.0,4.479795,27.520893,4.418592,18.190464,15.348507,0.0,0.026667,5.863048,0.0,0.302896,11.933032
0.0,24.594616,7.96288,33.122045,170.597259,0.369408,0.301813,0.0,80.925701,5.700365,21.012435,90.207523
0.0,37.295741,94.689437,40.713061,89.824019,47.231779,19.119776,0.142293,0.0,0.0,1.706053,150.090928
0.0,0.201261,13.602731,2.654888,2.469581,0.0,0.254173,40.917432,3.872368,0.0,38.052968,0.259744
0.0,8.845933,1.960736,7.249731,23.6188,0.073195,5.259557,20.927965,8.62692,2.172883,0.0,16.554419
0.0,133.987715,106.841165,12.349339,243.410053,50.272661,19.099069,0.053333,156.850144,0.0,9.390512,0.0
