1624.9610969999999
0.026667,1,2
0.102088,1,3
0.026667,1,5
0.026667,1,6
1.596459,1,7
0.192227,1,8
0.026667,1,10
0.026667,1,11
0.482485,1,12
0.142904,2,1
2.229413,2,3
3.456128,2,4
37.300336,2,5
9.847051,2,6
0.561987,2,7
19.339755,2,8
3.729571,2,9
0.013333,2,10
5.470336,2,11
27.723853,2,12
11.261533,3,2
3.821381,3,4
8.204264,3,5
45.735531,3,6
6.524155,3,7
21.150936,3,8
6.436205,3,9
0.300725,3,10
6.520923,3,11
20.652064,3,12
0.07488,4,1
4.411984,4,2
42.151547,4,3
17.09376,4,5
23.034664,4,6
19.817744,4,7
11.601581,4,8
9.421203,4,9
6.024715,4,10
9.519627,4,11
40.546088,4,12
0.827992,5,1
27.374792,5,2
7.668459,5,3
0.807648,5,4
1.185581,5,6
0.697851,5,7
6.702067,5,8
4.719461,5,9
0.411096,5,11
1.959307,5,12
6.793829,6,2
37.613648,6,3
4.38384,6,4
1.363133,6,5
2.496928,6,7
11.661323,6,8
18.684091,6,9
2.427083,6,10
3.935781,6,11
18.226997,6,12
0.053333,7,1
4.691629,7,2
15.678397,7,3
3.313213,7,4
2.218507,7,5
14.580469,7,6
4.493392,7,8
0.736755,7,9
1.292,7,10
2.058739,7,11
10.627016,7,12
0.026667,8,1
15.200355,8,2
54.249213,8,3
16.971376,8,4
4.822632,8,5
17.34496,8,6
2.554349,8,7
23.074493,8,9
18.309283,8,10
15.660501,8,11
11.769739,8,12
0.200752,9,1
14.98952,9,2
20.884709,9,3
21.997301,9,4
6.8216,9,5
13.664579,9,6
5.862765,9,7
52.6,9,8
3.215808,9,10
16.677037,9,11
31.966131,9,12
0.026667,10,3
8.783765,10,4
0.026667,10,5
0.226611,10,6
28.187248,10,8
0.429067,10,9
39.819568,10,11
0.132896,10,12
5.975941,11,2
15.734408,11,3
1.846517,11,4
2.943371,11,5
6.048893,11,6
2.092176,11,7
10.377851,11,8
7.144104,11,9
9.721856,11,10
6.836157,11,12
0.233579,12,1
90.641211,12,2
74.534032,12,3
40.773552,12,4
21.189123,12,5
47.705829,12,6
11.608648,12,7
34.974288,12,8
123.857643,12,9
1.267552,12,10
16.646979,12,11
succeed
0.0,0.026667,0.102088,0.0,0.026667,0.026667,1.596459,0.192227,0.0,0.026667,0.026667,0.482485
0.142904,0.0,2.229413,3.456128,37.300336,9.847051,0.561987,19.339755,3.729571,0.013333,5.470336,27.723853
0.0,11.261533,0.0,3.821381,8.204264,45.735531,6.524155,21.150936,6.436205,0.300725,6.520923,20.652064
0.07488,4.411984,42.151547,0.0,17.09376,23.034664,19.817744,11.601581,9.421203,6.024715,9.519627,40.546088
0.827992,27.374792,7.668459,0.807648,0.0,1.185581,0.697851,6.702067,4.719461,0.0,0.411096,1.959307
0.0,6.793829,37.613648,4.38384,1.363133,0.0,2.496928,11.661323,18.684091,2.427083,3.935781,18.226997
0.053333,4.691629,15.678397,3.313213,2.218507,14.580469,0.0,4.493392,0.736755,1.292,2.058739,10.627016
0.026667,15.200355,54.249213,16.971376,4.822632,17.34496,2.554349,0.0,23.074493,18.309283,15.660501,11.769739
0.200752,14.98952,20.884709,21.997301,6.8216,13.664579,5.862765,52.6,0.0,3.215808,16.677037,31.966131
0.0,0.0,0.026667,8.783765,0.026667,0.226611,0.0,28.187248,0.429067,0.0,39.819568,0.132896
0.0,5.975941,15.734408,1.846517,2.943371,6.048893,2.092176,10.377851,7.144104,9.721856,0.0,6.836157
0.233579,90.641211,74.534032,40.773552,21.189123,47.705829,11.608648,34.974288,123.857643,1.267552,16.646979,0.0
