4367.739359
2.400952,1,2
1.09208,1,3
0.026667,1,4
1.868616,1,5
0.289547,1,6
0.195512,1,7
3.854771,1,9
0.029515,1,11
1.480888,1,12
34.079424,2,3
47.493368,2,5
24.613299,2,6
5.576651,2,7
0.345717,2,8
19.083147,2,9
0.026667,2,10
0.492608,2,11
54.022048,2,12
39.238667,3,2
36.991163,3,4
113.683464,3,5
121.786421,3,6
15.578069,3,7
42.916925,3,9
1.870517,3,11
39.322584,3,12
16.522224,4,2
82.291824,4,3
46.935701,4,5
26.888288,4,6
21.61368,4,7
0.146656,4,8
18.87672,4,9
14.730539,4,10
14.985853,4,11
53.678453,4,12
44.189187,5,2
2.015323,5,3
0.026667,5,6
0.08,5,7
16.491133,5,9
0.026667,5,10
0.147552,5,11
219.017483,5,12
33.34104,6,2
184.306043,6,3
23.941712,6,4
96.379512,6,5
22.238773,6,7
0.026667,6,8
88.013731,6,9
0.402515,6,10
0.932051,6,11
120.263363,6,12
7.429536,7,2
42.984059,7,3
5.975149,7,4
16.433365,7,5
19.448856,7,6
0.665104,7,8
19.420717,7,9
0.026667,7,10
0.808056,7,11
18.253357,7,12
33.476493,8,2
6.507045,8,3
24.751259,8,4
242.993893,8,5
0.468539,8,6
0.348696,8,7
119.929277,8,9
16.53908,8,10
34.302064,8,11
203.187171,8,12
72.404536,9,2
118.793096,9,3
45.656549,9,4
180.948165,9,5
68.694912,9,6
21.219213,9,7
0.333904,9,8
0.026667,9,10
4.293976,9,11
219.377955,9,12
0.247592,10,2
0.026667,10,3
1.568104,10,4
4.046243,10,5
0.026667,10,6
0.343699,10,7
62.026189,10,8
3.428696,10,9
51.878445,10,11
1.546475,10,12
10.562547,11,2
2.388752,11,3
12.650451,11,4
46.637992,11,5
0.134739,11,6
5.065931,11,7
31.340413,11,8
19.051259,11,9
12.422835,11,10
17.243453,11,12
105.118741,12,2
132.289189,12,3
14.536368,12,4
274.781493,12,5
42.215139,12,6
20.287435,12,7
0.21976,12,8
188.928696,12,9
0.099432,12,10
4.059957,12,11
succeed
0.0,2.400952,1.09208,0.026667,1.868616,0.289547,0.195512,0.0,3.854771,0.0,0.029515,1.480888
0.0,0.0,34.079424,0.0,47.493368,24.613299,5.576651,0.345717,19.083147,0.026667,0.492608,54.022048
0.0,39.238667,0.0,36.991163,113.683464,121.786421,15.578069,0.0,42.916925,0.0,1.870517,39.322584
0.0,16.522224,82.291824,0.0,46.935701,26.888288,21.61368,0.146656,18.87672,14.730539,14.985853,53.678453
0.0,44.189187,2.015323,0.0,0.0,0.026667,0.08,0.0,16.491133,0.026667,0.147552,219.017483
0.0,33.34104,184.306043,23.941712,96.379512,0.0,22.238773,0.026667,88.013731,0.402515,0.932051,120.263363
0.0,7.429536,42.984059,5.975149,16.433365,19.448856,0.0,0.665104,19.420717,0.026667,0.808056,18.253357
0.0,33.476493,6.507045,24.751259,242.993893,0.468539,0.348696,0.0,119.929277,16.53908,34.302064,203.187171
0.0,72.404536,118.793096,45.656549,180.948165,68.694912,21.219213,0.333904,0.0,0.026667,4.293976,219.377955
0.0,0.247592,0.026667,1.568104,4.046243,0.026667,0.343699,62.026189,3.428696,0.0,51.878445,1.546475
0.0,10.562547,2.388752,12.650451,46.637992,0.134739,5.065931,31.340413,19.051259,12.422835,0.0,17.243453
0.0,105.118741,132.289189,14.536368,274.781493,42.215139,20.287435,0.21976,188.928696,0.099432,4.059957,0.0
