3801.305229
0.349136,1,2
0.663728,1,3
0.2286,1,4
0.177376,1,5
0.204707,1,6
0.75624,1,7
0.602949,1,8
0.344629,1,9
0.026667,1,10
0.047333,1,11
3.961171,1,12
0.370381,2,1
20.445485,2,3
5.851803,2,4
3.908664,2,5
21.462941,2,6
4.973077,2,7
12.130251,2,8
16.124435,2,9
0.834429,2,10
5.624515,2,11
87.110072,2,12
0.48196,3,1
19.843832,3,2
23.509987,3,4
32.428227,3,5
74.869093,3,6
34.408312,3,7
52.866771,3,8
29.702061,3,9
3.704013,3,10
7.318211,3,11
73.722696,3,12
0.508131,4,1
8.125757,4,2
82.028795,4,3
10.342088,4,5
35.88512,4,6
29.154715,4,7
5.351597,4,8
20.566741,4,9
10.461859,4,10
12.617243,4,11
46.430805,4,12
0.535373,5,1
3.751269,5,2
30.411355,5,3
7.110819,5,4
7.314709,5,6
5.534867,5,7
20.625635,5,8
5.700195,5,9
1.122749,5,10
6.523789,5,11
9.829416,5,12
1.140763,6,1
51.279829,6,2
197.639067,6,3
20.148112,6,4
15.708752,6,5
20.554912,6,7
31.795709,6,8
51.560331,6,9
1.139629,6,10
15.204189,6,11
48.484475,6,12
1.021301,7,1
6.932379,7,2
39.293552,7,3
9.860445,7,4
4.620435,7,5
17.60628,7,6
10.1578,7,8
9.430187,7,9
0.772365,7,10
1.969117,7,11
9.632637,7,12
3.313771,8,1
23.099611,8,2
171.794853,8,3
21.300699,8,4
18.520621,8,5
35.377805,8,6
21.433459,8,7
97.035565,8,9
16.799307,8,10
29.887299,8,11
115.111587,8,12
2.307888,9,1
35.032549,9,2
74.564456,9,3
35.320733,9,4
13.487283,9,5
62.792893,9,6
24.167451,9,7
65.120093,9,8
6.859523,9,10
26.576149,9,11
223.226725,9,12
0.053333,10,1
0.666125,10,2
6.968403,10,3
5.517976,10,4
1.138405,10,5
5.471667,10,6
0.266499,10,7
43.435725,10,8
1.028672,10,9
55.894117,10,11
1.422555,10,12
0.131277,11,1
13.791443,11,2
38.539069,11,3
5.751597,11,4
3.389733,11,5
9.863477,11,6
5.53004,11,7
54.829149,11,8
12.642781,11,9
5.321952,11,10
13.657283,11,12
2.219541,12,1
157.87092,12,2
133.822613,12,3
50.256328,12,4
33.876019,12,5
77.075291,12,6
29.091296,12,7
111.689869,12,8
294.25416,12,9
3.70592,12,10
34.062629,12,11
succeed
0.0,0.349136,0.663728,0.2286,0.177376,0.204707,0.75624,0.602949,0.344629,0.026667,0.047333,3.961171
0.370381,0.0,20.445485,5.851803,3.908664,21.462941,4.973077,12.130251,16.124435,0.834429,5.624515,87.110072
0.48196,19.843832,0.0,23.509987,32.428227,74.869093,34.408312,52.866771,29.702061,3.704013,7.318211,73.722696
0.508131,8.125757,82.028795,0.0,10.342088,35.88512,29.154715,5.351597,20.566741,10.461859,12.617243,46.430805
0.535373,3.751269,30.411355,7.110819,0.0,7.314709,5.534867,20.625635,5.700195,1.122749,6.523789,9.829416
1.140763,51.279829,197.639067,20.148112,15.708752,0.0,20.554912,31.795709,51.560331,1.139629,15.204189,48.484475
1.021301,6.932379,39.293552,9.860445,4.620435,17.60628,0.0,10.1578,9.430187,0.772365,1.969117,9.632637
3.313771,23.099611,171.794853,21.300699,18.520621,35.377805,21.433459,0.0,97.035565,16.799307,29.887299,115.111587
2.307888,35.032549,74.564456,35.320733,13.487283,62.792893,24.167451,65.120093,0.0,6.859523,26.576149,223.226725
0.053333,0.666125,6.968403,5.517976,1.138405,5.471667,0.266499,43.435725,1.028672,0.0,55.894117,1.422555
0.131277,13.791443,38.539069,5.751597,3.389733,9.863477,5.53004,54.829149,12.642781,5.321952,0.0,13.657283
2.219541,157.87092,133.822613,50.256328,33.876019,77.075291,29.091296,111.689869,294.25416,3.70592,34.062629,0.0
