3497.118101
1.469029,1,2
0.08,1,5
0.487757,1,6
0.040421,1,9
8.764736,1,12
0.026667,2,3
0.026667,2,4
1.619621,2,5
53.395347,2,6
0.095392,2,9
0.274264,2,10
231.13404,2,12
40.340144,3,2
0.171464,3,4
0.658035,3,5
84.984245,3,6
21.0252,3,7
0.341744,3,8
61.122637,3,9
0.053333,3,10
198.279773,3,12
18.081549,4,2
90.544421,4,3
70.756136,4,5
46.904672,4,6
24.198573,4,7
32.729821,4,9
23.863693,4,10
0.08,4,11
46.308139,4,12
51.902435,5,2
2.776712,5,3
0.038173,5,4
0.053333,5,6
0.053333,5,7
0.026667,5,8
0.156941,5,9
137.052672,5,12
28.233547,6,2
178.898619,6,3
15.117573,6,4
3.666517,6,5
28.523037,6,7
0.411093,6,8
91.835573,6,9
0.217704,6,10
2.672328,6,11
135.410483,6,12
21.222229,7,2
40.893069,7,3
6.873533,7,4
16.266837,7,5
30.067779,7,6
15.982168,7,9
0.026667,7,10
21.644797,7,12
43.230291,8,2
8.089837,8,3
21.393416,8,4
218.440765,8,5
0.428037,8,6
1.049547,8,7
91.251717,8,9
32.17968,8,10
41.485611,8,11
115.936299,8,12
1.351675,9,2
0.434944,9,3
0.053333,9,4
3.193381,9,5
0.026667,9,6
0.114976,9,7
0.448723,9,8
0.260459,9,10
0.026667,9,11
703.401067,9,12
2.756115,10,2
0.232619,10,3
25.422485,10,4
6.981013,10,5
0.026667,10,6
0.920915,10,7
16.080355,10,8
13.835728,10,9
47.48536,10,11
6.995475,10,12
19.333283,11,2
2.735213,11,3
13.082499,11,4
74.145037,11,5
0.343384,11,6
6.666424,11,7
23.672539,11,8
17.980197,11,9
15.505624,11,10
24.542536,11,12
2.465325,12,2
1.316528,12,3
2.702824,12,5
0.25336,12,6
0.066133,12,7
0.217952,12,8
0.371544,12,9
0.302536,12,10
succeed
0.0,1.469029,0.0,0.0,0.08,0.487757,0.0,0.0,0.040421,0.0,0.0,8.764736
0.0,0.0,0.026667,0.026667,1.619621,53.395347,0.0,0.0,0.095392,0.274264,0.0,231.13404
0.0,40.340144,0.0,0.171464,0.658035,84.984245,21.0252,0.341744,61.122637,0.053333,0.0,198.279773
0.0,18.081549,90.544421,0.0,70.756136,46.904672,24.198573,0.0,32.729821,23.863693,0.08,46.308139
0.0,51.902435,2.776712,0.038173,0.0,0.053333,0.053333,0.026667,0.156941,0.0,0.0,137.052672
0.0,28.233547,178.898619,15.117573,3.666517,0.0,28.523037,0.411093,91.835573,0.217704,2.672328,135.410483
0.0,21.222229,40.893069,6.873533,16.266837,30.067779,0.0,0.0,15.982168,0.026667,0.0,21.644797
0.0,43.230291,8.089837,21.393416,218.440765,0.428037,1.049547,0.0,91.251717,32.17968,41.485611,115.936299
0.0,1.351675,0.434944,0.053333,3.193381,0.026667,0.114976,0.448723,0.0,0.260459,0.026667,703.401067
0.0,2.756115,0.232619,25.422485,6.981013,0.026667,0.920915,16.080355,13.835728,0.0,47.48536,6.995475
0.0,19.333283,2.735213,13.082499,74.145037,0.343384,6.666424,23.672539,17.980197,15.505624,0.0,24.542536
0.0,2.465325,1.316528,0.0,2.702824,0.25336,0.066133,0.217952,0.371544,0.302536,0.0,0.0
