1817.0827160000001
0.219376,1,2
0.053333,1,3
0.026667,1,4
0.570824,1,8
0.529864,1,9
0.682008,1,12
4.016037,2,1
4.514189,2,3
6.808493,2,4
10.489421,2,5
6.908096,2,6
0.659637,2,7
14.509904,2,8
5.144341,2,9
0.088019,2,10
7.945819,2,11
15.594661,2,12
0.425219,3,1
11.723643,3,2
12.24172,3,4
17.577525,3,5
16.793629,3,6
6.054765,3,7
27.949187,3,8
15.766507,3,9
0.376016,3,10
3.735765,3,11
18.922472,3,12
0.259627,4,1
5.602067,4,2
36.616811,4,3
12.474917,4,5
25.504989,4,6
23.777845,4,7
10.346688,4,8
11.802744,4,9
12.005477,4,10
15.655752,4,11
39.246312,4,12
1.672824,5,2
6.88244,5,3
2.459773,5,4
1.436603,5,6
0.918293,5,7
4.566432,5,8
2.991451,5,9
0.041429,5,10
1.963451,5,11
12.269731,5,12
0.026667,6,1
7.374709,6,2
39.835803,6,3
6.563989,6,4
24.404336,6,5
4.696837,6,7
10.221653,6,8
19.368096,6,9
0.357904,6,10
11.632123,6,11
11.678368,6,12
2.028584,7,2
10.753147,7,3
8.836144,7,4
2.5942,7,5
14.958907,7,6
4.056333,7,8
3.741496,7,9
2.646848,7,10
4.457685,7,11
9.958691,7,12
0.251107,8,1
9.877453,8,2
39.004003,8,3
11.915045,8,4
3.123243,8,5
20.976696,8,6
3.041533,8,7
27.637379,8,9
19.914405,8,10
28.499597,8,11
39.084421,8,12
2.087563,9,1
13.463557,9,2
31.817635,9,3
25.565893,9,4
9.716421,9,5
15.664389,9,6
6.658384,9,7
71.325605,9,8
1.118816,9,10
22.915525,9,11
46.30556,9,12
0.026667,10,2
1.386296,10,4
0.038165,10,5
0.306853,10,6
38.172957,10,8
0.314944,10,9
32.883776,10,11
0.053333,10,12
0.19524,11,1
11.002227,11,2
34.677272,11,3
2.836773,11,4
1.234115,11,5
5.369653,11,6
3.649963,11,7
15.138581,11,8
16.865389,11,9
3.428029,11,10
6.504408,11,12
3.053741,12,1
81.852224,12,2
75.300627,12,3
50.620035,12,4
25.826643,12,5
29.285139,12,6
10.374072,12,7
51.747643,12,8
176.811589,12,9
1.359051,12,10
47.787768,12,11
succeed
0.0,0.219376,0.053333,0.026667,0.0,0.0,0.0,0.570824,0.529864,0.0,0.0,0.682008
4.016037,0.0,4.514189,6.808493,10.489421,6.908096,0.659637,14.509904,5.144341,0.088019,7.945819,15.594661
0.425219,11.723643,0.0,12.24172,17.577525,16.793629,6.054765,27.949187,15.766507,0.376016,3.735765,18.922472
0.259627,5.602067,36.616811,0.0,12.474917,25.504989,23.777845,10.346688,11.802744,12.005477,15.655752,39.246312
0.0,1.672824,6.88244,2.459773,0.0,1.436603,0.918293,4.566432,2.991451,0.041429,1.963451,12.269731
0.026667,7.374709,39.835803,6.563989,24.404336,0.0,4.696837,10.221653,19.368096,0.357904,11.632123,11.678368
0.0,2.028584,10.753147,8.836144,2.5942,14.958907,0.0,4.056333,3.741496,2.646848,4.457685,9.958691
0.251107,9.877453,39.004003,11.915045,3.123243,20.976696,3.041533,0.0,27.637379,19.914405,28.499597,39.084421
2.087563,13.463557,31.817635,25.565893,9.716421,15.664389,6.658384,71.325605,0.0,1.118816,22.915525,46.30556
0.0,0.026667,0.0,1.386296,0.038165,0.306853,0.0,38.172957,0.314944,0.0,32.883776,0.053333
0.19524,11.002227,34.677272,2.836773,1.234115,5.369653,3.649963,15.138581,16.865389,3.428029,0.0,6.504408
3.053741,81.852224,75.300627,50.620035,25.826643,29.285139,10.374072,51.747643,176.811589,1.359051,47.787768,0.0
