2646.391857
0.026667,1,2
0.147859,1,3
0.026667,1,4
0.041568,1,5
0.026667,1,6
0.026667,1,7
0.581748,1,8
0.053333,1,9
0.014409,1,10
0.078605,1,11
1.131251,1,12
0.053333,2,1
24.327835,2,3
7.326747,2,4
0.709147,2,5
14.231032,2,6
1.697645,2,7
14.064588,2,8
7.141643,2,9
0.04678,2,10
6.810291,2,11
25.755755,2,12
0.045379,3,1
13.38752,3,2
16.432981,3,4
10.756157,3,5
30.982896,3,6
13.713675,3,7
82.929355,3,8
19.149843,3,9
1.056955,3,10
12.458989,3,11
31.484029,3,12
15.671045,4,2
47.79484,4,3
15.287253,4,5
32.764525,4,6
10.845717,4,7
36.903528,4,8
33.913344,4,9
10.423603,4,10
12.868472,4,11
35.585755,4,12
0.829571,5,1
12.243901,5,2
13.379245,5,3
1.255533,5,4
2.92396,5,6
1.297661,5,7
9.590208,5,8
4.519701,5,9
0.044651,5,10
1.399824,5,11
1.445211,5,12
0.026667,6,1
12.001435,6,2
62.157099,6,3
9.427176,6,4
0.861523,6,5
5.898152,6,7
45.365597,6,8
43.835768,6,9
0.796485,6,10
4.652459,6,11
5.079229,6,12
0.037021,7,1
1.033331,7,2
21.49904,7,3
6.275368,7,4
4.458525,7,5
9.727443,7,6
11.711773,7,8
3.942408,7,9
0.526141,7,10
1.286341,7,11
10.232304,7,12
1.045989,8,1
13.243112,8,2
109.087963,8,3
32.51308,8,4
11.567933,8,5
26.870163,8,6
9.679381,8,7
93.199296,8,9
8.321747,8,10
38.23464,8,11
112.644648,8,12
0.842181,9,1
19.435968,9,2
92.699685,9,3
28.495347,9,4
19.603179,9,5
46.531365,9,6
8.011603,9,7
101.036096,9,8
4.644923,9,10
44.630224,9,11
57.106205,9,12
0.145072,10,2
0.403267,10,3
13.478824,10,4
0.033643,10,5
1.146589,10,6
14.921336,10,7
32.922299,10,8
0.456189,10,9
42.705688,10,11
0.30076,10,12
7.758744,11,2
13.585003,11,3
3.045115,11,4
2.178952,11,5
5.662168,11,6
1.818557,11,7
40.578717,11,8
12.119333,11,9
3.444885,11,10
7.954416,11,12
5.682939,12,1
112.033749,12,2
78.264627,12,3
44.889315,12,4
19.843728,12,5
40.818232,12,6
16.235845,12,7
132.783493,12,8
147.314173,12,9
4.535539,12,10
61.349083,12,11
succeed
0.0,0.026667,0.147859,0.026667,0.041568,0.026667,0.026667,0.581748,0.053333,0.014409,0.078605,1.131251
0.053333,0.0,24.327835,7.326747,0.709147,14.231032,1.697645,14.064588,7.141643,0.04678,6.810291,25.755755
0.045379,13.38752,0.0,16.432981,10.756157,30.982896,13.713675,82.929355,19.149843,1.056955,12.458989,31.484029
0.0,15.671045,47.79484,0.0,15.287253,32.764525,10.845717,36.903528,33.913344,10.423603,12.868472,35.585755
0.829571,12.243901,13.379245,1.255533,0.0,2.92396,1.297661,9.590208,4.519701,0.044651,1.399824,1.445211
0.026667,12.001435,62.157099,9.427176,0.861523,0.0,5.898152,45.365597,43.835768,0.796485,4.652459,5.079229
0.037021,1.033331,21.49904,6.275368,4.458525,9.727443,0.0,11.711773,3.942408,0.526141,1.286341,10.232304
1.045989,13.243112,109.087963,32.51308,11.567933,26.870163,9.679381,0.0,93.199296,8.321747,38.23464,112.644648
0.842181,19.435968,92.699685,28.495347,19.603179,46.531365,8.011603,101.036096,0.0,4.644923,44.630224,57.106205
0.0,0.145072,0.403267,13.478824,0.033643,1.146589,14.921336,32.922299,0.456189,0.0,42.705688,0.30076
0.0,7.758744,13.585003,3.045115,2.178952,5.662168,1.818557,40.578717,12.119333,3.444885,0.0,7.954416
5.682939,112.033749,78.264627,44.889315,19.843728,40.818232,16.235845,132.783493,147.314173,4.535539,61.349083,0.0
