2040.021798
0.124003,1,2
0.106667,1,3
0.260016,1,5
0.106667,1,6
0.026667,1,7
0.039867,1,8
0.469792,1,9
0.217517,1,11
0.233896,1,12
3.395667,2,1
12.888768,2,3
3.049117,2,4
3.003624,2,5
24.014181,2,6
1.247187,2,7
12.621975,2,8
10.413781,2,9
0.367308,2,10
6.882179,2,11
53.081749,2,12
0.339709,3,1
15.861293,3,2
7.225755,3,4
11.701533,3,5
90.831253,3,6
10.91428,3,7
23.454005,3,8
26.723901,3,9
2.746648,3,10
15.320173,3,11
16.932149,3,12
0.206293,4,1
5.0418,4,2
31.138155,4,3
28.872339,4,5
16.957624,4,6
12.465173,4,7
7.433533,4,8
6.301347,4,9
9.503747,4,10
15.525203,4,11
29.196059,4,12
0.320789,5,1
6.291928,5,2
6.792099,5,3
1.232965,5,4
4.607523,5,6
1.029019,5,7
35.283771,5,8
2.073712,5,9
0.051717,5,10
4.182832,5,11
5.9434,5,12
0.159821,6,1
6.329747,6,2
68.539736,6,3
3.760923,6,4
2.692899,6,5
4.092309,6,7
7.058456,6,8
8.223435,6,9
0.245864,6,10
18.130992,6,11
11.323381,6,12
0.154685,7,1
5.190085,7,2
25.003171,7,3
7.626952,7,4
4.107251,7,5
24.414797,7,6
7.890461,7,8
7.971733,7,9
2.712941,7,10
5.957405,7,11
11.726968,7,12
0.044107,8,1
12.292355,8,2
65.014936,8,3
42.219968,8,4
12.243584,8,5
10.080933,8,6
3.230264,8,7
22.243891,8,9
15.295933,8,10
27.057443,8,11
50.44912,8,12
0.479693,9,1
15.939968,9,2
22.933304,9,3
15.326835,9,4
7.082256,9,5
21.732408,9,6
11.879101,9,7
65.739763,9,8
0.982035,9,10
12.718923,9,11
68.121747,9,12
0.086784,10,2
23.508259,10,4
0.026667,10,5
0.439765,10,6
12.616229,10,8
0.070755,10,9
24.74664,10,11
0.213451,10,12
0.791725,11,1
22.373669,11,2
43.623179,11,3
5.84292,11,4
7.342224,11,5
26.062536,11,6
14.865304,11,7
18.720267,11,8
12.902989,11,9
2.019405,11,10
30.930592,11,12
0.895325,12,1
67.89696,12,2
59.162589,12,3
37.594656,12,4
16.871123,12,5
40.099059,12,6
13.188179,12,7
60.356365,12,8
121.601128,12,9
2.699784,12,10
50.998336,12,11
succeed
0.0,0.124003,0.106667,0.0,0.260016,0.106667,0.026667,0.039867,0.469792,0.0,0.217517,0.233896
3.395667,0.0,12.888768,3.049117,3.003624,24.014181,1.247187,12.621975,10.413781,0.367308,6.882179,53.081749
0.339709,15.861293,0.0,7.225755,11.701533,90.831253,10.91428,23.454005,26.723901,2.746648,15.320173,16.932149
0.206293,5.0418,31.138155,0.0,28.872339,16.957624,12.465173,7.433533,6.301347,9.503747,15.525203,29.196059
0.320789,6.291928,6.792099,1.232965,0.0,4.607523,1.029019,35.283771,2.073712,0.051717,4.182832,5.9434
0.159821,6.329747,68.539736,3.760923,2.692899,0.0,4.092309,7.058456,8.223435,0.245864,18.130992,11.323381
0.154685,5.190085,25.003171,7.626952,4.107251,24.414797,0.0,7.890461,7.971733,2.712941,5.957405,11.726968
0.044107,12.292355,65.014936,42.219968,12.243584,10.080933,3.230264,0.0,22.243891,15.295933,27.057443,50.44912
0.479693,15.939968,22.933304,15.326835,7.082256,21.732408,11.879101,65.739763,0.0,0.982035,12.718923,68.121747
0.0,0.086784,0.0,23.508259,0.026667,0.439765,0.0,12.616229,0.070755,0.0,24.74664,0.213451
0.791725,22.373669,43.623179,5.84292,7.342224,26.062536,14.865304,18.720267,12.902989,2.019405,0.0,30.930592
0.895325,67.89696,59.162589,37.594656,16.871123,40.099059,13.188179,60.356365,121.601128,2.699784,50.998336,0.0
