2403.580454
0.915144,1,3
0.053333,1,4
0.032064,1,5
0.026667,1,6
0.21588,1,8
1.417701,1,9
0.457272,1,12
0.026667,2,1
9.848848,2,3
7.710336,2,4
1.44904,2,5
14.951739,2,6
0.836565,2,7
11.625825,2,8
8.437581,2,9
1.493244,2,10
4.483947,2,11
113.119211,2,12
0.944075,3,1
16.380883,3,2
24.939677,3,4
20.736925,3,5
25.858821,3,6
8.135235,3,7
41.271269,3,8
13.111584,3,9
1.290024,3,10
11.982995,3,11
19.399483,3,12
0.15088,4,1
7.953363,4,2
44.121728,4,3
29.251269,4,5
25.150035,4,6
25.481291,4,7
7.59864,4,8
21.120635,4,9
10.276293,4,10
9.045091,4,11
68.439589,4,12
1.69328,5,1
2.941736,5,2
30.615091,5,3
1.322445,5,4
2.911563,5,6
0.693899,5,7
15.44448,5,8
3.195712,5,9
0.743677,5,10
2.150912,5,11
1.697723,5,12
1.290784,6,1
15.814021,6,2
54.031005,6,3
13.795245,6,4
4.85796,6,5
5.943909,6,7
15.701837,6,8
12.075992,6,9
7.392363,6,10
9.79272,6,11
33.147461,6,12
0.13264,7,1
3.131093,7,2
19.056933,7,3
8.673667,7,4
2.313648,7,5
8.374523,7,6
9.22768,7,8
6.223136,7,9
1.078448,7,10
4.89276,7,11
5.128253,7,12
0.096909,8,1
12.168779,8,2
162.199432,8,3
8.654645,8,4
4.916667,8,5
31.876077,8,6
10.204872,8,7
41.534144,8,9
8.989907,8,10
16.150275,8,11
102.108536,8,12
1.022632,9,1
21.692816,9,2
31.690173,9,3
23.797549,9,4
9.123296,9,5
25.962432,9,6
7.646421,9,7
67.987075,9,8
10.658661,9,10
33.533285,9,11
50.163632,9,12
0.187043,10,2
2.178869,10,3
4.742813,10,4
0.404341,10,5
0.783051,10,6
0.405037,10,7
37.942317,10,8
0.923184,10,9
61.445136,10,11
0.365501,10,12
5.843963,11,2
28.282531,11,3
8.800232,11,4
1.005877,11,5
4.059109,11,6
7.329488,11,7
27.428531,11,8
12.161408,11,9
12.543915,11,10
8.364563,11,12
0.128576,12,1
149.346245,12,2
58.437296,12,3
57.321181,12,4
2.981187,12,5
41.688288,12,6
14.767411,12,7
97.432213,12,8
122.68996,12,9
0.91084,12,10
35.274688,12,11
succeed
0.0,0.0,0.915144,0.053333,0.032064,0.026667,0.0,0.21588,1.417701,0.0,0.0,0.457272
0.026667,0.0,9.848848,7.710336,1.44904,14.951739,0.836565,11.625825,8.437581,1.493244,4.483947,113.119211
0.944075,16.380883,0.0,24.939677,20.736925,25.858821,8.135235,41.271269,13.111584,1.290024,11.982995,19.399483
0.15088,7.953363,44.121728,0.0,29.251269,25.150035,25.481291,7.59864,21.120635,10.276293,9.045091,68.439589
1.69328,2.941736,30.615091,1.322445,0.0,2.911563,0.693899,15.44448,3.195712,0.743677,2.150912,1.697723
1.290784,15.814021,54.031005,13.795245,4.85796,0.0,5.943909,15.701837,12.075992,7.392363,9.79272,33.147461
0.13264,3.131093,19.056933,8.673667,2.313648,8.374523,0.0,9.22768,6.223136,1.078448,4.89276,5.128253
0.096909,12.168779,162.199432,8.654645,4.916667,31.876077,10.204872,0.0,41.534144,8.989907,16.150275,102.108536
1.022632,21.692816,31.690173,23.797549,9.123296,25.962432,7.646421,67.987075,0.0,10.658661,33.533285,50.163632
0.0,0.187043,2.178869,4.742813,0.404341,0.783051,0.405037,37.942317,0.923184,0.0,61.445136,0.365501
0.0,5.843963,28.282531,8.800232,1.005877,4.059109,7.329488,27.428531,12.161408,12.543915,0.0,8.364563
0.128576,149.346245,58.437296,57.321181,2.981187,41.688288,14.767411,97.432213,122.68996,0.91084,35.274688,0.0
