2428.1501200000002
0.026667,1,2
0.379195,1,3
0.026667,1,4
0.053333,1,5
0.116997,1,6
0.071008,1,7
0.774763,1,8
1.139603,1,9
0.027221,1,11
0.291435,1,12
0.056445,2,1
4.96116,2,3
4.780309,2,4
0.591227,2,5
14.897549,2,6
1.834496,2,7
17.844335,2,8
11.889037,2,9
0.250252,2,10
3.224605,2,11
46.480917,2,12
1.025352,3,1
11.264091,3,2
29.523232,3,4
30.761952,3,5
46.649888,3,6
10.969976,3,7
45.206552,3,8
16.156941,3,9
3.684464,3,10
10.859741,3,11
30.762907,3,12
0.156896,4,1
6.551272,4,2
55.718059,4,3
23.927941,4,5
27.034181,4,6
23.102899,4,7
18.327365,4,8
22.060067,4,9
10.715267,4,10
7.374027,4,11
71.990069,4,12
0.370768,5,1
1.187051,5,2
19.977512,5,3
2.358491,5,4
6.981968,5,6
1.065037,5,7
98.613389,5,8
3.114341,5,9
1.201827,5,10
2.274115,5,11
2.969528,5,12
0.08,6,1
9.705168,6,2
65.807544,6,3
22.232379,6,4
8.860915,6,5
6.178507,6,7
17.140995,6,8
9.328443,6,9
7.283853,6,10
6.489291,6,11
20.686941,6,12
2.441277,7,1
2.876667,7,2
24.403248,7,3
9.660115,7,4
3.363931,7,5
11.705043,7,6
9.243749,7,8
4.744144,7,9
0.766136,7,10
2.779179,7,11
7.352949,7,12
0.264155,8,1
12.614595,8,2
157.084525,8,3
5.975163,8,4
9.370088,8,5
28.21844,8,6
11.686043,8,7
43.421741,8,9
8.898349,8,10
20.966544,8,11
58.967512,8,12
1.098181,9,1
27.910787,9,2
29.82548,9,3
27.688317,9,4
10.222773,9,5
29.579659,9,6
7.785531,9,7
78.363152,9,8
11.688952,9,10
22.284216,9,11
51.493853,9,12
0.106667,10,2
2.341931,10,3
8.184829,10,4
0.205109,10,5
1.220976,10,6
0.321955,10,7
30.514755,10,8
1.059755,10,9
56.783928,10,11
0.298501,10,12
0.026667,11,1
5.350544,11,2
28.592269,11,3
8.638309,11,4
2.218669,11,5
4.556603,11,6
6.13992,11,7
23.712267,11,8
9.75636,11,9
5.461269,11,10
5.607579,11,12
0.386912,12,1
116.812283,12,2
48.313957,12,3
50.40816,12,4
11.495477,12,5
41.499499,12,6
11.54288,12,7
112.876677,12,8
130.246448,12,9
7.292731,12,10
33.983317,12,11
succeed
0.0,0.026667,0.379195,0.026667,0.053333,0.116997,0.071008,0.774763,1.139603,0.0,0.027221,0.291435
0.056445,0.0,4.96116,4.780309,0.591227,14.897549,1.834496,17.844335,11.889037,0.250252,3.224605,46.480917
1.025352,11.264091,0.0,29.523232,30.761952,46.649888,10.969976,45.206552,16.156941,3.684464,10.859741,30.762907
0.156896,6.551272,55.718059,0.0,23.927941,27.034181,23.102899,18.327365,22.060067,10.715267,7.374027,71.990069
0.370768,1.187051,19.977512,2.358491,0.0,6.981968,1.065037,98.613389,3.114341,1.201827,2.274115,2.969528
0.08,9.705168,65.807544,22.232379,8.860915,0.0,6.178507,17.140995,9.328443,7.283853,6.489291,20.686941
2.441277,2.876667,24.403248,9.660115,3.363931,11.705043,0.0,9.243749,4.744144,0.766136,2.779179,7.352949
0.264155,12.614595,157.084525,5.975163,9.370088,28.21844,11.686043,0.0,43.421741,8.898349,20.966544,58.967512
1.098181,27.910787,29.82548,27.688317,10.222773,29.579659,7.785531,78.363152,0.0,11.688952,22.284216,51.493853
0.0,0.106667,2.341931,8.184829,0.205109,1.220976,0.321955,30.514755,1.059755,0.0,56.783928,0.298501
0.026667,5.350544,28.592269,8.638309,2.218669,4.556603,6.13992,23.712267,9.75636,5.461269,0.0,5.607579
0.386912,116.812283,48.313957,50.40816,11.495477,41.499499,11.54288,112.876677,130.246448,7.292731,33.983317,0.0
