1865.537988
0.026667,1,2
0.354027,1,3
0.026667,1,4
0.026667,1,5
0.089515,1,7
0.492379,1,8
0.167192,1,12
0.026667,2,1
3.514971,2,3
11.513419,2,4
0.594245,2,5
18.912445,2,6
5.044976,2,7
10.345891,2,8
16.534267,2,9
0.013333,2,10
2.877563,2,11
18.941003,2,12
0.184621,3,1
24.019189,3,2
13.390371,3,4
3.702965,3,5
21.937925,3,6
2.607213,3,7
34.699024,3,8
8.069067,3,9
1.072219,3,10
2.848549,3,11
29.644067,3,12
0.038027,4,1
5.682555,4,2
31.782043,4,3
19.746059,4,5
18.525597,4,6
9.363944,4,7
8.96788,4,8
8.110349,4,9
4.222581,4,10
6.363757,4,11
32.274211,4,12
0.906923,5,1
19.529437,5,2
15.174432,5,3
1.372611,5,4
0.549435,5,6
0.676653,5,7
4.343973,5,8
4.164944,5,9
0.712579,5,11
2.031235,5,12
0.026667,6,1
10.25572,6,2
48.952576,6,3
3.655477,6,4
13.4158,6,5
4.527144,6,7
16.671581,6,8
31.905685,6,9
0.070485,6,10
9.277144,6,11
14.108064,6,12
0.026667,7,1
0.933344,7,2
17.053477,7,3
6.450435,7,4
2.182248,7,5
21.831643,7,6
4.396243,7,8
2.090883,7,9
4.332024,7,11
8.486547,7,12
0.053333,8,1
22.617192,8,2
63.268371,8,3
20.083693,8,4
11.331147,8,5
38.500664,8,6
3.007571,8,7
55.241245,8,9
8.941357,8,10
23.576573,8,11
105.640323,8,12
0.23344,9,1
22.469547,9,2
30.032795,9,3
31.37196,9,4
3.367813,9,5
24.301411,9,6
6.870523,9,7
44.264776,9,8
0.176997,9,10
15.959459,9,11
68.312744,9,12
0.053333,10,2
1.487611,10,3
0.283445,10,4
0.033536,10,5
0.353131,10,6
0.056533,10,7
26.632963,10,8
0.214805,10,9
22.621803,10,11
0.0752,10,12
0.026667,11,1
6.620747,11,2
22.733557,11,3
1.913643,11,4
2.419587,11,5
3.770877,11,6
0.917259,11,7
12.859589,11,8
5.811147,11,9
2.04824,11,10
7.791285,11,12
0.952771,12,1
106.123059,12,2
57.045803,12,3
70.823291,12,4
17.053336,12,5
25.685528,12,6
10.983963,12,7
105.311933,12,8
85.626197,12,9
1.318147,12,10
19.399885,12,11
succeed
0.0,0.026667,0.354027,0.026667,0.026667,0.0,0.089515,0.492379,0.0,0.0,0.0,0.167192
0.026667,0.0,3.514971,11.513419,0.594245,18.912445,5.044976,10.345891,16.534267,0.013333,2.877563,18.941003
0.184621,24.019189,0.0,13.390371,3.702965,21.937925,2.607213,34.699024,8.069067,1.072219,2.848549,29.644067
0.038027,5.682555,31.782043,0.0,19.746059,18.525597,9.363944,8.96788,8.110349,4.222581,6.363757,32.274211
0.906923,19.529437,15.174432,1.372611,0.0,0.549435,0.676653,4.343973,4.164944,0.0,0.712579,2.031235
0.026667,10.25572,48.952576,3.655477,13.4158,0.0,4.527144,16.671581,31.905685,0.070485,9.277144,14.108064
0.026667,0.933344,17.053477,6.450435,2.182248,21.831643,0.0,4.396243,2.090883,0.0,4.332024,8.486547
0.053333,22.617192,63.268371,20.083693,11.331147,38.500664,3.007571,0.0,55.241245,8.941357,23.576573,105.640323
0.23344,22.469547,30.032795,31.37196,3.367813,24.301411,6.870523,44.264776,0.0,0.176997,15.959459,68.312744
0.0,0.053333,1.487611,0.283445,0.033536,0.353131,0.056533,26.632963,0.214805,0.0,22.621803,0.0752
0.026667,6.620747,22.733557,1.913643,2.419587,3.770877,0.917259,12.859589,5.811147,2.04824,0.0,7.791285
0.952771,106.123059,57.045803,70.823291,17.053336,25.685528,10.983963,105.311933,85.626197,1.318147,19.399885,0.0
