2112.492063
0.026667,1,2
0.60364,1,3
0.053333,1,5
0.093355,1,6
0.300651,1,8
0.098704,1,9
0.425597,1,11
1.948405,1,12
15.789971,2,3
4.398427,2,4
13.80164,2,5
14.877872,2,6
0.322805,2,7
11.07012,2,8
15.711835,2,9
0.0328,2,10
3.499093,2,11
38.242371,2,12
0.249611,3,1
9.172432,3,2
9.539584,3,4
4.382291,3,5
24.178803,3,6
2.820677,3,7
33.494285,3,8
16.836597,3,9
1.01148,3,10
13.617651,3,11
18.864413,3,12
0.295573,4,1
7.938837,4,2
58.703656,4,3
19.116776,4,5
31.925013,4,6
29.024861,4,7
10.03784,4,8
10.101453,4,9
19.495059,4,10
25.592208,4,11
30.582955,4,12
0.103328,5,1
2.558352,5,2
104.486997,5,3
2.670187,5,4
2.655203,5,6
0.856013,5,7
5.418115,5,8
6.018171,5,9
0.0792,5,10
1.389144,5,11
10.080739,5,12
2.453659,6,1
12.510728,6,2
72.872472,6,3
4.628187,6,4
0.366147,6,5
4.308387,6,7
36.645317,6,8
16.949675,6,9
2.167453,6,10
6.972429,6,11
12.122051,6,12
0.026667,7,1
1.698901,7,2
18.309429,7,3
14.748336,7,4
7.688101,7,5
9.775555,7,6
7.217552,7,8
5.077931,7,9
2.069507,7,10
3.934515,7,11
4.550011,7,12
0.293304,8,1
7.147325,8,2
121.161197,8,3
11.659608,8,4
6.073893,8,5
19.551907,8,6
3.625549,8,7
28.399549,8,9
16.685061,8,10
26.636315,8,11
19.247963,8,12
0.33948,9,1
14.682408,9,2
16.212725,9,3
25.465413,9,4
5.29268,9,5
11.92664,9,6
3.941419,9,7
71.203344,9,8
1.6154,9,10
18.309184,9,11
55.431179,9,12
0.106667,10,2
0.130728,10,3
2.546275,10,4
0.237277,10,6
35.615843,10,8
0.207211,10,9
31.893085,10,11
0.026667,10,12
0.110341,11,1
6.874443,11,2
21.244747,11,3
3.705291,11,4
0.6564,11,5
3.841219,11,6
0.680584,11,7
25.615931,11,8
9.387907,11,9
2.764112,11,10
4.218584,11,12
0.079635,12,1
115.633672,12,2
68.721461,12,3
59.880115,12,4
11.37856,12,5
32.640944,12,6
10.882048,12,7
85.485941,12,8
154.075904,12,9
2.689413,12,10
54.571715,12,11
succeed
0.0,0.026667,0.60364,0.0,0.053333,0.093355,0.0,0.300651,0.098704,0.0,0.425597,1.948405
0.0,0.0,15.789971,4.398427,13.80164,14.877872,0.322805,11.07012,15.711835,0.0328,3.499093,38.242371
0.249611,9.172432,0.0,9.539584,4.382291,24.178803,2.820677,33.494285,16.836597,1.01148,13.617651,18.864413
0.295573,7.938837,58.703656,0.0,19.116776,31.925013,29.024861,10.03784,10.101453,19.495059,25.592208,30.582955
0.103328,2.558352,104.486997,2.670187,0.0,2.655203,0.856013,5.418115,6.018171,0.0792,1.389144,10.080739
2.453659,12.510728,72.872472,4.628187,0.366147,0.0,4.308387,36.645317,16.949675,2.167453,6.972429,12.122051
0.026667,1.698901,18.309429,14.748336,7.688101,9.775555,0.0,7.217552,5.077931,2.069507,3.934515,4.550011
0.293304,7.147325,121.161197,11.659608,6.073893,19.551907,3.625549,0.0,28.399549,16.685061,26.636315,19.247963
0.33948,14.682408,16.212725,25.465413,5.29268,11.92664,3.941419,71.203344,0.0,1.6154,18.309184,55.431179
0.0,0.106667,0.130728,2.546275,0.0,0.237277,0.0,35.615843,0.207211,0.0,31.893085,0.026667
0.110341,6.874443,21.244747,3.705291,0.6564,3.841219,0.680584,25.615931,9.387907,2.764112,0.0,4.218584
0.079635,115.633672,68.721461,59.880115,11.37856,32.640944,10.882048,85.485941,154.075904,2.689413,54.571715,0.0
