2541.719276
0.026667,1,2
0.713821,1,3
0.026667,1,5
0.026667,1,7
0.092483,1,8
0.053333,1,9
1.953267,1,12
0.062053,2,1
10.124491,2,3
5.175813,2,4
34.686083,2,5
11.681603,2,6
0.425056,2,7
14.318205,2,8
5.854773,2,9
0.212813,2,10
6.477901,2,11
38.720424,2,12
0.308107,3,1
3.907883,3,2
15.205395,3,4
9.147587,3,5
31.356651,3,6
11.883555,3,7
85.753357,3,8
63.492928,3,9
1.980653,3,10
7.987595,3,11
45.245291,3,12
0.04496,4,1
1.626669,4,2
51.331749,4,3
16.057189,4,5
28.99148,4,6
13.884965,4,7
14.214059,4,8
13.344141,4,9
12.529789,4,10
14.455643,4,11
31.601416,4,12
0.855189,5,1
5.79472,5,2
17.909123,5,3
0.743448,5,4
0.910923,5,6
0.874307,5,7
6.071336,5,8
5.514269,5,9
3.768989,5,11
6.963613,5,12
0.026667,6,1
33.234323,6,2
78.929643,6,3
5.827992,6,4
0.741285,6,5
2.651512,6,7
38.148915,6,8
29.801667,6,9
0.333229,6,10
10.460147,6,11
8.968995,6,12
0.662011,7,2
14.505963,7,3
4.597488,7,4
2.626691,7,5
10.156776,7,6
7.203621,7,8
5.926056,7,9
0.053333,7,10
2.795792,7,11
10.434323,7,12
0.58176,8,1
16.566947,8,2
118.795171,8,3
25.157648,8,4
6.581259,8,5
23.714811,8,6
6.237976,8,7
97.372765,8,9
11.589181,8,10
56.409003,8,11
85.292309,8,12
0.529613,9,1
30.667589,9,2
59.520589,9,3
29.727968,9,4
13.582355,9,5
38.253075,9,6
12.099832,9,7
120.556323,9,8
2.934133,9,10
41.329256,9,11
68.699624,9,12
11.072923,10,2
0.551131,10,3
5.990971,10,4
0.026667,10,5
5.119499,10,6
35.219965,10,8
0.314816,10,9
32.291667,10,11
0.074176,11,1
6.915547,11,2
17.939261,11,3
3.542389,11,4
4.2206,11,5
8.359651,11,6
2.946973,11,7
26.158408,11,8
14.473288,11,9
2.761405,11,10
7.364533,11,12
0.053333,12,1
106.78612,12,2
68.393971,12,3
40.962555,12,4
19.562459,12,5
25.553963,12,6
12.928357,12,7
113.929128,12,8
117.164765,12,9
1.2796,12,10
61.08644,12,11
succeed
0.0,0.026667,0.713821,0.0,0.026667,0.0,0.026667,0.092483,0.053333,0.0,0.0,1.953267
0.062053,0.0,10.124491,5.175813,34.686083,11.681603,0.425056,14.318205,5.854773,0.212813,6.477901,38.720424
0.308107,3.907883,0.0,15.205395,9.147587,31.356651,11.883555,85.753357,63.492928,1.980653,7.987595,45.245291
0.04496,1.626669,51.331749,0.0,16.057189,28.99148,13.884965,14.214059,13.344141,12.529789,14.455643,31.601416
0.855189,5.79472,17.909123,0.743448,0.0,0.910923,0.874307,6.071336,5.514269,0.0,3.768989,6.963613
0.026667,33.234323,78.929643,5.827992,0.741285,0.0,2.651512,38.148915,29.801667,0.333229,10.460147,8.968995
0.0,0.662011,14.505963,4.597488,2.626691,10.156776,0.0,7.203621,5.926056,0.053333,2.795792,10.434323
0.58176,16.566947,118.795171,25.157648,6.581259,23.714811,6.237976,0.0,97.372765,11.589181,56.409003,85.292309
0.529613,30.667589,59.520589,29.727968,13.582355,38.253075,12.099832,120.556323,0.0,2.934133,41.329256,68.699624
0.0,11.072923,0.551131,5.990971,0.026667,5.119499,0.0,35.219965,0.314816,0.0,32.291667,0.0
0.074176,6.915547,17.939261,3.542389,4.2206,8.359651,2.946973,26.158408,14.473288,2.761405,0.0,7.364533
0.053333,106.78612,68.393971,40.962555,19.562459,25.553963,12.928357,113.929128,117.164765,1.2796,61.08644,0.0
